-0.37825,1.8451,-0.71971,-0.13996,1.9143,3.2794,3.3375,2.7851,1
1.6532,3.2805,6.8084,0.10798,4.6159,4.4146,-1.1129,6.4177,2
2.9329,1.3111,3.5145,-7.3078,2.708,10.544,-0.28264,5.9609,2
1.5242,3.5116,2.2823,5.0719,2.9515,6.1698,4.1724,4.5172,2
2.5435,2.1099,5.6876,4.247,5.0362,5.9431,-2.0242,5.3377,2
-2.2187,-2.1205,-1.1165,-1.0827,-0.18958,-2.0491,1.0536,4.8076,3
2.1626,1.1749,5.8484,3.7465,5.5993,2.6027,-2.2688,3.1032,2
-0.73508,0.74282,5.0333,3.2761,6.0064,10.244,2.0937,6.8846,2
3.0897,3.4259,-1.6111,0.91051,0.55036,-0.86551,4.7268,-1.4314,1
-1.223,-1.3592,0.9316,1.7123,-0.50152,3.0043,2.4444,3.4336,1
0.8306,1.9453,-1.7013,-0.011618,0.0959,-0.008963,-2.7113,1.3496,1
0.14389,-1.3782,-0.44703,-0.21999,6.375,-0.15315,-2.0256,-0.27694,3
2.0765,-1.5406,4.9102,0.64085,6.4389,8.3952,-1.069,5.8273,2
-0.6737,-1.2784,-1.4016,-0.55332,0.78725,-3.6251,-0.14883,3.077,3
-2.4495,-2.2898,-1.3771,0.33674,0.82502,-2.2543,2.5095,0.8104,1
-2.8187,-0.40533,0.9694,-1.0494,2.598,0.18503,9.479,-1.1624,3
2.398,0.77533,2.0087,-4.6557,5.3285,7.4125,2.6379,2.208,2
2.0132,2.178,2.1598,4.2264,3.8799,9.6144,-0.65105,7.2162,2
1.8485,2.2606,2.7118,2.7264,6.8601,9.8661,-9.1653,4.2824,2
-2.4805,7.0605,1.4908,5.3842,0.4741,1.5674,-1.4614,4.2349,3
2.0863,-2.4347,0.4883,1.24,-1.5838,3.875,-2.5485,-0.96647,3
1.8096,1.0167,0.6121,0.75627,0.81951,1.5039,2.607,-0.50303,3
-0.56524,3.253,0.27058,8.542,-0.43358,-1.8709,4.0168,-1.7017,1
3.3834,2.3253,1.9411,1.0509,7.7931,3.0302,3.9466,4.4588,2
-0.052827,-1.1048,7.7103,1.5776,7.2868,6.6304,4.6679,6.1833,2
-2.445,2.9647,0.76163,-0.85745,2.8403,-0.76896,4.2549,-0.056242,3
1.018,2.2723,7.2815,3.1376,5.3644,6.8212,1.4303,6.0868,2
0.9103,3.7447,4.8023,-4.3995,6.8837,2.2455,-1.1148,6.3494,2
-2.3999,-2.3816,2.3712,2.2599,2.2766,-1.265,-0.25336,3.1182,1
1.583,-2.461,-1.0162,-1.3201,3.0614,2.8599,0.57017,-0.68353,3
2.3829,1.0553,5.9702,-5.3095,5.0694,8.7899,-0.31094,5.0616,2
-0.095286,-1.4273,-1.2425,0.69897,0.29929,-3.1586,0.20872,1.2363,3
2.6958,-1.1265,3.8045,-0.68421,-0.71552,0.85237,5.6587,0.86054,3
0.33913,2.6027,6.9315,2.4153,1.7718,7.3911,0.40998,5.3436,2
0.35897,-0.24985,1.1005,-0.92198,3.7598,-3.6189,3.2854,-0.62257,3
1.7727,1.1271,4.8476,-9.7616,5.8339,10.18,2.3501,5.3179,2
-1.6103,-2.3966,-1.4352,0.30487,0.080977,0.37179,2.409,-1.6143,3
5.2482,-1.2072,-0.63042,1.7394,2.6522,-1.718,-3.0535,2.2431,1
3.2921,2.9264,0.36188,1.5898,5.3697,-1.7577,1.7283,1.5416,1
2.9559,2.0435,-0.095694,2.1659,1.6759,-2.1288,-0.71004,-0.33989,1
1.6893,0.42257,7.6665,-6.9982,2.4954,8.8837,3.0245,7.6129,2
1.8789,0.65939,5.281,1.8775,7.333,1.5836,3.1495,0.75168,2
2.1396,1.2359,-1.2976,5.3373,5.7604,8.1962,-1.9038,5.2651,2
3.8106,1.7328,4.0995,4.355,6.3187,7.2595,3.4379,-2.3173,2
-3.1502,-0.537,5.6757,4.116,4.7381,3.628,0.21804,5.3211,2
-1.943,-0.51415,7.7373,-3.2569,3.2239,5.1967,1.7849,6.8816,2
1.1702,-0.62028,1.097,-0.77067,-1.2471,-0.12275,0.68557,2.3096,1
-0.79617,3.0548,0.84178,6.5025,0.7793,-3.716,-1.4872,1.1231,1
-2.9334,-0.71048,1.4203,-0.35307,6.1778,0.37523,3.3709,1.0297,3
1.5002,1.9431,1.4994,-0.55193,4.0673,1.8496,1.2614,7.0536,2
-1.336,0.99606,1.3461,0.83519,4.7505,2.9141,4.3254,5.431,2
0.57288,-1.4944,2.5548,-0.434,1.9525,-4.0238,7.0359,0.98254,1
3.364,-2.5443,-0.45543,-0.74423,0.4632,-0.161,4.0613,5.1138,3
2.8347,-4.5935,3.8092,3.8483,7.0526,8.1011,1.8799,4.6755,2
3.1379,-1.3679,-1.0282,-0.38146,-0.074089,-2.7088,1.7999,2.0085,3
-1.7981,-1.6931,-0.49995,3.6391,-1.812,0.39721,-2.3219,6.6046,1
-2.0494,3.0958,1.7827,1.3991,3.5152,0.92746,3.3212,3.1026,3
-0.67411,-1.507,-1.151,0.76396,4.8094,1.408,0.78875,3.5603,3
0.14408,2.9463,5.7701,0.48132,0.15371,-0.93398,-0.33096,3.5742,3
0.34102,-0.88415,1.8034,2.9516,-0.48843,2.207,-1.9104,0.81102,3
-0.59996,-1.9541,-0.95702,1.1411,-0.76907,6.5035,-1.5102,2.8727,1
3.4772,3.2712,6.7915,4.9378,5.9909,6.9543,1.237,1.0929,2
-1.1582,-1.2831,-0.083064,-0.37749,-0.71173,-2.4322,1.207,-0.80557,1
3.8019,0.27504,-0.3549,-1.0573,3.1315,7.4404,-0.97419,0.98409,1
-0.053156,-1.4644,1.5538,2.6067,2.8358,2.9195,1.6176,2.8403,1
-2.247,3.2409,4.9862,3.3549,5.3718,1.2855,3.4829,4.6639,2
0.092944,0.84758,7.7648,2.5188,5.3035,-4.7992,4.7126,7.34,2
0.77439,-5.9588,5.7274,-5.0649,4.4759,8.8938,0.57565,5.8309,2
0.44956,-1.8806,-1.1633,0.62087,3.0064,1.3812,0.71741,1.1769,1
-0.25279,-2.2115,2.4888,3.921,1.5847,-2.7969,0.63848,3.1141,3
1.6897,-0.57661,0.1492,0.95403,-0.13606,5.3567,-3.958,-1.6296,1
0.13233,1.104,6.6777,-3.73,5.9024,8.2241,2.4008,4.7188,2
1.3827,1.8133,-1.3875,1.3828,8.5436,-0.31174,-3.7698,1.8305,1
-1.6206,-1.2523,4.9123,-1.1753,1.4896,-3.0793,-0.25029,-1.296,1
3.1019,2.725,7.6772,-4.0553,7.5764,4.9007,1.8902,7.3398,2
-2.4265,-2.4862,1.5781,-0.060602,2.2906,1.1831,-1.3565,1.0819,1
0.45614,-3.6875,2.8751,1.3937,5.7342,7.9924,1.2513,0.75516,2
-2.4444,-0.25835,1.4661,4.6407,-1.349,9.7314,8.864,2.6507,3
-3.4048,0.34626,3.879,-11.646,6.6154,9.5105,1.8908,5.4779,2
-1.4279,-2.483,0.745,0.43933,4.21,-2.9628,10.125,0.15894,1
-2.2713,-1.5611,0.000944,0.57313,0.78945,2.1326,2.2695,2.4026,3
-0.52219,-1.788,3.0542,-0.96092,0.76746,-2.8576,-3.3542,-1.5827,3
1.1168,0.76977,0.17728,3.2434,3.2576,6.5276,-1.8,-1.1281,3
0.8303,1.062,6.2172,3.9158,5.027,5.4598,-1.8096,6.3104,2
-2.6685,-0.34879,1.1594,-0.73738,1.7111,6.975,1.7344,-1.0914,3
0.86876,-1.2305,-0.78564,-1.5125,0.79846,-2.449,4.9239,1.6912,3
3.6224,-0.26583,0.63236,6.2886,0.21099,2.6452,0.52706,2.1465,1
3.5451,-2.2943,-0.73049,2.8661,7.0567,4.3236,-4.3688,2.2985,2
1.0771,1.8398,6.8036,4.4849,5.0632,3.052,-0.76035,2.9672,2
-0.59984,0.40227,5.2248,0.99777,0.14221,-2.6192,-2.5483,-1.7743,3
0.55457,-1.0794,6.6891,1.7897,2.9823,7.4606,0.53799,3.8071,2
1.9051,-0.9213,-1.3619,-1.9114,-0.25615,-3.8072,-2.8497,-2.0256,1
1.048,1.8061,-0.10392,2.7558,-0.97492,-0.55666,0.29578,4.4376,3
-2.5115,-2.254,-0.79522,1.0409,3.5763,13.217,1.5925,-1.6849,3
-0.36513,-0.007142,-0.3951,0.83577,0.37697,4.2579,10.092,8.0506,3
-2.2503,1.1723,-0.16197,1.3954,0.10848,6.0858,-3.8425,-0.78786,1
1.0169,-1.6078,3.3217,1.045,1.2331,-2.007,-1.2443,-0.40018,1
0.77104,0.19253,6.4539,3.3849,3.1371,6.6232,2.6175,5.1382,2
-2.7766,3.8077,1.1774,1.9412,-0.14287,-0.050004,1.3363,-1.2562,1
1.9398,-0.35951,-1.0171,2.5281,1.3195,15.173,-3.4847,2.0436,1
-1.6328,1.517,7.451,4.0468,2.3757,5.2827,2.7025,5.6083,2
-0.7377,-2.58,-1.3121,0.68539,1.3826,3.0057,-4.0808,-0.58673,3
1.2517,-0.56368,5.7528,6.6938,5.2436,10.828,-7.537,6.1735,2
-2.3442,2.2877,4.8029,0.3592,2.1769,4.3632,-3.2716,0.89314,1
-1.9649,3.7202,-0.16741,-1.742,-1.1638,-0.70459,-3.0593,0.4541,3
-0.71659,-2.6413,0.006319,-0.065679,-1.0694,0.70954,-2.5485,-1.4958,1
-0.97188,4.7672,1.5412,4.0632,-0.50201,5.1516,0.29925,-0.19069,1
0.9954,-2.1338,3.0975,3.1401,-0.92135,-1.7679,-2.0507,1.1092,1
-1.4737,-1.5965,-0.073058,3.5261,1.0415,-0.75294,7.5459,0.89607,1
-1.6456,1.01,-1.1934,0.51376,0.45943,-3.3223,-0.33243,1.0974,3
-2.6097,-3.5443,3.0952,3.3708,2.8766,7.5974,3.0326,2.9389,2
-1.1931,2.3377,2.3936,0.885,2.4873,-3.2426,2.0461,2.6938,3
2.2657,-0.24979,-0.76525,-1.6611,0.09726,5.2914,-4.8076,4.5562,3
-1.8858,-0.12552,3.4247,1.2908,-0.68653,4.5287,-1.9871,2.047,1
2.0929,0.24444,-0.93546,-0.36024,-1.2672,-0.068593,-2.8473,-1.5498,1
-0.88211,-1.6099,4.9337,-0.29067,2.4212,1.6982,1.7065,-1.8584,3
-2.2027,-0.47094,-0.43205,-1.9721,-0.71241,10.274,-0.02627,3.2964,1
-1.2192,1.6734,0.51927,1.9516,-0.93168,-3.5892,-3.4845,-0.73464,1
0.30815,0.96164,0.26229,-0.54332,-1.8593,-2.5324,-2.6889,2.2276,1
3.4266,-2.0412,5.6521,3.2231,7.7915,4.0876,2.3291,0.049796,2
1.1149,-1.501,-0.75884,0.29832,2.8292,-0.18845,-0.29774,-0.97254,3
-0.47986,2.3388,4.2754,2.6618,0.19474,7.3946,-0.99697,-0.26637,1
-1.6085,5.4642,0.38457,1.9829,3.0296,0.91772,-0.54534,-0.36718,1
-0.64501,-1.0015,6.7056,2.3616,4.2128,5.5329,3.2779,5.7574,2
-2.2488,-1.0799,0.012491,0.72661,0.33081,1.2292,4.889,4.8406,1
-1.1784,-2.3324,3.2854,2.0156,7.5948,7.5173,0.34679,2.915,2
-0.18872,4.9393,0.92215,2.7786,0.30069,1.8263,9.2294,0.68318,1
4.2409,0.22495,-0.96929,3.7449,1.295,2.4974,6.1535,-0.071157,3
-0.049086,0.59358,4.5071,5.8508,6.7884,1.408,-0.19858,7.5259,2
1.3029,1.1784,3.4054,2.6034,0.75184,0.96885,-3.265,-1.3655,1
0.32615,0.60424,0.96318,-0.019873,-1.5149,-2.9884,0.4167,0.96309,3
3.6082,3.3204,1.7936,-0.5594,6.5349,1.4223,0.66896,7.7288,2
-1.9899,-1.148,3.6442,0.020727,0.50171,-3.0011,-2.1553,0.091555,1
0.8162,-0.22264,6.5302,1.8,7.1895,7.7422,0.78458,3.4533,2
1.2286,-2.3771,-0.60039,2.0514,-1.7982,3.6434,9.8561,2.6628,1
3.0901,3.6071,5.1995,0.82556,6.1877,1.6822,3.8356,4.9819,2
3.2666,-1.6371,-1.2186,-0.1613,6.3844,1.1092,3.8375,1.2098,1
-2.5103,-1.3575,4.9706,1.7077,1.7848,0.17733,-0.55668,-0.39809,3
-1.6749,0.94664,-1.0366,2.0271,-1.5348,5.3607,4.3854,0.11081,3
2.6221,-1.78,-1.0739,2.9213,-1.2505,-3.7301,-1.5363,-1.4373,1
-1.9122,-2.3111,0.021601,-0.89903,-0.065785,2.1567,-2.9136,2.0896,3
-0.7068,1.0998,1.8941,1.1811,1.3885,8.16,4.574,3.6331,3
-2.0148,-0.50402,1.984,0.040149,2.1841,5.103,1.1264,-1.2717,3
-3.1523,-4.227,4.9533,4.0988,5.4353,7.6913,-2.3907,7.0167,2
-1.1296,-2.688,-1.4504,3.0631,-1.0068,-2.703,4.3501,-1.4145,3
1.36,3.0145,3.8728,5.486,6.9077,6.2661,0.87365,-1.1334,2
3.6293,1.5299,1.927,-0.00255,-0.70732,3.8038,-0.53463,4.1983,3
-0.89121,3.6266,1.6008,0.52623,0.59882,5.2626,-3.2801,-0.14524,3
-0.73231,-0.19197,0.99059,0.7618,-1.7976,2.2094,1.1412,2.5166,3
0.45939,0.60607,0.71662,2.9505,-0.7386,6.962,-2.9097,1.356,3
0.038583,0.1546,0.072476,3.0323,3.6014,-2.8437,0.98204,-0.047081,1
2.5525,1.7642,-1.5382,0.74602,-1.4715,4.5953,-1.9985,0.80635,3
-0.28761,-3.2755,1.9654,-3.6581,6.3999,7.1789,-2.5733,0.25254,2
0.24308,1.9029,7.5382,-5.7244,6.0924,4.0138,-0.27729,7.3263,2
1.4324,0.51766,0.19204,5.745,4.3251,0.39706,1.1816,8.6667,3
-3.4128,1.9844,5.8493,-6.2403,6.0782,-0.012793,2.6978,4.7199,2
1.7561,1.5329,4.0647,3.33,6.1726,10.098,3.4496,3.4526,2
2.179,2.4697,-1.7747,-0.081612,-1.6773,8.914,1.8414,-1.0204,3
-2.7124,-2.2966,-1.5108,1.7508,1.4973,-3.7264,-0.093424,-0.43769,3
-2.389,-2.0356,-0.81141,5.5377,-1.9041,-2.1497,-3.4821,3.9006,3
2.0669,1.5176,-2.3089,-2.2407,4.2962,4.7185,1.4205,4.5323,2
1.6508,2.7226,3.8171,2.2175,7.0704,-2.7787,4.6802,4.8964,2
-1.8586,-1.4741,4.6161,-15.122,5.8861,5.3873,1.9245,3.8338,2
2.0566,0.3873,-0.11106,-1.0157,3.6078,-0.22004,-0.094056,3.8956,1
-1.7346,-0.46926,0.011886,-0.010249,2.1198,0.42577,-1.7463,2.7311,3
-1.8464,-2.0039,-0.026053,3.6087,3.6935,-3.3139,1.7925,-1.237,3
-2.2488,-1.0799,0.012491,0.72661,0.33081,1.2292,4.889,4.8406,3
2.8527,1.8198,2.6291,0.46398,-1.0277,1.5585,8.6917,0.61174,1
0.60972,0.51454,4.4667,-2.0988,1.8228,3.56,-2.9711,3.809,2
-1.2569,-2.6192,2.1538,2.4451,0.67267,-3.663,-3.8712,0.15579,3
-0.91541,-2.0688,0.33895,1.0295,2.7597,-2.8738,1.9952,2.3009,3
-0.75201,-2.2037,0.31181,1.4489,0.8448,6.9816,0.81128,-1.8147,1
2.0702,-0.017043,3.2184,-0.36266,6.7304,-1.0811,3.0638,6.992,3
-1.1787,2.5841,5.5361,2.0141,5.5241,4.5611,-3.2463,7.2998,2
-0.72119,1.4175,5.466,0.67078,1.086,17.254,-0.64983,1.4697,3
3.3391,-0.76202,1.332,4.0598,1.1553,3.914,0.35717,-0.20396,1
-1.5171,2.4796,2.6394,-1.0668,-0.84598,0.26102,-3.922,-1.3377,1
-0.12689,1.7404,-1.1474,1.2318,0.8663,4.5387,0.50559,4.7136,1
1.132,3.2854,-0.33045,-9.918,5.0665,6.9887,2.4699,4.2942,2
0.55236,5.345,-0.72173,-0.19408,2.5512,3.5021,9.0737,2.2503,1
2.7216,1.5509,2.6166,-8.0637,6.9478,3.3725,1.9505,2.0592,2
2.4376,-1.2291,4.9655,4.9045,6.399,-0.31547,2.1134,1.4896,2
1.598,2.6121,5.433,6.3967,6.7217,10.881,3.2227,3.7828,2
2.6856,0.04187,3.1935,4.0763,6.5343,-0.080904,1.9373,4.4392,2
-0.97928,-1.3809,3.7187,4.2209,6.2903,-1.8052,0.12699,6.5022,2
0.93454,-2.0402,2.3656,3.3458,0.28675,-1.6278,-2.0639,-0.044636,1
3.5744,-2.2774,1.1762,0.044952,5.5679,8.9265,2.0554,-0.20006,1
0.016546,1.0784,2.8506,0.6327,4.0851,8.3985,0.76442,3.7324,2
0.6979,2.6469,6.9411,-3.6379,3.9801,0.17027,0.47488,1.7529,2
-0.80812,-1.3346,-0.13762,1.5303,4.0655,-2.3633,-1.5658,-0.94633,1
0.74882,3.646,5.7556,2.5937,6.8146,-3.4837,3.3654,5.0976,2
0.66357,0.65908,-0.58844,2.3685,-0.85974,1.9939,-0.1102,4.6763,3
-3.1175,1.6053,4.5068,-3.4991,2.8789,0.014376,-1.8787,5.8511,2
2.1836,1.1021,5.9601,-6.4847,4.7154,10.073,4.3112,5.5854,2
3.5423,1.6879,1.74,3.3514,0.29941,5.2058,-1.0682,3.771,3
0.88099,0.25676,5.9731,-3.9469,5.1593,5.2742,3.3778,5.1378,2
-1.626,2.1945,5.8412,4.0972,3.8152,4.3865,-6.6016,5.7576,2
-1.6549,-1.0093,1.0496,0.85896,9.5382,-1.7798,-0.32824,0.064551,3
5.5209,-1.7417,0.94184,2.2831,-0.62277,1.1413,-0.36371,-1.0479,3
1.2238,1.2801,1.3772,-3.5429,6.0396,5.2945,3.4322,6.4041,2
-0.87493,0.40965,-0.99818,2.6566,0.052948,13.007,-1.8838,-0.042245,1
-1.2089,-0.45248,-1.3462,1.1846,3.9555,2.8248,-1.8369,0.53776,3
-0.56771,-2.3199,4.4159,1.4353,-1.714,-4.1394,2.3834,-1.7309,1
0.62565,0.55711,6.5834,6.61,5.8866,6.6307,1.3713,5.6443,2
3.5325,-2.0042,-1.0438,-1.6553,-0.12556,-2.9963,7.433,0.11189,1
-1.7067,-0.91153,-1.4745,-1.1454,2.7325,6.6695,-1.227,-0.63867,1
-0.23385,0.83758,6.7419,1.6556,4.2351,2.4867,-1.5906,4.4041,2
1.7095,0.85701,-0.32597,-1.6329,-1.185,-1.0277,-1.2459,-1.3326,3
1.9597,0.39073,0.40312,3.7604,0.29514,9.1515,-0.55176,0.30312,1
-1.6989,2.2056,-0.48403,-0.745,0.51698,10.529,-4.6201,-0.4124,3
2.0693,1.5656,2.1028,0.78623,5.8881,4.9253,0.63991,4.5607,2
0.54755,1.4628,2.6644,4.0703,1.7533,-3.8704,-2.5564,0.5926,1
0.94348,-4.4223,6.4839,1.3579,6.08,6.2151,-8.2384,0.24063,2
-4.6236,1.2859,6.3686,4.2254,5.992,3.2136,3.524,6.1246,2
3.0209,1.5807,-0.13061,2.6408,7.6089,10.484,2.4274,1.821,2
1.2462,3.0084,3.0611,3.5361,6.4839,5.2883,2.2075,6.5288,2
0.46928,-0.35035,-1.3917,-0.43079,-1.3622,11.186,-3.5137,-0.7624,1
1.9585,0.92498,-1.0978,-0.019172,0.99338,0.062567,0.81505,-0.20032,3
-2.274,-1.066,1.3524,-0.066118,-0.4547,-1.1228,2.4444,0.53328,3
0.49649,0.74131,4.5605,-0.94392,5.0581,5.2842,-2.825,6.1202,2
-0.42452,-2.7213,2.4663,0.085747,-0.97489,2.1491,10.486,2.1544,1
-0.13189,-2.1618,-1.608,2.9485,1.5261,0.84811,-1.1627,7.3132,1
-1.2531,-1.7452,5.5195,-0.98427,2.0039,-4.4991,18.157,1.5747,1
0.026002,-1.8568,0.011566,2.2454,1.6761,-1.5527,0.98118,-0.17077,1
2.8347,-1.1928,-1.1315,3.7888,1.3741,-1.1436,6.8897,2.6812,1
0.64783,0.45143,6.6671,5.6321,5.2028,5.082,4.2388,7.7268,2
2.0475,0.255,-0.87554,1.7723,2.0996,2.9083,6.5265,1.3619,1
-1.4816,2.1954,7.844,-1.3436,-0.45953,-2.3774,-2.331,-1.0454,3
-0.78877,-1.8624,3.2968,0.055589,3.3813,-0.79978,1.5477,-0.93064,1
-1.7325,0.59337,0.74109,5.267,0.001828,-3.5332,-2.2768,3.7696,1
-0.61396,-0.49081,1.4634,-0.018187,1.1518,2.1158,4.646,3.3346,1
4.2374,3.9342,3.274,-1.6411,1.4959,0.001201,-3.8479,-0.65913,1
-1.7065,-1.8832,0.53176,-0.84469,2.6927,5.396,0.042851,-0.8231,1
0.1077,0.58668,3.3887,-0.58783,-0.6599,2.3458,-0.013117,2.9719,3
-1.9427,-2.2089,4.6926,0.77091,-0.76389,2.8796,-4.6152,-1.8523,3
-0.25328,-0.29322,0.50497,4.2743,3.9422,6.2033,-3.7673,4.3269,3
4.9079,-0.52988,0.98604,0.14534,1.2777,0.5423,2.0517,1.576,1
-0.22831,3.4925,0.19362,-1.4183,4.047,1.5136,6.9085,0.2413,1
-0.41535,-0.8844,3.9257,-1.3585,-0.47041,0.68062,0.50976,1.984,1
2.5515,-2.3822,-0.04143,-1.5625,-0.85375,3.159,-1.6197,4.031,1
0.49465,-2.5555,-1.4714,0.59868,2.0169,-3.1986,-1.9734,-0.85889,1
2.7605,0.29209,5.0916,-2.4548,3.3158,7.8127,5.1902,2.8268,2
-2.4836,0.2825,1.0348,1.3259,5.538,-3.943,4.3647,0.081569,3
-2.7124,-2.2966,-1.5108,1.7508,1.4973,-3.7264,-0.093424,-0.43769,1
-0.56524,3.253,0.27058,8.542,-0.43358,-1.8709,4.0168,-1.7017,3
-2.1645,0.54621,1.937,0.10735,0.77174,-0.80832,-0.73289,2.1964,1
3.899,2.7567,5.0614,4.145,2.8557,4.4508,3.1229,3.8132,2
-0.5549,1.2389,-1.5655,8.717,-1.6609,5.7503,0.72128,0.98892,1
1.5193,-1.9881,0.33318,0.7148,0.5394,-2.2088,4.2696,-1.0997,3
-3.5485,2.6842,4.2314,3.1875,4.3242,5.7543,-5.4633,5.7326,2
0.34547,2.5562,6.5605,-1.8349,5.0771,7.8113,-0.77299,4.3604,2
2.6973,0.72249,0.34834,4.2955,5.133,-6.9313,2.3909,4.0915,2
-0.23802,-1.8989,6.3057,-0.68301,1.1838,-0.53984,-0.61659,0.56212,1
-1.7444,-0.033905,1.0462,0.6195,0.81496,-1.1141,1.4994,-0.94089,1
-1.912,-2.4578,1.8051,-0.16229,1.1892,8.8193,-0.5775,3.4268,1
3.3271,0.96909,1.2842,0.7096,2.2802,1.4321,5.9716,2.5682,1
0.67068,-1.1163,-0.23288,0.92895,0.3878,0.19218,11.125,-0.69858,1
-2.0577,-1.106,-0.12853,0.75004,1.845,2.4068,-2.5422,1.0662,1
-2.8972,1.8187,2.9925,0.028878,-0.17025,-3.7723,-2.4291,-0.81542,3
-2.8927,-1.0126,-0.76847,-0.80607,0.82939,2.2091,2.7412,0.52769,3
2.5928,-2.4083,4.168,4.9366,6.3381,-2.9649,0.33377,5.962,2
-2.3464,-0.67197,-0.93501,2.182,0.004393,6.0001,5.6533,0.90167,3
-1.4414,-0.054782,1.464,2.8114,1.1922,4.1827,-1.7213,6.9538,3
-1.0318,-1.5272,0.41223,1.7486,-1.2226,5.0296,8.0976,3.1299,3
2.5234,-1.6709,-1.1144,1.8564,7.9315,4.3558,7.8863,1.3881,3
-1.6719,2.646,4.7909,-6.0993,2.216,9.2145,2.4122,6.158,2
2.9967,-1.7092,0.87457,-1.9292,-1.2717,3.041,7.2294,-0.20172,3
-1.9334,2.9909,0.64874,0.23647,2.733,2.5929,3.6166,1.8316,1
-1.0828,0.15767,3.8664,0.96398,4.4015,0.29289,3.7983,6.2712,2
0.11948,2.7744,3.1593,5.5011,1.992,7.5488,4.6897,5.5525,2
2.5008,2.029,5.1636,4.8788,5.3086,9.8057,3.8964,4.9823,2
-0.034069,7.8455,-0.74262,0.9723,-1.3111,-1.1839,0.31507,0.3638,3
0.87628,-0.62775,0.91725,0.031283,-0.85356,-0.64135,1.0246,5.2732,1
2.7108,-0.80234,-1.2487,1.8285,4.5466,-1.6024,-2.7982,-0.34835,1
1.0059,-2.3318,3.2484,1.7401,-0.036636,1.6639,3.5094,2.9542,1
0.91188,-0.8634,2.0226,-0.24973,-0.55484,1.8025,0.36601,-0.42913,3
1.0671,-2.58,1.1087,1.1135,1.7439,4.8928,9.4332,1.8027,1
-2.4163,0.64886,-1.1862,1.9257,1.4872,-0.74506,-1.7066,-0.78989,1
-0.85735,-2.7158,5.4539,5.6828,4.9572,3.5591,0.59822,2.2472,2
-0.72929,-1.511,-1.313,2.1735,-0.75522,-0.46861,4.4269,4.3047,1
0.86634,-0.03067,-1.6586,-0.94411,-0.96093,1.8381,-2.6379,-1.3168,3
0.6634,2.7423,3.7362,-2.5339,5.7924,10.552,-0.058787,5.5455,2
-0.46524,-0.77906,1.003,-1.8045,-0.46161,3.9083,-3.9916,-1.2948,3
2.2208,2.5164,7.007,-0.88824,7.5878,5.795,2.901,4.6003,2
-1.9794,-2.1503,-1.4315,0.25076,4.5102,-2.4252,-3.7722,-0.31525,3
-1.0317,-0.59739,0.22977,-0.90945,-0.78499,-3.6933,1.7527,0.41149,3
-0.054639,-1.4854,3.3238,1.2368,2.4081,3.0289,0.81419,4.4207,2
0.10958,-1.4618,-1.1788,-1.0258,1.4112,6.0295,10.966,2.3299,1
-0.42832,-0.27693,1.2487,-1.1819,-1.2262,0.17783,8.9781,1.7786,3
-4.9424,2.36,3.9944,2.7863,5.0239,0.082276,-1.1451,6.5018,2
-2.1319,-2.7781,1.9717,2.068,-0.025249,-3.8093,-0.53432,0.7309,1
-0.51506,3.521,1.1624,-1.5518,5.0574,1.905,-1.7943,3.1771,3
-2.2261,-0.30018,3.3728,1.3845,1.1563,-2.7546,1.141,-1.2253,1
-4.5258,0.53273,6.8952,1.4783,6.5723,2.2872,4.6569,7.6406,2
-0.25328,-0.29322,0.50497,4.2743,3.9422,6.2033,-3.7673,4.3269,1
3.077,0.11993,-1.1259,2.9548,6.1215,7.2414,-4.1394,-0.90218,3
0.91355,-1.9291,4.2529,-1.3514,-0.46363,3.8721,13.373,-1.3999,3
1.1907,-0.20549,0.50656,1.3754,0.079232,1.9611,0.47567,5.86,1
1.5634,3.81,6.7009,4.0616,5.7627,9.9822,-1.4373,7.6682,2
-1.6982,3.7457,2.5528,-4.1646,5.2765,5.5485,-7.0447,6.057,2
3.5756,-0.88963,4.005,-4.8273,5.6624,5.5957,4.5052,3.2386,2
1.9012,1.6364,5.5525,-4.9208,3.4638,5.5851,-1.9954,6.6116,2
-1.3308,3.0916,-0.064995,-1.1765,-1.4654,2.8907,-2.5709,-0.22072,1
5.6491,-1.6961,0.38384,0.84443,-0.051842,-3.4336,2.4508,1.4752,3
-2.8679,2.7127,0.6041,-0.87103,1.8494,9.4326,2.5744,0.99512,1
2.2505,-2.2631,-1.2359,-0.018346,-0.92498,-1.9285,3.3862,-0.83999,3
3.1753,7.517,1.0856,1.3209,1.3954,-1.9717,1.4025,0.16167,1
-1.4541,-0.60439,0.81729,0.93004,0.018831,5.7928,4.4578,-0.69456,1
0.64819,0.30228,-1.5885,-1.6394,1.8782,-2.665,3.6283,-1.1154,3
1.5124,1.0277,1.1596,1.0753,-0.17208,5.3507,1.9501,3.0789,3
-1.0418,2.36,2.5245,2.4149,0.17917,-2.4547,6.3904,1.9998,1
3.6345,3.9768,6.2657,4.0871,3.9375,2.7259,2.2357,6.2381,2
-0.76892,0.002265,1.573,-0.51852,2.9803,-1.1686,-3.8095,1.736,3
1.8942,3.4494,5.1434,-0.72347,7.2478,2.7587,3.1684,4.5715,2
0.51505,0.68137,0.57296,0.44512,1.2415,7.4854,-4.1649,3.424,3
1.8215,-2.1052,-0.69354,0.090867,1.2692,-4.1399,-0.78673,-1.6114,1
-1.7654,-1.7285,-0.052621,2.2473,-0.30396,2.1157,-3.1543,4.3556,1
3.0948,2.3913,6.993,3.033,6.5737,8.5576,0.39717,6.9624,2
-0.92406,-0.80796,2.6656,-0.34565,2.1362,-4.4917,5.4546,-1.0275,1
-1.9055,0.45697,-0.88397,-0.38342,0.19382,-0.96541,10.262,8.5909,1
-1.1238,-0.28289,0.44137,-1.7047,0.87245,-4.362,-4.1861,3.0517,1
2.2929,-2.9891,6.3369,-4.625,1.5669,10.47,3.948,2.398,2
-0.64253,0.12723,3.4748,3.4082,-0.47128,8.5866,2.4185,4.3973,2
3.0722,-0.17243,4.1844,-10.69,4.6337,9.9968,3.6474,6.7526,2
-1.7785,0.72203,1.4342,0.067045,3.3508,11.512,1.2832,-1.3144,1
3.5471,0.83455,1.0042,3.3497,4.7754,5.6609,1.979,5.6309,2
-0.72165,-2.5969,-0.057056,-1.462,-0.19112,-1.2997,6.615,0.11737,1
0.05733,-1.3894,-1.3202,1.9672,5.3825,9.2893,2.34,3.57,2
0.87587,3.7317,0.89913,1.5614,-1.8124,0.47803,3.4196,6.9525,3
0.56627,-2.5793,3.4534,0.4957,1.9245,1.6612,0.59605,-0.10361,3
2.2063,-1.3358,1.6596,0.65606,0.82029,-3.4733,2.8436,-1.9172,1
3.6459,0.95009,5.6947,2.9172,7.4622,9.4936,4.3013,4.4066,2
-2.4563,-1.5097,-1.6233,-0.98729,2.159,5.8198,1.1657,0.8941,3
-2.5652,-2.296,-0.59736,1.8327,4.0138,-4.1996,-1.043,-0.54374,3
-4.2237,3.1318,5.8835,4.147,5.2061,3.7196,0.35116,6.0619,2
0.27035,-1.6045,1.734,-1.469,-1.4517,-2.5209,2.5785,2.0048,3
-0.81175,-1.4769,-1.6357,1.6788,-0.023882,-4.5022,0.49334,4.0511,1
0.68459,0.42947,4.2796,-1.5239,3.7282,10.62,-2.6507,4.8887,2
-1.6287,-1.9224,0.78225,-0.62226,-0.11586,12.93,-2.0473,5.571,3
2.3948,2.0668,4.5657,-5.7107,6.2629,7.9153,-3.9228,6.0662,2
1.3093,-0.048503,0.70095,0.07616,5.0865,2.7039,-0.22168,6.4471,2
2.9157,-0.24677,4.8601,-8.657,5.8837,8.9354,4.2991,6.4536,2
3.3662,-1.7186,6.3118,-1.1487,-1.256,3.0501,-1.451,4.6129,3
1.3755,-1.5452,3.5004,2.2498,3.4485,9.0195,1.688,5.202,2
2.501,-0.43902,7.0771,-0.52651,1.924,4.9582,2.307,7.5531,2
-0.2991,-2.1468,-0.48893,0.48929,-0.12126,-1.5219,-3.8754,-1.7241,1
-2.8756,-1.1914,4.1844,2.0649,-0.29432,-3.1782,-0.21576,6.5992,1
-0.24949,-1.9169,0.28046,-1.509,-0.96918,10.315,2.8288,0.48336,3
3.6981,-2.1118,-0.4448,-0.69261,-0.57644,-3.2482,-1.5296,1.3684,1
-1.2542,-1.0307,-0.1533,1.2444,-1.387,0.41842,2.3909,0.96849,1
1.7894,-0.2311,6.6623,-2.9985,6.1837,6.9732,4.2328,4.0581,2
-1.9966,0.74423,0.19057,3.2562,5.3793,-3.6987,1.0624,-0.15728,3
0.61404,2.719,5.493,0.025414,4.7901,6.8234,0.26695,7.4491,2
0.24405,-0.59816,0.08772,2.3815,6.4126,0.3426,-2.3888,-0.096051,3
-0.75916,-1.889,4.4833,0.10854,-0.12893,0.86919,-2.4127,0.25094,1
-0.82216,-1.0579,0.088311,4.4549,1.2548,-0.39641,5.2186,7.812,1
0.063174,-0.60244,1.0438,1.5258,-0.55812,2.6695,17.268,1.5787,1
1.5541,2.0233,4.5082,1.9523,2.9874,3.342,4.7207,4.874,2
-1.4419,-1.2891,3.7463,1.4626,0.45526,-4.6825,-2.2684,1.8256,1
1.4,-1.5198,6.7861,3.7412,6.5067,2.0607,3.848,0.68472,2
-0.39918,6.0622,0.30708,-0.49707,1.1389,10.977,0.26649,2.4191,1
-1.9247,1.1807,4.8487,-0.31096,-0.32604,-0.55425,8.3309,0.51772,3
2.8013,1.838,6.5435,-0.48165,4.7222,7.2772,-0.054086,2.6547,2
1.2243,2.9697,4.9406,-3.3263,4.7701,9.3605,4.3939,6.7205,2
2.6085,2.275,-0.28206,-5.6628,4.4755,5.3797,3.8785,5.708,2
3.0385,-2.8631,1.9737,5.3957,5.3371,6.1662,2.1885,7.616,2
3.6087,0.50105,3.9303,2.0604,3.5129,6.1776,-1.2871,1.7205,2
-1.1422,3.0453,7.2991,3.8598,4.2705,-3.5944,4.7889,3.8329,2
-2.5125,0.68215,-1.4108,3.0434,1.2183,-3.0129,-3.1946,2.2605,1
0.89958,1.0546,5.6108,5.5614,5.0651,-0.39878,0.87984,3.5626,2
2.552,2.8344,4.6594,5.9794,2.5604,1.047,2.9266,6.1052,2
-0.37427,1.2284,0.70656,1.2943,4.8556,1.0174,0.075741,2.0946,1
-1.5258,1.0348,-0.4556,-0.74275,4.0238,4.1384,7.1669,0.98268,1
1.6239,2.3499,6.8014,2.2405,4.2864,6.5533,3.6724,6.9152,2
-1.017,-0.34574,-1.0385,-0.37161,6.1641,0.24517,3.3507,0.65936,3
-1.0189,3.6921,-0.001542,-1.2604,0.952,1.152,-2.7409,-1.2842,1
8.1009,0.37062,-1.7997,1.3735,-0.72545,0.059294,-2.7534,-0.074956,1
-1.3421,2.3268,5.3647,3.8192,6.8742,8.4391,1.939,5.7772,2
2.3938,1.5342,5.916,-1.3522,4.4016,0.30055,1.0534,4.3899,2
-0.70762,-2.2549,3.2057,-1.7567,1.0834,-1.5834,0.37931,1.8546,3
2.853,1.9456,-1.2322,2.4877,2.0382,-0.1563,4.3133,0.50936,1
1.9725,-1.0654,-1.8065,0.33138,1.2217,1.599,0.44934,-1.3785,3
-1.43,0.46414,0.12216,2.3742,5.9671,10.076,2.3105,4.0656,2
2.0629,1.2296,5.345,2.1462,5.5378,6.7483,1.0818,4.3644,2
2.7664,2.6744,2.9775,4.4224,6.1036,-1.6684,1.3332,1.621,2
0.037257,0.19745,3.9724,-0.12333,-0.33106,12.197,1.6169,2.2611,1
-1.9609,-1.6145,3.5249,3.9216,3.047,-0.16905,-4.242,-1.7487,3
1.7455,2.8852,5.4271,-0.9813,4.8202,4.1048,1.5825,4.1796,2
-0.60453,1.9423,6.2975,-10.842,5.9293,8.6703,1.4437,5.679,2
-2.1422,-2.8696,-0.29192,-0.024168,0.045389,-0.10175,-0.9829,-1.396,1
-2.566,-2.3258,2.6028,3.3511,-1.75,4.4223,-1.6796,-1.9222,3
3.4918,-1.252,4.7441,6.8616,3.3481,5.7215,-4.8949,5.4277,2
1.7658,2.1621,4.864,-4.4005,6.1067,3.7069,0.76305,2.4633,2
-1.0905,-2.3455,1.6987,-0.29268,0.40118,-4.2447,-4.1376,1.9018,3
-0.5917,0.31896,0.019205,2.5377,0.080661,4.5107,-0.6001,2.7348,1
3.1092,-1.836,2.0751,-0.42226,-1.4375,3.2688,-4.4689,1.6468,1
3.2167,0.15702,0.82117,1.5239,0.079977,3.9403,6.8551,-1.3498,3
2.8574,-0.69547,2.0785,5.1915,7.3151,8.489,-0.73683,-1.2365,2
3.652,-2.8713,-0.14919,0.57218,-1.2137,2.7101,1.3769,1.4208,1
-0.87602,-0.32319,2.0453,-0.32554,4.2371,-0.98587,14.018,2.4558,1
-0.6521,0.40725,-0.015213,0.99663,0.41446,2.3847,4.9123,3.4625,3
-2.0708,-1.4322,-0.036821,1.1443,2.11,3.5897,1.0675,-0.87789,3
-1.2154,0.92893,1.1374,-0.53339,2.1308,8.2385,1.3664,3.2164,3
-2.5109,0.62648,-0.88877,1.4521,-0.29741,-2.5269,5.7322,3.692,3
-1.382,-1.2476,6.7281,4.8368,7.8182,0.46839,-4.5738,5.151,2
-2.9925,1.199,-0.41506,1.1852,2.6134,-2.5068,-0.008067,0.14797,3
0.22701,-2.9419,5.4969,-1.5401,5.4592,4.6171,0.27012,4.8796,2
1.1833,2.3619,4.3842,2.2068,3.4605,1.7099,1.9115,5.2016,2
-2.3201,-1.3395,-0.1808,0.12126,5.1552,0.69334,8.7416,-1.2625,3
-2.0074,6.024,3.5791,0.23729,0.24183,4.0586,-0.96466,-1.6501,1
1.6914,0.91928,3.1212,1.7293,0.31598,2.49,-1.3654,0.53743,3
-5.7545,2.1541,4.0757,4.2408,2.81,7.1509,2.1763,6.1877,2
2.3532,-0.91443,3.7099,3.6267,5.1797,10.466,4.8156,4.4669,2
-1.0474,-1.024,4.7307,0.55691,-0.92874,-0.77238,2.3295,-0.86678,3
1.0744,-0.79445,7.0169,1.8866,3.9471,3.9377,4.5249,6.3957,2
1.6048,0.8757,4.8364,6.3133,7.5619,-0.93914,1.7346,7.9394,2
0.43203,2.8011,6.9289,1.3691,6.8366,7.5023,0.95114,4.3963,2
1.9439,0.53727,6.5176,-1.7839,7.0616,0.86683,3.9896,6.0657,2
0.82086,1.7227,2.5775,1.0433,0.11345,-4.529,-4.1858,-1.9066,1
2.9664,-0.063444,7.3131,-11.675,1.8743,4.3722,5.1437,6.7033,2
-1.5545,-1.08,1.5658,-1.377,1.6754,-3.1776,3.7065,0.76055,3
-2.0273,2.2563,1.898,1.2787,5.3172,2.7789,6.987,-0.82602,3
0.79275,-1.6895,2.8677,0.056974,1.5528,0.41224,1.1602,3.2495,1
-0.50766,1.9668,4.4449,0.19016,0.5998,-2.9734,-3.4147,-1.0203,1
-1.866,1.4399,-0.016125,1.7138,-0.77357,9.6367,-3.3571,0.36251,3
3.2448,-0.54422,2.1608,1.782,-0.14411,9.2608,-2.6777,-0.15967,1
0.80964,-1.4435,4.1345,-2.9621,5.3349,7.5201,3.3037,3.2847,2
-0.40377,-2.1412,2.2945,1.9483,1.1609,-3.0013,-2.4097,-0.45255,3
-1.4983,-2.1541,1.5397,-0.86455,0.183,4.3802,-1.5213,-0.67213,3
-0.86773,-1.7185,0.20868,4.3818,3.7246,10.314,1.9327,-1.1926,3
-2.3406,-1.2799,-1.478,2.5382,3.6256,4.2428,-4.2141,1.9417,3
-3.9639,2.5627,2.3348,2.195,7.8713,-0.80065,4.2884,6.0577,2
2.2667,-2.3939,3.2942,2.2777,1.3417,0.38258,-1.3031,-0.2776,1
0.93454,-2.0402,2.3656,3.3458,0.28675,-1.6278,-2.0639,-0.044636,3
2.458,-1.49,-0.55104,3.1482,-1.6488,1.5651,0.76554,1.2295,3
0.64047,-2.0823,-0.11105,0.94339,3.3796,-3.4553,-0.83236,0.8464,3
-1.1659,-2.1857,8.1199,0.78384,-0.67754,-3.012,-2.962,2.2838,3
2.1043,3.0071,0.48518,-16.029,3.0513,3.8826,4.1372,7.2401,2
2.7616,1.4736,6.8626,0.81424,7.9055,4.4598,3.4465,5.901,2
0.88724,1.5686,5.2482,1.0835,2.8808,8.8092,-0.15009,6.8634,2
0.79702,5.1727,-0.46862,5.9372,1.3601,-0.66038,2.6197,2.1312,3
2.128,-0.44356,-0.97163,0.93643,-0.34913,1.1,17.821,1.5092,1
0.90819,0.32551,0.44511,-1.5808,-0.89154,-0.90056,0.21867,0.017566,3
3.2608,-0.01361,5.1036,-2.8205,3.1558,7.8261,1.055,1.1911,2
3.0163,0.81907,-1.6058,2.3127,4.6991,5.4605,10.526,0.31504,1
3.0091,-0.91372,3.4601,0.36835,6.6208,7.206,1.4349,2.6581,2
-2.5849,-2.0514,-1.2798,5.5685,0.8852,-4.3693,6.8681,-0.43122,1
-0.024804,1.1537,1.3402,-0.16388,-0.8987,-3.099,-0.64568,2.8767,3
4.7201,0.18093,1.85,3.0613,-1.2968,-4.2804,4.4025,-1.7015,1
-2.8213,5.7695,1.207,0.22917,-1.1785,2.2628,-0.33594,2.7645,1
-0.43471,1.4433,-0.29883,5.666,3.7288,-5.8647,-5.098,3.5869,2
-1.7803,1.0413,7.1135,2.8491,6.3417,6.1501,0.4817,0.68709,2
-1.7065,-1.8832,0.53176,-0.84469,2.6927,5.396,0.042851,-0.8231,3
-0.79883,-2.2888,4.3045,-0.71628,-1.7825,-4.6405,-1.8231,0.50331,1
4.8586,0.34173,-1.1185,5.3803,0.13426,-1.441,-2.0664,3.9709,1
-0.21413,1.5436,0.048479,-1.1622,-0.53438,1.223,3.2169,1.0088,3
-1.9797,2.4651,1.4796,0.067487,0.58025,-1.4199,1.4878,-1.3172,1
2.9989,1.3775,3.6891,2.4071,5.8353,-3.5219,-5.0813,6.2326,2
0.48451,2.0421,1.6748,-0.11642,0.25191,9.5493,-3.4404,3.5937,3
2.4239,2.684,7.3399,6.2053,7.2062,8.549,4.0773,4.9919,2
-2.3383,-2.1743,-0.22061,0.28935,1.6606,6.1859,-1.2861,-0.60982,1
-1.6585,-2.0423,1.3798,0.5834,-0.35123,4.3447,-3.5715,-1.1024,3
1.7083,2.8554,-0.71217,0.6868,-0.91345,5.8571,3.7159,-1.91,1
-2.5141,0.87675,-0.19773,0.86363,-1.8083,-4.7967,-3.4473,-1.9096,3
0.64047,-2.0823,-0.11105,0.94339,3.3796,-3.4553,-0.83236,0.8464,1
0.14389,-1.3782,-0.44703,-0.21999,6.375,-0.15315,-2.0256,-0.27694,1
0.39726,1.6465,7.551,-7.7059,3.6068,5.2831,1.145,6.7549,2
2.7316,1.2307,7.2202,-3.5821,3.9943,7.2603,0.40825,4.6595,2
-1.9272,3.1662,7.047,1.2397,6.222,4.0478,1.1963,0.93288,2
3.3869,-0.12454,5.1529,2.5117,7.4831,-4.6661,-3.4278,6.57,2
2.3863,-1.0088,6.9479,3.2035,1.4541,5.5566,-2.5005,0.87053,3
-2.9809,-0.50389,-1.1554,1.5952,4.7351,-1.5991,-1.2906,1.3332,3
0.8306,1.9453,-1.7013,-0.011618,0.0959,-0.008963,-2.7113,1.3496,3
1.1041,-2.2871,-1.44,2.3918,1.5641,-0.3684,-1.0529,3.461,1
-1.0521,0.8123,-1.1272,-0.24396,-0.23607,-3.4691,5.0852,-1.2083,1
2.7594,1.0199,6.6634,-8.5626,5.2673,9.8425,0.57952,4.8082,2
1.9548,-0.90085,-0.32849,1.2586,1.6612,-1.5171,6.0189,0.70382,3
3.1517,3.2946,1.3184,-1.2263,7.1026,8.3976,-4.0456,7.3968,2
2.5055,1.0648,5.1927,0.18742,5.1646,9.5338,-1.5528,5.0857,2
-1.6457,1.1282,0.56281,4.7761,4.8252,-1.7611,1.387,4.5232,2
0.90397,3.1248,6.8352,1.2751,7.058,7.7851,-4.9505,3.8181,2
1.9355,2.1701,6.2008,-5.4369,4.0448,-1.8844,-0.027078,3.553,2
0.80622,-1.3242,1.8643,0.51301,2.1332,-0.083721,-1.1555,-0.6357,1
-1.9252,2.8472,-0.34098,0.25484,-0.17364,-0.5078,-3.9652,3.7712,1
1.4556,2.1376,4.099,-6.5873,3.7601,-2.1478,5.267,3.6029,2
-1.9048,-1.5633,-1.512,-0.75741,0.46323,-0.90302,-3.3807,-0.71276,1
-0.70324,3.2828,1.9071,0.19011,5.907,-1.1934,3.952,0.91396,3
-0.75882,6.0188,0.7278,3.1007,-1.6877,-0.35235,-1.7353,2.3051,1
-0.10743,-0.64485,3.7019,2.3539,-1.083,-2.2532,3.4457,1.8294,3
-0.62435,-1.9103,0.32433,-1.8435,4.8025,0.14379,6.7047,1.3046,3
0.70407,-2.3498,2.7646,1.6626,-0.34051,-1.7968,-3.9701,1.5263,1
3.2813,3.332,5.7082,-0.68145,4.0713,8.7186,3.8374,6.3702,2
1.4154,-3.3313,6.0143,-5.7481,2.8604,3.0839,4.1313,4.204,2
-1.0353,0.90703,1.2558,0.10236,1.5097,2.8969,-1.3874,-0.83075,1
-0.74854,-2.5891,-0.77256,1.4363,3.5102,8.6073,1.5449,2.6108,3
2.1233,3.3989,5.1378,3.857,3.1987,6.4096,1.8981,4.1632,2
1.7699,-2.0397,2.3355,-0.73544,1.8702,-2.0076,2.8602,-0.68983,1
1.5622,3.7608,4.1137,5.5715,2.8193,8.9561,-0.15267,3.295,2
0.038473,3.5575,7.7111,-0.14036,2.1168,6.1304,1.7199,5.1488,2
-1.2841,-2.7696,4.7668,3.7303,-1.3484,-0.95173,5.3324,-1.6433,1
2.2782,-0.22386,5.9966,3.2265,0.57231,7.8169,2.9158,4.2024,2
-3.2391,0.457,5.0239,4.6579,4.754,1.4965,2.2187,6.8585,2
-2.5045,-1.7659,6.3381,2.88,-0.35597,-1.0215,-1.7627,1.6226,1
-0.55164,-2.2088,1.8157,1.5838,0.6792,-2.1566,-1.5314,4.0263,3
-1.5899,-1.3195,2.4865,0.37067,2.5207,4.1869,2.9586,6.9103,1
0.63132,2.0628,5.7063,3.306,7.4305,6.3268,-1.361,6.0651,2
-1.1349,2.5908,0.12224,-1.1221,-0.57861,1.7383,-2.3141,-1.1055,3
-1.4816,2.1954,7.844,-1.3436,-0.45953,-2.3774,-2.331,-1.0454,1
1.3135,1.2474,5.2178,6.4757,7.0617,6.7109,-0.48687,6.2592,2
2.135,3.6592,3.4391,6.3934,4.5655,-0.64637,0.41314,4.1829,2
-0.17008,-2.7948,1.3279,-0.33873,-0.47561,-2.0981,-3.2592,-0.57817,3
1.6967,-4.6818,3.5142,2.7572,6.9899,1.2228,2.4771,5.4162,2
-0.36498,4.9614,0.032087,4.1642,4.7782,-1.3561,-2.6932,-0.25938,3
-1.2493,0.37811,-0.52354,1.8864,3.376,-0.79232,-0.35157,-0.15971,3
3.4894,-2.6429,0.76029,1.7709,0.5972,0.70272,-1.9261,2.7902,1
-1.8077,2.7698,3.6276,5.3749,1.0819,-0.80393,3.9798,0.72233,3
1.5872,0.6392,5.7566,1.2978,0.14845,8.0631,-1.7719,3.3759,2
-1.3396,-1.607,-1.3158,0.14572,0.51448,0.81346,12.296,2.2379,3
-0.72982,-1.4591,0.22007,1.7794,0.22665,-3.49,-4.5104,1.1912,1
2.7657,-0.18751,-0.65135,5.7884,6.4368,2.8279,4.3637,3.0946,2
-1.7805,-0.65595,0.20758,0.13279,0.91342,2.7357,0.45528,-1.0653,1
3.2522,-1.9601,-1.7932,7.5792,-0.88333,1.9085,-0.1862,-0.77796,1
0.86268,-2.3499,0.99894,4.7623,1.1607,-0.061888,-3.706,1.2366,1
0.029208,2.3439,-0.63234,6.4941,1.2098,-2.9923,9.1706,1.9901,1
1.8567,0.98005,5.0249,-0.9603,3.1357,3.8945,-0.78503,3.0715,3
8.0762,-0.84292,2.1918,3.2619,-0.81036,-2.1868,2.1503,-0.52714,1
1.4418,-0.64399,0.75351,-0.79486,0.064474,-0.3339,3.2531,0.69838,1
-0.18263,3.2454,2.4156,5.1272,3.9995,5.3268,3.8697,2.1195,2
-2.5156,-0.86819,-0.81967,0.94068,1.3189,-2.3567,-1.0897,-0.012269,1
-1.0227,0.035346,3.2876,-0.52863,0.68567,1.8803,-1.2798,2.1841,1
-2.2561,-1.7625,4.8872,-1.6814,2.0336,-2.6403,5.5369,0.44725,1
-4.5291,-0.25845,7.2712,1.6335,5.5815,-1.84,2.3787,4.4899,2
-0.71133,0.73925,1.3484,0.36181,-1.3661,-1.602,-0.31867,2.4801,3
-2.0479,2.7449,-1.0158,0.17878,3.5383,0.028705,-4.3672,0.98127,3
3.4827,-1.9056,-0.96421,0.057771,3.3915,1.401,-1.4104,-1.2923,1
-1.8458,-1.3503,0.064221,-1.3421,-1.4648,2.5822,-1.0213,-1.1002,3
0.11873,-1.9129,-1.2618,2.4479,-0.9836,-2.8315,2.765,1.8274,3
-1.522,0.31407,1.9016,0.30854,2.4791,-2.6046,2.8715,-1.1617,1
3.5559,3.2252,-0.75999,0.54897,2.0886,-3.7846,7.5807,1.3703,3
3.642,-2.3183,-1.2678,0.75437,1.4536,10.813,2.2355,0.92861,1
2.8765,2.1826,5.0897,3.588,5.48,2.3807,2.7541,5.5611,2
0.81713,-0.1649,0.20347,2.5962,-1.1025,0.72834,-2.8752,2.3094,1
-0.44698,1.998,3.56,-0.40799,5.1783,-6.0025,-1.3723,5.7591,2
2.169,-1.6274,5.9169,-10.444,1.7188,10.576,4.8476,6.4218,2
1.3062,-2.5759,3.3467,-0.94216,4.1658,-2.5527,2.6871,-0.3162,1
-1.3751,0.22521,0.23257,1.3092,1.9329,1.2791,-2.2226,4.4826,1
-1.3937,0.86433,0.044294,3.7018,-0.97413,-1.35,-0.86329,-1.5218,3
0.80325,-0.6953,4.3148,5.45,0.51789,2.843,-3.2621,5.3462,2
-1.7549,6.9286,1.3531,-1.5492,0.40988,-2.6199,-0.7547,1.3003,3
2.9441,1.4354,0.66214,0.58603,-0.46681,-4.152,10.387,0.96735,1
-0.49996,2.2497,6.0533,0.2109,6.9813,4.7563,-2.3354,4.8379,2
-1.9101,0.62041,-1.2457,-0.5263,2.6576,5.947,2.6591,-0.47108,1
-3.1269,1.2403,6.5181,1.5538,5.6254,9.3627,2.5003,4.1704,2
-2.6147,3.1106,4.0433,-5.1894,2.901,8.9144,1.6154,5.2948,2
-1.8258,0.17559,1.419,1.4958,0.2258,-0.99871,-0.78902,7.1886,1
1.0199,2.5498,0.84785,1.121,3.2925,6.29,3.7402,1.8774,3
0.33388,-2.0237,0.37972,-0.007012,6.6963,4.7143,9.4238,1.6759,1
0.21908,-0.4681,1.802,1.7539,3.7603,0.74724,-3.1965,0.30981,3
2.3751,0.52591,4.9336,-1.8441,4.6041,6.306,3.4451,3.1656,2
1.2542,3.5155,6.3254,5.4484,6.3893,7.9474,4.382,5.249,2
-0.12152,-0.51823,0.21487,-0.70114,3.5984,5.4177,0.67338,1.0191,3
-0.2885,-0.50126,5.4003,-2.3824,7.7457,10.768,3.3948,4.165,2
1.081,0.22834,1.9866,-0.49119,-0.38235,-4.0927,-4.3789,-1.2092,3
-1.2641,-1.7097,-1.5579,0.53439,-0.90745,4.7474,-4.219,1.3796,1
2.0089,1.5722,5.1213,-8.4175,7.4648,8.3935,-5.5302,-1.2665,2
-2.6622,2.6805,1.8645,1.1305,-1.676,-3.0387,-3.4686,-0.77695,3
0.4918,-0.10702,-0.42373,-0.46602,-1.2856,-2.7481,-0.37972,0.60172,3
-0.42368,-0.5667,1.0006,-0.23927,-0.5671,-2.4442,-1.1199,-0.22465,1
-2.5788,-1.2142,0.72223,0.69952,0.89187,14.94,-3.5024,3.7201,1
2.2344,3.6364,4.5729,4.8924,2.4917,8.4573,-4.413,5.9535,2
-0.788,0.57087,-1.7664,-1.4588,-1.5375,-2.8641,-2.755,2.6349,3
3.3303,-1.3004,0.92835,2.5868,1.4678,-0.87097,-1.7936,5.312,1
1.6402,-1.8449,5.8509,3.7452,6.2123,4.9813,-3.737,6.0025,2
-0.022592,-1.49,2.4043,-1.9447,-0.015803,10.147,3.3105,1.43,3
0.43765,-0.47483,-0.98034,-0.89191,4.7872,2.5093,-3.9043,2.0854,3
2.6533,1.0393,6.4943,5.6257,5.5707,6.6515,3.1934,4.6893,2
-2.2678,0.46224,-0.97715,2.2571,1.5579,-3.3132,3.0109,2.3572,3
3.3581,3.3178,6.1752,0.12934,0.020218,2.8124,3.3706,2.3977,3
0.41125,0.95496,4.6399,-0.17887,-0.7134,4.5981,1.0504,-0.31456,3
-1.0621,-0.56776,1.6222,3.9796,-1.4751,-4.2878,6.8818,-0.06418,1
-0.77374,1.4839,0.668,-1.6385,2.1922,12.922,0.007154,-1.0923,1
-1.7293,0.50787,-1.2937,-1.1856,-1.1946,-1.4549,3.6199,-0.12174,1
-0.21108,-6.4094,3.463,5.2779,6.8344,3.8056,-1.8188,5.4124,2
-2.4658,-2.6882,1.2032,-0.18841,-0.97657,-3.0077,-2.7405,4.1124,1
-2.7543,-0.55864,0.21934,0.09168,2.7426,-1.7769,2.5217,0.28271,3
0.94754,1.1804,7.0973,4.8167,2.3838,8.7037,-0.31366,2.1783,2
-2.7618,-2.6993,2.5906,0.86741,2.2494,-0.022302,-0.98349,1.0671,3
-2.0887,1.1734,3.0598,6.1406,5.6824,9.1503,2.2226,7.7459,2
3.077,-0.61641,2.6684,-1.2803,0.10582,8.9564,-4.4172,3.81,1
-1.8605,2.7883,6.9485,3.3876,6.4775,6.4577,2.6733,6.501,2
-0.94268,-0.12414,-0.52553,2.9198,1.2076,-2.4714,3.9941,2.9551,1
-0.028454,-0.90344,3.4585,-0.88839,7.5218,6.8867,4.2718,5.2545,2
-0.77874,1.5807,1.0618,-0.33136,-0.67027,-1.3478,-1.5741,2.1669,1
-1.9902,-0.65967,-1.463,3.9938,-1.3273,1.5495,7.213,-0.23108,3
0.12046,0.56724,6.1323,1.1768,-0.85268,8.1922,-2.8412,0.46264,3
2.1788,-2.6216,1.3752,-1.1587,2.0219,6.6341,-1.3089,1.1223,1
0.025167,-1.8229,6.6607,2.6061,5.9547,-2.5647,-5.4118,6.2371,2
1.5969,2.0093,-0.92094,5.62,2.3837,-7.8413,-2.2223,3.2165,2
2.2633,1.6998,3.753,3.2347,5.1942,-3.2013,-0.13503,4.3583,2
2.4616,2.2955,4.4364,1.9537,6.1217,8.7222,3.2236,3.3266,2
-0.34629,2.1724,0.80437,1.4675,1.8448,4.6141,1.6779,-1.9657,1
-1.0804,2.55,6.177,0.98,5.527,4.5425,3.6447,7.2654,2
2.143,-4.7037,2.3901,-6.2936,2.1174,0.73368,-3.1937,0.73526,2
-0.21675,-2.2449,-1.1501,-1.1276,-0.68297,-2.4373,-1.5198,-1.1042,1
-1.6468,-2.0443,2.9446,-0.72366,2.3371,7.4443,1.301,-0.57341,3
2.0641,0.50031,6.7441,-10.731,6.3943,5.438,3.2969,5.768,2
-1.5266,1.2143,0.33225,2.6378,0.072089,-2.9684,2.3115,2.4566,3
-0.24636,-0.043946,-0.35169,4.006,-0.60935,-1.2693,-0.56649,-0.015617,1
-0.58833,0.34855,-0.27825,2.446,1.2912,6.7791,1.7275,0.34186,1
-0.076266,-1.7299,-0.82192,0.28379,1.7369,1.6908,4.5523,1.2188,3
-1.6506,2.7665,0.19044,-1.7798,2.2161,-4.1704,2.3033,5.5242,3
2.0778,-3.9027,7.0558,2.2298,2.8664,9.1336,2.0151,5.2683,2
0.021826,-3.9236,7.4041,4.0034,5.8721,10.025,4.8203,6.4997,2
3.6098,1.3492,5.467,1.9858,5.3279,8.0947,4.3961,6.3373,2
0.75521,-0.74778,3.9538,0.65153,1.0232,6.7579,-2.8208,-1.3891,3
0.58802,3.7919,1.3776,-0.85342,-1.7275,-2.2835,-0.60639,-0.10124,1
2.9948,-1.1045,-0.4264,3.1559,0.049593,-2.2211,-4.1807,2.369,3
-0.24864,1.2846,8.4974,0.46683,0.14751,-0.58029,3.9317,0.3465,3
-2.5112,1.6803,3.9695,0.61775,1.6801,4.4772,-5.0119,1.2422,3
0.30544,2.5215,6.5833,6.3808,6.6657,-5.2817,1.5522,3.5329,2
2.0503,0.30343,0.27181,-1.7672,6.7377,-4.738,-2.8449,-0.29903,1
2.0262,7.0963,2.9684,1.9849,1.716,-0.43398,-0.002404,4.3511,1
-1.6318,-2.0163,-0.40315,-1.5917,0.20049,-3.3852,-4.6538,5.1613,3
-2.5655,3.3748,2.9629,2.1191,-1.4978,3.2071,0.26809,3.0251,3
-0.37178,0.74539,5.4313,0.70733,-0.93029,-4.4725,3.3071,-0.67122,3
3.2838,2.4901,4.2514,3.7989,4.2757,9.8428,3.9999,1.5283,2
-2.4649,-0.688,0.58758,-0.07949,-1.7996,4.9631,2.5171,2.5443,3
-0.93802,-1.4857,-1.3007,-0.82203,-0.053803,1.6698,-2.6464,0.563,1
-0.28354,3.6241,0.35878,-0.044509,1.2917,5.0654,9.3217,-0.80632,3
0.59422,1.8799,5.6901,1.9883,9.4776,-1.1577,-2.7872,-0.036054,1
0.77625,1.1925,-1.4128,-0.7563,2.6872,5.8886,5.2993,2.2771,3
-1.7457,9.0462,-1.7423,3.2565,2.1886,-4.5998,3.9007,-1.3564,1
0.069209,-2.2432,-0.8026,-1.2406,-0.84538,4.5443,4.7886,0.8683,3
-2.3065,4.5943,1.9571,-1.1688,0.81983,-1.6711,1.6142,-0.72484,3
2.8527,-2.4344,4.2353,0.39506,2.4401,-2.1635,-1.834,-1.3457,1
1.7374,-0.25938,0.73545,-0.9474,-0.89154,5.7493,-4.3143,-0.82007,1
-1.646,-2.2781,0.11474,5.9852,-0.14297,-2.3702,2.7878,1.67,3
-1.5316,-1.9483,-0.51282,3.0534,1.0665,0.48139,3.7859,1.5537,3
3.2369,-0.89162,-0.7174,0.46094,-0.13763,1.0564,4.3588,1.6427,3
1.4775,-0.14964,1.4551,-1.1822,0.89823,4.9899,-3.7729,1.0197,3
0.57961,0.5334,-0.70224,4.4845,0.10176,-1.1943,2.611,0.89955,1
3.3351,3.1314,1.9086,-1.8278,4.8265,0.59309,0.94605,5.8317,2
-2.566,-2.3258,2.6028,3.3511,-1.75,4.4223,-1.6796,-1.9222,1
3.2512,1.1829,4.1221,-6.5031,5.7658,5.3054,2.2289,1.7358,2
2.4243,2.8193,0.4808,5.5138,7.3944,8.3275,1.6027,5.8724,2
-0.94233,0.9631,-0.34568,1.5461,-0.37928,7.9414,3.536,-1.2123,1
1.0353,2.4634,2.4429,-0.042558,5.438,7.4711,1.2439,7.7411,2
0.76942,2.1104,2.9488,1.7218,1.4379,-2.3009,-3.7164,4.5271,3
-2.7274,-0.15029,1.308,0.55211,3.7052,-2.1342,-0.98983,0.30265,1
0.94329,1.9651,7.23,-13.829,4.8736,8.7041,3.9189,0.21494,2
-1.3502,3.588,7.0469,5.9114,5.2661,8.0531,0.40802,7.8349,2
2.7757,3.5983,5.1025,1.7668,6.3581,6.4767,-3.9121,4.9239,2
2.3319,0.95216,-1.4382,-0.84734,-1.1145,0.12157,-0.98823,-0.61154,1
2.8983,-2.7272,5.6634,0.76128,7.7222,5.4289,0.34873,2.4626,2
-2.3995,0.00785,0.5955,6.1677,2.4398,1.1865,1.1741,-0.23369,3
2.2904,-0.75401,0.5524,4.0271,2.3656,3.1461,-0.58217,-0.40423,3
-2.0638,-1.5348,1.9566,6.9517,1.2233,-2.1798,7.9473,0.32308,1
-1.6947,-0.95619,-0.75416,0.59422,0.37621,-2.3738,-3.3532,2.0073,3
-2.0812,-1.6576,2.7627,0.75632,0.021518,3.9296,-0.47768,1.097,1
0.053333,1.1292,0.18009,3.1501,5.4738,4.2606,-0.6043,5.4085,2
1.5817,1.9158,0.54085,4.0204,-0.92665,-0.39295,-2.0878,3.2747,3
-0.25203,3.1108,7.784,-1.187,4.4377,4.6967,1.6363,7.9299,2
-0.16193,2.158,3.9746,-2.3516,1.5164,5.7775,3.2396,3.584,2
2.0715,4.5836,2.7076,2.1601,-0.41461,3.6921,3.2505,0.24321,3
1.6238,-2.0516,1.0355,0.69221,-0.59239,11.759,1.6453,0.045501,1
-2.4319,-0.48638,1.5871,6.5023,-0.58659,-2.2163,-1.1891,-1.4829,3
1.301,-2.6905,3.1697,0.43464,7.5396,2.3077,-0.6334,-0.59196,3
0.0015,-2.3388,5.1525,5.1013,4.3823,5.4427,0.42746,4.5529,2
-2.2392,1.5614,-0.27142,-1.0202,3.0718,4.5951,-3.7107,2.6567,3
-1.3288,-0.77023,-1.6534,1.1594,-0.48808,5.7372,-1.9169,0.26354,1
-1.1805,-2.1051,1.0327,-0.042421,-0.97266,-3.3251,-2.2509,1.5531,3
1.3513,2.1184,5.2861,-1.9401,7.6153,9.547,2.4806,4.2279,2
2.9127,-1.9991,-0.31161,0.81689,1.285,-1.3035,1.1078,2.7893,3
2.7069,-2.1119,-1.4567,2.504,-0.68881,2.0199,1.1894,1.1543,3
2.8726,0.17557,-1.1921,-0.42316,-0.50917,-4.3418,1.5831,-0.22699,3
2.933,2.4471,6.9213,4.6215,6.867,4.7693,0.76806,6.3259,2
4.633,2.6098,-1.66,-0.85526,2.0032,7.1465,-2.0165,4.1258,3
2.6844,-0.97431,2.7047,-0.73908,-0.00128,-1.8242,-2.1172,-0.45561,3
2.3674,3.0479,5.0007,2.8923,5.5569,4.0052,-2.22,2.6453,2
1.7348,-2.2868,3.7386,3.5418,4.2539,4.7022,1.4408,-0.009324,3
0.6393,-0.40703,6.2224,-2.771,7.0461,5.0803,0.038056,7.7731,2
-1.4286,0.72752,6.9954,1.8965,6.0565,5.6839,-3.4073,6.6898,2
1.431,-0.71478,4.7892,1.7349,1.2491,-1.2112,-2.8657,-1.245,3
1.482,1.812,1.4735,4.6872,5.5447,7.7657,2.4298,5.439,2
-1.4219,-0.097769,-0.14755,-1.3551,-1.1457,1.5395,-1.4679,0.70685,1
-1.7111,1.483,-1.4429,-0.8754,2.8209,-3.438,4.4861,0.83544,3
0.57767,-0.63498,2.7818,6.1383,6.865,7.6824,3.2051,4.7815,2
-1.1123,-0.55238,4.175,-0.51817,2.7489,3.2233,1.5019,-1.3217,3
-1.4217,0.38891,1.4091,2.2568,3.827,0.35387,-2.0708,-0.10658,3
-1.5088,-0.45329,-0.23339,-0.42153,-0.4383,-0.31296,12.821,6.3019,1
-0.64366,1.9289,-0.18449,0.12896,2.5411,-1.5419,-2.2453,-1.745,3
-0.79006,-1.0546,-1.9191,-1.4846,0.45932,-1.3179,7.4783,0.27456,3
0.43562,1.3388,4.9847,2.9231,7.5493,-0.22358,3.77,3.9805,2
4.8047,-0.52045,0.04038,-0.19805,-0.14416,9.644,-3.7518,-1.3452,1
0.39437,1.674,3.8443,0.7834,3.3766,8.9236,-4.7657,4.6348,2
-2.5427,-1.708,1.6011,0.33328,-0.85562,3.401,-1.8609,1.4759,1
1.2952,3.16,2.493,4.814,3.7707,10.602,-3.8126,6.8004,2
0.57616,1.4197,5.0255,2.5411,1.6425,-9.7058,0.53854,7.6802,2
0.095065,1.6815,7.1816,-2.1855,5.3124,1.448,4.0174,4.2012,2
2.6501,2.2849,4.4779,2.3413,3.8459,6.6314,-3.3933,6.5405,2
2.2375,-1.0824,1.6404,1.8657,7.8302,4.9908,-2.0499,6.0225,2
0.66119,2.1746,-0.19631,0.71867,3.3198,1.7423,-0.90882,1.0245,1
-1.5653,1.6317,3.6459,-3.7927,5.6408,6.0422,3.9467,6.5714,2
0.15203,-0.4507,-1.0252,1.4056,0.54185,3.2185,2.6995,1.6923,3
-1.9389,0.66421,1.3867,2.513,0.64713,0.72297,0.32758,3.4397,3
-0.68097,-2.2047,3.2164,-0.54341,2.1951,-1.1505,0.66525,-0.33422,3
0.058757,-0.75905,1.2441,1.0763,-0.91871,4.0674,2.3698,5.6153,1
1.4682,5.0486,1.1853,1.4303,3.1702,-2.6028,5.162,2.2087,1
-2.0798,-0.46759,-1.1294,0.35726,0.49155,0.59556,-1.8477,0.13508,3
-1.0134,2.9826,6.4884,5.2191,6.8678,4.5163,3.5294,6.4876,2
1.0263,-0.42078,0.26367,4.132,-0.85704,0.62864,4.2869,-1.0112,3
1.5882,1.4301,2.6051,0.11423,-1.4781,3.0225,1.3681,2.2346,3
3.2006,-0.97282,-1.461,6.245,4.6928,0.20162,3.1225,5.2239,2
-2.4653,-0.63782,1.0894,-1.6121,4.2277,-1.7917,-1.4988,-1.3649,1
-2.0969,-0.2508,2.2131,-0.99348,2.3322,0.23497,7.4967,1.1213,3
3.072,3.2924,-1.4462,5.9972,2.1872,9.6584,1.6524,7.5389,2
2.8864,2.9381,4.1375,5.113,4.6294,-1.4843,5.3859,4.4803,2
-3.4659,1.6502,7.6495,6.8292,7.639,2.6152,0.72772,5.2284,2
3.2691,1.1872,5.0154,-4.1781,4.5043,9.2236,3.1895,7.1082,2
3.3954,1.5382,5.4675,-4.5346,3.1556,4.4055,4.9227,5.723,2
-0.16662,-2.5187,-1.5006,0.3897,-1.5314,-0.10037,-4.3289,2.1247,3
-1.3552,-2.4973,-1.556,2.0759,0.33911,-1.6094,-3.2475,2.8887,3
-1.2213,-1.2017,-0.5408,0.37389,-1.1701,3.1671,0.83895,-0.48968,1
0.81935,3.3888,3.3973,1.7243,6.045,6.1918,-2.2397,7.1264,2
0.33843,0.86122,6.2811,-0.98598,2.1251,6.4393,4.1972,6.7202,2
1.1423,-4.2524,6.8161,5.6013,7.3143,3.9708,1.0515,2.1493,2
3.3266,-0.21,5.7559,3.3181,3.3193,6.4245,2.5741,4.3685,2
1.9902,2.9246,6.9073,2.6259,6.9987,-1.1805,-1.057,1.5483,2
2.6445,1.9562,5.1231,5.8335,6.1123,8.914,-1.8161,5.0423,2
0.93692,3.5084,5.5084,-12.055,4.8854,9.6374,1.795,5.8964,2
1.7943,0.60861,4.4697,3.2124,3.7528,-0.58578,-0.48669,6.7419,2
2.6829,0.42801,1.7675,0.17829,5.5936,1.4377,0.19235,0.12421,1
2.0621,2.7254,4.2402,1.3097,6.4861,5.8155,0.95139,6.9899,2
-2.0204,-2.706,2.1745,-0.42788,3.7267,0.23353,1.6507,1.6781,1
2.607,3.204,6.5838,2.74,3.5521,7.59,-1.6056,4.7049,2
-1.6918,-2.1063,-1.1278,0.57915,5.3011,1.8505,5.1333,-1.6106,3
-0.77225,0.60278,0.88973,-0.39644,0.74431,-2.8931,2.1531,2.6184,1
-0.97427,-0.57439,6.0915,4.2618,4.6638,1.7009,-7.1124,2.9472,2
-1.0215,-0.70807,0.9117,-0.88695,-0.17975,-2.4377,2.52,-1.5053,3
1.8465,2.5392,6.1534,-3.0735,6.3858,8.7069,1.5876,5.2737,2
2.3441,-0.97892,3.5488,1.4716,5.9534,7.2782,2.3107,7.4573,2
1.9213,2.5714,3.9548,2.6613,-0.63916,7.2628,2.1272,4.3803,2
-0.5319,2.6596,-0.63981,-0.52207,-1.4303,-1.8678,1.9218,1.4702,3
-2.7964,-1.6719,2.4352,2.145,1.2125,12.264,-1.9715,2.0665,1
3.7278,-0.79108,5.4934,-0.63619,5.5916,1.0733,4.6777,3.8682,2
5.1427,-2.3059,-0.77479,2.4916,0.90798,3.7397,3.0804,0.12123,3
0.43461,1.6732,2.2914,4.3347,1.5758,4.2406,3.6236,1.0656,3
-0.80879,0.67471,0.3056,2.7195,1.5785,0.16328,5.0142,-0.10219,1
-1.4592,2.1281,3.497,6.1318,4.0477,7.1149,-1.5113,-0.26792,2
0.31736,-1.884,-0.96902,3.186,-0.62427,-3.2558,-2.3225,0.16488,1
-1.9645,1.3358,1.7636,6.9201,0.89793,-1.35,1.1486,0.14564,1
3.1149,-1.3297,-1.2521,-1.2022,3.6219,-4.1902,3.4317,-0.42461,3
0.44159,-1.7146,-1.4516,-1.1979,-0.15226,-0.36692,-0.80903,0.03418,3
1.4137,-2.0205,-1.4253,1.3016,-1.8743,-2.3054,8.8677,2.4064,1
-1.363,6.6168,2.4737,2.7557,-1.5994,5.907,4.6527,1.7501,3
1.7181,2.9409,5.8192,-0.92227,6.8278,8.6991,1.2971,4.8332,2
-0.96145,1.5881,-0.70286,-0.66549,2.471,4.7313,-1.1327,1.1972,3
-0.35934,-1.8099,0.10263,-0.16275,-0.51843,3.8262,-3.2755,0.81536,1
0.30018,-0.87841,3.1518,1.8822,-0.40031,-3.7568,1.7934,1.6298,1
-0.55494,4.3799,0.10905,-0.070529,-1.7055,0.38144,-0.24305,-1.0647,3
-3.672,2.1481,1.7176,0.5935,5.3305,10.038,0.75584,6.2183,2
-1.9226,-0.66207,5.622,0.12766,-1.387,1.8263,-0.64163,0.37904,3
-1.2333,-0.47693,0.72337,-0.55112,2.3822,-0.012347,-0.56801,-1.7615,3
2.9452,-1.4886,2.5126,0.50535,6.4928,6.4603,-2.1076,0.031026,2
-0.36942,0.57972,5.5633,3.7237,6.8555,7.4842,-1.0997,5.8108,2
-0.85875,-0.88167,1.2977,-0.66372,1.4113,1.5441,-3.782,0.70856,3
1.9442,-1.3218,1.0876,3.4737,2.095,-1.4306,-0.61758,5.8334,1
-0.005002,1.6768,3.963,1.4678,0.71386,8.0381,-4.1061,2.8969,1
1.0118,6.5969,0.20167,-1.7929,2.4431,-3.8478,1.5149,0.36932,1
1.6322,0.97717,3.5537,2.3827,2.426,2.9805,3.2307,3.2285,2
0.094933,2.3361,6.5147,0.41147,6.9787,9.26,-0.040525,5.3977,2
-1.1778,-0.68137,0.88661,4.6257,1.6075,-3.0636,10.285,2.7867,3
1.7163,1.5034,3.4567,-8.1083,5.3208,1.6908,2.6678,6.5629,2
-1.6989,2.2056,-0.48403,-0.745,0.51698,10.529,-4.6201,-0.4124,1
2.714,1.895,6.776,5.2525,0.33985,6.1575,0.87652,5.4088,2
1.0469,-0.29069,7.3888,4.5017,6.1986,4.5254,1.9474,6.9118,2
0.84954,2.4548,6.1196,-12.333,-0.42179,0.20854,0.42852,6.5374,2
-0.82176,0.78609,5.0387,-3.6364,2.9914,6.0265,5.194,6.9292,2
-0.054507,2.6429,-0.96199,-0.40755,-0.066268,5.4594,0.89241,2.5754,3
0.15035,2.5742,6.2926,3.6009,7.1648,7.5944,-3.6498,4.2354,2
0.29109,-1.7357,4.8432,-4.6374,4.2461,2.0485,-4.368,7.0371,2
1.9,0.34453,-1.1742,-0.75621,-1.8116,-2.4525,-2.1486,0.81086,1
-0.10445,0.72396,-0.48154,-0.072217,2.1944,-0.81261,6.8274,2.0461,1
-0.099209,0.4201,4.9743,1.2148,5.005,5.4851,-0.009759,6.3305,2
1.9624,2.1585,5.789,2.366,7.74,-0.75646,-4.9685,6.0828,2
-2.0026,2.0861,1.7312,4.5039,7.3038,6.9726,-3.004,-1.2496,1
-2.5791,0.26487,4.6857,0.4316,-1.2075,-4.1081,-2.3379,-0.54434,3
0.89827,-1.4816,0.12396,0.94368,1.5021,2.2572,-0.59125,-1.0688,1
3.5551,-2.5337,1.3113,1.3873,-0.071029,1.4413,2.7473,0.007027,3
1.366,-1.1657,7.3025,-7.2151,4.2056,6.5198,2.7984,2.7668,2
4.3576,-1.9199,1.5604,0.79548,-1.3671,0.50431,-2.0605,5.4741,1
2.4872,0.92002,7.847,-3.7825,6.0904,-7.5287,0.31179,3.8649,2
-0.46316,1.074,6.3156,-3.999,6.8107,5.9242,-1.3523,5.5109,2
3.1939,3.6764,3.9953,1.7603,3.5094,6.8873,-0.084165,-1.4354,1
2.2776,4.4824,0.70952,1.8409,-0.68897,-2.0374,1.6664,-0.61687,3
0.71605,-1.3562,7.2244,4.7624,6.9746,9.2919,4.761,4.675,2
1.4483,3.6615,5.7196,-0.51954,2.6146,1.6294,4.4925,5.4705,2
-3.3624,3.0307,5.2957,-0.98444,2.0951,1.878,4.1304,5.5502,2
-0.022914,0.85044,2.0565,2.3275,1.01,-2.8329,-1.7101,-1.0875,3
3.0939,-3.2396,4.6704,3.5843,5.8118,5.3384,2.8843,6.9229,2
-0.48737,-0.64525,-0.44903,0.4578,0.72949,1.3349,6.7414,2.3598,3
0.37615,-1.6248,-1.0618,1.2367,2.2953,2.8654,-2.3565,1.4073,1
4.0997,2.6275,1.2424,2.1873,-1.0735,0.96238,1.6165,0.10804,3
0.77255,0.5078,-1.5111,0.70898,2.9742,0.39365,10.124,1.5348,1
3.8114,-1.2484,2.5528,0.65281,1.6809,2.825,0.59787,1.3364,1
-2.3633,1.4728,0.82607,1.1381,0.75193,-1.0085,13.432,4.2213,1
-1.4134,-2.2501,2.1678,0.68253,-0.21458,2.4039,-2.1793,-0.23402,1
2.6221,-1.78,-1.0739,2.9213,-1.2505,-3.7301,-1.5363,-1.4373,3
1.4168,-1.4943,1.7382,0.79583,-0.47459,0.005638,-0.77174,2.7022,3
2.1579,-0.63827,-0.045846,-0.46664,0.25767,-4.0398,-3.4148,-0.40049,1
-1.1881,4.6758,6.8995,0.15591,0.67652,-3.0117,-1.7949,-0.50273,1
0.10664,-1.5888,1.262,0.061466,-1.0088,-3.0603,-2.4338,2.2217,3
-1.1003,-1.8903,1.2031,4.5184,-1.8968,11.692,-2.9573,2.2725,1
1.7666,3.1756,5.5307,-6.3411,0.61143,7.5963,-1.3714,5.8748,2
-1.4096,3.455,-2.5832,-3.4361,3.7242,1.128,1.1946,7.1362,2
2.8945,1.8019,2.5847,1.7157,5.8864,8.7568,3.8473,5.615,2
-2.3292,1.9586,0.039969,3.5903,3.6239,-1.3298,-3.5133,0.39405,3
0.55455,-1.8141,-0.30222,-1.7983,-0.50335,6.5457,-4.902,-0.3784,3
-0.86236,-1.7052,0.93719,1.275,2.2106,1.1137,-3.1662,-0.67653,3
-2.4253,2.3551,1.5315,0.30608,-1.1168,2.6951,12.664,-0.67248,3
-0.41258,-1.5643,2.8162,2.8821,-0.23207,-1.6325,4.0425,2.0379,1
1.1175,0.04033,0.17185,-0.21648,0.80242,-2.4792,-0.47674,-0.45556,3
1.5665,-0.49256,2.7349,1.0855,0.025529,-2.5411,-2.8613,-0.88162,1
-2.5206,-2.0517,0.50357,0.24452,-0.22717,-2.879,0.26535,3.1477,1
-2.237,1.0893,0.037784,2.629,1.2521,0.12313,0.28502,1.1323,1
-0.97308,0.014126,1.2863,0.12594,-1.476,4.9448,3.9018,0.18995,3
-2.2932,-0.16776,0.20856,-0.26322,2.9019,-1.2314,-1.9954,0.91469,1
1.4319,-1.2607,6.8375,-5.6194,5.7901,6.7026,3.8125,3.4335,2
-0.39059,4.2248,1.2392,1.1694,4.9803,0.090074,1.2475,-1.4524,3
-0.71059,-1.051,-0.87081,2.0163,0.21616,-4.4776,-3.1013,0.9068,1
-2.0148,-2.8441,1.5452,4.8157,2.0861,0.13935,-4.3174,-0.89287,1
2.9591,3.5093,6.2094,-0.47196,5.8074,4.433,-1.7475,7.3146,2
-1.7397,1.61,2.5895,0.97111,4.1433,0.25113,2.4974,4.1708,2
-1.7505,1.2656,1.2368,-0.72195,1.4389,-4.2795,2.6984,4.2679,3
0.75246,-1.5366,-1.1082,1.5634,1.2379,5.8886,3.6215,-1.6764,1
0.59422,1.8799,5.6901,1.9883,9.4776,-1.1577,-2.7872,-0.036054,3
-0.20863,-1.4383,-0.55733,1.4571,-0.10629,9.2368,-3.4916,0.4564,1
-1.1354,2.2016,0.83757,8.7986,1.612,3.6441,-2.815,0.95401,3
-1.9204,0.6489,4.0957,3.4951,2.4834,-4.4484,-3.1052,1.313,1
1.1752,-1.8277,5.9556,-1.4052,2.2149,-4.8374,4.9825,2.2869,1
2.7235,3.2405,4.1081,5.5087,2.4736,0.71055,-0.82482,5.626,2
-2.6357,2.1232,-0.42365,1.2255,2.6833,-3.7959,7.1957,2.0402,3
0.47607,-1.5887,2.757,1.9092,-0.51374,0.30062,-0.45814,1.2242,1
0.55821,3.0908,3.3577,-9.857,7.3465,6.9563,-4.5297,5.575,2
-1.1985,-0.30709,-1.1608,0.91868,-0.90626,4.1075,-4.0315,-1.2859,1
-1.7031,-1.4541,1.4015,0.69633,0.44694,-1.0419,2.1424,1.7244,1
-0.71484,-1.4472,-1.9275,3.0168,5.9694,-2.5075,11.854,-0.12721,1
-0.45818,0.35269,-1.1866,-0.49584,1.4875,-4.2876,-0.9941,4.1556,1
-1.0941,3.2264,1.3991,0.8488,1.3461,-3.1996,0.99611,2.6931,3
-0.15435,1.427,3.0502,4.2421,6.0721,6.0758,-2.5593,6.4845,2
-1.3507,-2.0144,6.4446,1.0148,5.6273,7.6909,-1.7138,7.2784,2
0.93547,-0.95902,-1.4758,0.82287,-0.50496,-0.53812,-0.82518,4.3768,3
-1.7547,0.13757,7.7168,0.54043,-0.54858,4.0577,-4.4368,0.44872,3
-1.3197,3.2181,0.60168,-0.71379,0.25143,-2.451,-1.9146,1.1428,1
2.2655,-1.6985,6.523,3.6674,7.7344,7.5091,4.4203,4.802,2
4.0191,-1.5325,-0.021818,1.794,0.47129,-1.7642,-4.298,0.046789,1
-1.2788,-1.7185,-1.1647,0.82662,0.66777,0.17828,12.536,1.8047,3
0.12027,-1.7231,0.65997,-0.45132,1.807,0.55385,-3.9658,9.3359,1
-1.8199,-0.23079,1.8674,-1.6795,2.8124,-1.6412,-4.062,-1.836,3
4.3301,0.74759,0.55987,1.4503,-0.63507,2.5041,-3.8359,1.1751,3
0.46497,0.63232,5.8581,-0.036832,5.29,-3.3576,2.0154,-0.77674,1
-1.7349,-3.7004,5.968,0.81058,6.817,6.9932,0.87806,4.8215,2
-2.6163,-2.3037,1.0387,-1.4621,-0.27894,-1.9676,2.4124,-0.13961,1
3.0074,-5.6946,7.5009,-0.38674,7.4479,-2.2068,1.3309,4.8778,2
-1.92,-1.7087,0.52332,1.4912,-0.39312,7.1306,2.4063,-0.051206,1
2.5908,-1.095,6.1386,-3.4297,5.5391,3.423,-5.456,2.9854,2
1.821,-1.6237,-1.7848,0.085142,0.64302,-0.37858,0.38346,2.6895,1
1.9597,3.8582,3.6768,4.6838,2.52,5.5574,1.2179,3.6764,2
2.5088,-0.1916,-0.9217,-1.3211,1.4267,5.4924,1.7379,-1.0413,1
1.319,2.7344,1.4932,0.20005,6.1858,7.8663,0.88596,7.6176,2
1.824,1.7398,2.6116,-0.3559,4.4186,3.4668,-2.7811,1.949,1
-0.78091,-1.7706,-0.26787,2.2733,0.49631,-0.64483,0.21237,-1.7054,3
-1.428,-1.9522,-0.1171,0.58154,-0.83227,-0.73956,7.7432,2.1058,1
1.7924,0.77708,1.0653,-0.16827,1.0454,-4.3968,-1.0951,-0.21352,3
1.8976,-1.7028,5.1535,2.5563,4.639,2.2779,0.046324,6.5825,2
2.7481,-1.6514,0.11568,0.68005,-0.092195,-0.13968,-2.747,-0.54651,1
2.0227,-1.7129,4.5712,1.4724,1.8896,-3.1721,1.3229,5.9779,3
-2.4467,2.9077,0.46164,-4.6858,6.811,2.1691,-0.92707,7.2185,2
2.2701,2.719,6.3646,-1.7604,5.4331,5.8676,4.7136,1.5374,2
2.6342,1.6057,2.9304,0.92188,-1.8344,-2.396,-3.0599,0.24036,1
3.0371,0.17433,4.8776,-1.2829,1.2718,11.708,1.9298,1.8352,1
3.183,3.0663,7.275,5.3483,4.796,5.4398,2.3541,3.1126,2
0.30993,1.8599,2.6597,6.9309,5.7196,5.2635,1.5305,5.1748,2
-0.006548,0.51252,1.9091,3.3346,-0.45763,4.1629,-3.6315,-0.78082,3
1.3921,1.2704,0.4325,0.10963,-1.0159,-0.44592,-0.9007,2.4512,1
0.33571,-2.0937,-1.9758,-1.3675,2.6263,7.7682,-0.99008,2.0629,1
1.5027,2.3652,4.419,-1.7808,0.029417,-2.1696,3.378,0.74406,3
-1.3089,-0.89722,0.3184,-1.7541,0.043733,3.5568,-2.035,-0.39968,3
2.0566,0.3873,-0.11106,-1.0157,3.6078,-0.22004,-0.094056,3.8956,3
-1.8193,-1.3516,6.1179,0.53406,2.0498,-3.9153,-4.4719,3.0443,3
-0.33989,-1.3973,-1.0325,1.2428,-0.52459,-2.099,-3.6834,0.34464,3
3.1951,0.72498,5.3243,1.7001,7.0535,6.0395,-1.9637,7.4181,2
-0.76029,-2.9701,-1.1362,1.2839,1.0661,7.3209,3.0789,2.1364,1
1.4579,3.3541,6.774,5.0216,3.3946,8.9869,-1.4505,2.3082,2
2.1921,-1.1243,2.0997,-0.17333,-1.0597,3.0162,-0.55516,0.86734,3
-0.60022,2.5117,1.9031,-0.44831,-0.51729,-3.3095,-3.8963,0.01209,1
-2.5357,0.57603,2.6373,4.9817,1.5503,-1.6024,3.8876,1.8727,3
-0.76908,-0.9501,6.7792,3.8037,7.4556,-6.6535,4.3477,6.1284,2
-2.7439,-0.82962,1.1774,-0.076877,-0.12438,-2.6816,0.98235,0.24228,1
2.014,-1.8821,6.1217,-1.3608,-0.060713,3.0775,7.2163,1.3558,3
-1.0295,-0.4626,-0.6168,-1.44,3.3576,4.5823,-0.69641,0.30385,1
-0.52194,-2.55,0.62508,-0.35298,-1.2453,1.594,-1.9937,-0.61352,1
0.22047,-1.078,2.9592,-0.60922,0.97234,-0.40514,3.3555,-0.54984,1
-0.39918,6.0622,0.30708,-0.49707,1.1389,10.977,0.26649,2.4191,3
-1.7712,1.9903,8.8899,0.73098,0.089929,-4.4952,3.5239,-0.4669,1
2.8204,-2.4056,-0.64441,0.031032,1.3521,-1.5166,-2.7652,-0.16815,3
-0.29375,2.6748,2.1637,4.1821,1.3089,1.2634,9.7524,2.5332,3
1.3457,-1.0364,5.697,3.7846,-1.0631,13.637,-3.5144,1.3612,3
2.1523,3.9259,3.611,6.0303,3.7243,8.2778,-1.543,5.4843,2
-0.019441,-1.0978,-1.0368,-1.4718,-1.1538,-1.4154,-2.2243,6.6568,3
-2.7543,-0.55864,0.21934,0.09168,2.7426,-1.7769,2.5217,0.28271,1
-0.39187,-2.1618,4.6181,-11.774,2.8866,4.8825,-2.3196,-2.3774,2
-0.32532,-2.5325,3.1319,-0.28958,-0.66826,-1.8166,-1.5775,-0.22896,1
-0.54649,1.4585,3.6733,1.0257,6.9964,10.878,3.8223,2.5507,2
-1.6905,-1.7347,2.3561,1.2787,0.35834,0.32752,-2.7961,3.3488,3
0.92081,-1.3702,5.9154,3.4604,6.6549,10.614,2.5686,0.022256,2
2.8798,0.98294,-1.473,3.3986,0.18093,0.60137,1.2368,-0.20208,3
-0.2515,1.1984,3.0176,-0.012289,2.9418,-1.8478,-3.4014,-0.066753,3
2.9969,0.50971,4.7691,0.75013,1.9697,3.71,-2.2924,4.0733,2
-2.5634,3.0082,-0.46624,-0.443,-0.32483,-3.2173,-0.7457,2.6042,1
-2.0443,-2.3831,1.7193,4.7201,-0.51532,-3.2159,7.9969,2.8366,1
2.9109,-1.6648,-0.96147,0.16025,0.15491,2.6237,2.1487,-0.66495,3
1.1982,2.9986,2.4345,0.55937,-1.6794,1.14,5.865,4.5967,3
0.55941,3.1678,6.4534,0.48505,3.5921,9.1204,-1.7127,5.4536,2
3.1953,0.85406,-1.1333,1.1507,-0.29804,-0.54988,7.0738,-1.2035,3
-0.65716,-1.0005,5.2969,-0.9151,0.26519,-0.55114,2.1213,-0.32827,1
1.6011,-2.2534,4.7199,-2.7824,6.6342,6.2137,-9.3601,7.6873,2
2.9144,-0.3943,0.25313,-0.84986,3.9881,2.7444,6.7614,-0.55817,1
3.8211,0.91503,3.6968,-1.2947,2.9678,0.99176,4.673,2.4231,2
2.4641,2.9597,6.108,-1.0111,6.4675,0.65077,-3.8329,5.4069,2
0.048659,0.88124,1.9074,1.2371,1.3297,1.1502,-1.3684,-0.796,3
0.63951,1.7881,0.56411,1.8922,3.0069,1.3694,-3.9516,-0.86836,3
1.1123,1.3129,-0.8593,4.2234,4.4635,-4.4178,-1.6059,8.4831,3
2.2176,3.6023,7.7261,-3.0892,5.5329,5.904,-1.959,5.4043,2
-2.0532,-0.87763,3.9234,3.3179,3.064,8.0165,-3.7967,2.4451,3
-2.0638,-2.6035,-0.63405,-1.1871,0.49439,-4.5712,5.1906,-0.057803,1
-1.7328,0.64851,-1.751,1.0465,-1.7948,10.239,-0.77362,2.6544,3
-0.65021,0.39619,4.7819,-0.64299,3.1039,1.9572,1.8527,0.39128,1
0.28837,-0.27819,0.15844,0.14026,-0.32081,-0.72791,-2.1789,3.6114,3
0.47049,2.8859,2.2359,1.7194,1.4119,8.6976,-3.0882,-0.79225,1
0.017994,-1.4266,-0.80767,-0.012336,1.9171,0.63765,3.4048,5.3043,1
1.2968,-1.1469,0.6579,-0.47583,-0.95623,-4.683,-3.7026,-1.024,3
0.18419,0.55539,0.91803,1.1471,-1.2379,-2.0834,1.8945,-1.278,1
3.0007,2.9423,6.0983,4.568,-1.3475,2.684,-6.3495,3.0744,2
-0.43739,3.5334,-1.639,-0.21668,3.7609,3.2208,2.2755,-1.7012,1
-1.3644,-1.6283,-0.81269,-1.7204,6.2486,-0.65313,5.6339,4.1263,3
-2.1427,1.0611,-1.8068,5.0997,-0.60059,6.1085,0.99359,-0.68114,1
-2.1013,2.0648,6.8589,3.9724,6.1165,1.6581,-2.743,3.4323,2
-2.6442,0.9476,3.2492,3.7079,1.2612,4.172,1.3156,1.903,2
-0.82164,-1.1497,5.8469,-7.9709,4.3833,2.5171,2.4702,5.88,2
-0.63733,1.7447,-1.3635,-1.1372,2.1236,14.314,6.4528,2.447,3
-0.39658,0.52101,-0.85815,-0.99305,-1.8054,-2.625,-2.3696,-0.43875,3
1.4482,-2.7109,1.3852,3.3587,0.43069,-1.4024,4.0059,-1.1533,3
-0.85025,2.9702,4.3465,2.8645,2.4683,-0.72247,3.217,5.4227,2
-2.2967,3.796,7.4786,5.2642,1.1058,4.8429,-5.5243,3.1788,2
1.871,-2.2276,2.691,-0.039668,-0.95052,16.123,-3.8475,4.0919,1
-1.8276,-0.49069,0.3767,1.5568,2.825,0.85809,-0.53049,0.72148,1
-1.258,1.5508,-1.7649,-0.59073,2.9785,-3.348,4.2279,-1.6857,1
-1.2012,1.0132,-1.5303,1.552,5.0268,-2.5833,4.9894,-0.41969,3
-0.87063,-2.5512,0.65333,2.1797,-1.0249,7.6928,-0.10381,5.5117,3
-1.0922,-0.62407,-1.5459,0.16293,0.73368,-3.5311,4.1427,2.2828,3
-2.673,1.7523,4.416,-0.001422,-1.749,-0.12094,-2.6593,0.28818,3
-0.75449,-1.6693,-0.59362,-0.41599,-0.095495,-2.3195,-1.3285,-0.58917,3
-0.62396,-2.1561,3.5345,0.015996,6.4985,-1.0833,6.1986,-0.79924,3
0.64235,-2.8219,3.8702,2.7075,0.11718,2.2463,8.7776,4.9019,1
-1.6265,-1.7306,0.25171,1.2295,1.7317,5.1297,5.2817,4.8088,1
-2.588,1.6505,4.5985,0.15626,7.5345,-4.2989,2.9347,5.4001,2
-2.9299,4.5346,-0.96028,5.679,0.34453,-2.3752,-2.0583,-0.66548,1
-1.3773,-2.4308,-0.93377,-0.65061,-0.6212,-0.38083,-0.37288,-0.16934,1
-1.388,3.4036,5.6839,5.5162,6.6153,3.9033,5.3659,1.4031,2
-0.71465,-0.79436,-0.65526,-1.3049,1.0424,-1.8822,6.7828,-1.4502,1
2.9101,-1.1157,2.7797,4.4037,4.7313,3.7655,1.2122,6.1873,2
1.6071,0.39129,5.8446,3.618,4.052,1.2236,-2.2044,5.7362,2
1.3644,-0.14198,2.4029,-5.599,5.4913,-5.5483,-1.9698,7.2521,2
-1.5157,-1.2827,-1.4015,0.41675,5.8603,-3.4097,3.422,0.71606,1
-0.051369,-0.024743,3.8885,1.7151,6.662,1.3336,0.59549,0.23673,1
0.17729,-0.52678,0.83179,-0.088038,0.60596,12.761,1.8208,2.6437,3
0.78975,-2.2688,1.1622,0.29598,2.1611,-0.65794,-3.2654,-0.35129,3
-1.0608,1.0921,-1.3925,-1.4122,-0.36265,8.788,0.71772,3.4902,3
-1.2107,-0.14906,-0.28402,1.0585,-0.42007,-1.3667,8.266,-0.76047,3
-1.3911,1.4811,0.22993,0.893,0.86949,2.3268,-2.6561,4.1339,3
-1.7038,-1.9122,2.15,-0.75367,2.5983,8.229,10.061,-0.32973,3
-1.0378,-1.015,-0.86419,0.35671,-0.81176,0.36795,3.0069,-0.09594,3
1.7491,2.5109,1.7656,3.0609,3.0972,1.6015,0.88365,2.2949,1
-0.19748,-0.73235,-0.16276,0.18905,3.2853,7.0777,-1.0148,-1.0516,3
3.3354,2.1311,2.9947,5.9825,3.1284,10.455,3.4465,2.6256,2
1.5737,0.009011,6.0172,1.6681,6.5073,4.407,4.6045,7.1476,2
-2.7874,1.0979,0.95746,2.0804,-1.104,1.9268,-2.3852,-1.8928,3
1.3278,-0.58724,0.22592,-0.083015,0.18136,-1.4632,9.0274,4.662,3
-2.016,-1.8615,0.19996,-1.5551,1.6509,1.7223,2.4121,1.1817,1
3.0884,-1.2136,0.88357,1.7715,0.1047,3.4979,2.5451,-1.7616,3
-1.0822,1.8657,1.9405,-0.085863,0.60637,1.1912,3.3444,0.36416,1
-0.43862,0.13319,-1.0767,-1.3701,1.2135,-0.1667,-0.77138,1.7642,3
2.5066,-2.5316,-1.353,-0.20711,-1.0951,1.939,2.3413,3.3257,1
0.040242,1.6903,2.3571,-1.1062,-0.8977,1.0636,-0.99395,2.8037,3
2.3083,2.5825,4.5496,-4.1926,4.6254,2.7854,3.5324,6.8887,2
4.1217,1.4764,-0.77457,6.1694,2.4037,2.4258,-2.6648,0.46532,1
-3.4995,1.1448,6.3685,-5.6815,6.3809,9.1246,4.4671,6.063,2
0.33244,2.0393,0.63724,0.21584,-0.57981,-2.4803,-1.8648,0.02596,1
-0.23738,-1.6692,2.707,1.8857,1.7881,-0.053692,-4.4491,-0.3503,3
-1.9927,-1.0485,1.4592,-1.4078,0.003413,0.72784,3.3675,3.3553,1
2.0891,-3.0787,7.6444,-6.4761,7.2339,5.9264,2.3738,6.5759,2
0.45449,-1.3336,4.7309,1.6296,-1.3556,3.133,2.5187,3.1406,3
0.65703,-1.5382,-0.84742,0.6671,-0.27242,0.002626,-1.9705,-0.53347,1
-0.32964,1.9682,0.75925,-0.97228,0.82064,0.52632,-0.3249,3.3232,1
2.2948,2.4378,3.4912,4.5825,5.7539,9.5883,4.7639,5.3057,2
-2.0978,-0.63157,-0.74525,1.8352,0.11118,0.33536,0.40841,4.0943,3
-1.2327,-2.7094,1.5977,1.0788,2.135,1.3499,-2.6837,-0.47465,3
-1.6698,3.5865,6.277,4.4326,5.6254,6.0118,2.1004,5.4009,2
4.3765,0.45085,3.4516,0.32456,0.3821,-0.68665,0.95465,0.5008,1
-1.7909,1.9187,-0.53673,-0.92869,-0.48251,-1.198,3.045,3.2946,3
0.7783,2.9081,0.17456,0.65436,6.2332,0.046323,-0.65863,5.6546,2
2.716,3.4623,7.1123,2.9948,7.3714,-1.8654,2.6284,4.9468,2
0.83754,2.3308,3.6314,-1.1154,6.7515,-2.2013,-0.061173,4.8059,2
-2.9085,1.2839,7.7284,2.5235,4.9018,3.4919,1.3351,4.3461,2
2.6497,-1.297,-0.69515,-0.80456,0.33527,0.78029,0.38188,-1.2511,3
1.5757,0.48995,-1.2199,-0.79969,0.5488,4.3559,-1.2261,-0.37967,3
-2.7563,-1.8337,0.68117,0.049365,4.7188,2.8138,-1.8369,-0.015145,1
-1.4378,-0.72193,4.8699,2.5771,5.7616,0.090979,-1.4385,4.3581,2
-2.8202,-0.45199,-0.23603,-1.0639,-0.15384,-0.89316,-4.7985,-0.96283,1
2.8672,3.1266,6.4056,4.5595,7.651,6.6346,3.5284,7.3941,2
-1.3533,-2.4892,-0.02102,-0.53838,1.1904,-1.7288,2.4241,-1.006,1
-0.15222,0.97155,1.4051,-0.013155,-0.93138,9.3097,1.716,2.4641,3
-2.1138,-1.2301,-0.98182,-0.35958,2.6626,4.5278,-1.3182,-0.97483,3
1.3065,-2.0604,-1.043,-1.4017,-1.2668,-0.76223,0.094608,0.70083,1
2.9007,1.2016,2.0601,-1.17,4.5963,11.04,1.6782,-0.077814,1
1.2947,-1.805,1.6314,1.596,-1.2173,2.3105,-2.3996,1.58,1
0.42849,1.2902,-0.31857,-1.8247,2.1735,-1.762,0.96974,1.6475,3
1.6944,0.89038,2.0144,6.2664,5.2277,9.744,3.3738,3.5913,2
-1.4687,-1.0951,3.7605,1.9491,6.3264,-0.39493,-3.1712,2.7493,3
3.3499,-2.5323,-0.89712,2.2805,1.0644,-3.5633,-4.4814,-0.55844,3
-0.066461,-2.5837,5.276,-0.66607,0.16265,0.63915,5.3457,0.38744,1
1.9324,3.2091,-0.76114,4.9714,5.6233,-6.2686,4.1189,6.6121,2
1.4083,4.6691,-0.67106,0.83491,-0.23349,-0.98407,-3.3355,-0.11292,3
1.2232,-0.95039,0.19982,0.027095,5.5515,0.94028,2.9153,3.1433,1
-1.1374,-2.2405,0.94189,0.72787,1.5541,11.282,-2.0573,3.2172,3
3.0355,-1.3934,3.8886,-6.1071,4.8246,4.4411,1.4709,6.9592,2
-0.58287,-0.37839,-0.64879,2.9632,3.4596,-4.2852,-1.7751,3.5643,3
-1.2552,2.2864,4.9239,-2.2895,3.4487,1.7435,0.56659,4.8018,2
-2.5458,0.28567,2.2306,-1.1919,1.3483,-2.1795,-3.6386,0.77136,3
0.20641,0.002604,-1.3713,0.62427,0.070586,11.112,4.509,4.2251,1
-2.5518,2.7699,-1.4848,4.5619,-0.1868,-2.5596,-2.2289,2.0456,3
1.6447,-0.99658,-1.855,0.39678,1.7017,1.9721,0.014333,-0.65238,3
-0.2368,-1.24,-0.90223,-0.82531,0.83178,-2.1358,5.011,4.7236,1
-1.6867,0.56254,0.8681,-0.070611,0.44458,-4.8733,1.7943,0.4163,3
0.10838,1.7762,6.7222,0.54467,3.3609,-0.15174,2.1623,0.5796,2
-1.1633,1.3087,4.3693,0.84585,4.4268,0.54003,-7.8972,6.4151,2
1.2389,0.35048,-0.84417,-1.181,-0.74346,-3.4246,7.8747,-1.3371,1
-1.5482,-1.741,3.6902,-0.51161,-0.77593,2.0237,0.13936,-0.37189,3
-1.375,-0.23111,5.2698,0.33969,-0.51568,-0.34523,8.5962,1.3856,1
-2.268,0.13797,4.8709,3.3961,3.7728,-3.703,10.71,1.906,1
1.5665,-0.49256,2.7349,1.0855,0.025529,-2.5411,-2.8613,-0.88162,3
3.0833,3.4791,6.3313,0.69166,5.5333,4.1675,3.1438,2.6947,2
0.3564,2.3934,0.80341,-1.1956,-0.38478,-4.7683,-0.50775,2.9048,1
2.6526,0.90263,6.1432,-5.7248,3.3109,5.4493,2.1063,7.2477,2
1.2741,-1.3198,7.2829,-0.049497,6.1822,3.7921,-0.68875,7.095,2
-4.0597,3.6788,4.9628,4.645,7.709,1.1593,2.1628,6.9124,2
0.37466,1.2795,-0.067114,3.7278,2.2982,-3.425,-1.3534,-0.19094,1
2.8317,-2.4114,4.2299,2.7675,5.8577,6.2343,0.2691,5.4806,2
-0.661,1.7672,6.4167,5.6047,-1.081,9.6279,4.6071,6.4917,2
0.22543,0.85303,3.6533,1.5234,0.14673,-0.49953,6.6169,2.0504,3
-0.44525,-0.50884,2.5553,-1.0672,5.6456,-4.3796,3.3391,-0.66989,3
-2.8927,-1.0126,-0.76847,-0.80607,0.82939,2.2091,2.7412,0.52769,1
-0.009625,3.0273,3.5118,0.66917,5.074,-0.025336,0.60895,0.91703,2
-2.8718,-1.1556,1.1094,1.39,2.2164,-2.3576,-1.8567,2.2408,1
-1.1164,-2.0847,3.7437,3.5089,-1.3809,-3.2742,5.0372,1.1006,1
1.7231,0.87754,3.8702,-0.1403,-0.053222,-2.1148,-2.9752,1.4425,3
-2.6734,2.8252,-1.6706,0.18721,-0.052097,-0.86431,1.1823,1.8238,1
1.3751,-0.16486,6.0827,0.82691,5.6935,4.2686,-0.48663,7.3382,2
3.2729,2.6654,3.3857,4.8561,3.5458,9.5679,-6.1517,3.8196,2
-0.29835,0.95146,0.80026,4.4759,-0.064092,3.5794,2.1345,1.5276,3
0.82277,4.958,0.88451,2.0237,7.1794,0.14598,19.381,-1.4821,3
-0.10637,0.27478,5.8004,4.8419,6.6482,-1.129,0.59894,4.8691,2
3.397,-0.83213,0.44337,1.6777,0.13717,5.6175,-3.7368,-0.08937,1
1.4083,4.6691,-0.67106,0.83491,-0.23349,-0.98407,-3.3355,-0.11292,1
-0.33755,-2.255,0.21873,-0.50132,-1.4667,-0.57126,-1.9339,1.3088,3
-1.4775,-0.5369,6.1104,-2.8858,6.5328,5.7927,2.9821,6.6585,2
-2.5979,1.9747,1.1755,3.6442,3.7016,3.1273,2.4688,2.64,2
-0.69961,0.14876,2.532,-1.3281,2.5394,7.0189,2.4981,-0.50772,1
3.1021,-1.9736,-1.5784,-1.688,10.337,3.1826,2.8723,-0.5603,1
-1.5301,-4.3932,3.8727,6.0534,1.6488,-0.70807,1.0261,4.8327,2
-0.37019,-1.7408,0.98546,5.9029,-0.15467,-0.36686,-2.272,0.73512,3
3.9146,-0.07847,-1.8085,2.4927,0.40622,3.6944,-2.5034,0.22272,1
1.1846,0.31064,4.7723,4.7156,5.6528,8.9777,2.2605,7.0359,2
-0.76147,-1.5237,-0.99845,-0.69496,0.62658,1.744,-2.1427,-1.2925,3
2.0026,-1.5085,5.1194,4.1128,6.9324,6.17,2.1635,5.8221,2
-0.14957,3.088,7.1744,2.7304,5.809,2.6586,-4.3444,3.9241,2
-1.5088,2.1923,6.8298,5.1106,5.7176,3.8822,3.2009,6.7458,2
4.8938,-1.3744,2.3793,-0.39264,0.88096,-2.5029,1.1333,-1.3112,1
0.85192,-0.40205,-1.8602,-1.5564,1.5077,-2.7592,11.067,-1.2345,1
-2.432,3.0872,3.2072,-0.31587,6.2821,4.6233,2.3816,1.7547,2
-2.1042,-2.0331,0.57186,-0.18841,1.5297,7.9594,-1.201,1.055,3
2.8724,-0.62165,-1.7007,0.43555,0.60124,3.1095,3.2514,1.8767,3
3.3595,1.2347,6.3418,-5.6852,7.9059,2.589,-2.5094,5.4055,2
0.21806,-1.1113,-0.86836,3.4632,1.1764,0.99477,2.4898,3.8842,1
0.23616,0.26426,-0.52028,-0.94857,0.99031,1.1526,8.5848,0.16496,3
-0.93414,-1.2644,2.1151,1.0091,-1.2036,0.66303,0.65926,-1.7399,3
3.1089,2.4685,7.0398,5.8926,6.846,4.9855,5.2278,4.8214,2
-0.33978,4.3512,0.39926,-0.92754,-0.26886,1.5824,4.5735,-0.66582,3
2.0469,1.4706,6.5842,-0.78883,6.8855,9.0192,1.6657,2.0444,2
0.25228,2.7419,4.3627,2.7812,5.3641,3.6028,-1.5615,3.9014,2
0.61926,3.6658,1.5964,2.8843,3.3248,1.7976,1.64,5.1775,2
-0.87531,-2.4191,-1.7245,-1.7504,1.9632,1.9079,3.1127,-0.41841,3
-1.4817,-0.97701,0.084249,2.6036,-1.5465,8.469,-4.3379,-0.88718,1
3.4798,2.0962,3.1835,-3.3139,7.2574,10.092,2.318,6.97,2
4.8063,0.25762,1.9557,-0.77258,-0.52553,1.1483,2.2695,2.2015,3
0.90763,-1.055,0.20531,-0.72991,3.8419,3.3064,4.3026,1.7816,3
0.20829,0.32858,-0.67482,1.7138,1.1209,3.5161,-4.8977,1.6139,3
-1.4245,2.2118,0.95333,0.069434,5.7723,-0.80437,-3.9914,1.8673,3
2.2656,3.1798,2.0349,-5.7836,2.253,4.5818,0.95624,2.0764,2
2.7228,-0.20856,-1.1295,0.75566,-0.75216,-2.8799,-4.1376,5.3924,3
-2.0483,-1.4847,0.23423,1.4804,-1.1921,-3.2505,-0.58163,0.1368,3
1.868,-2.0876,5.8974,-2.0657,2.1516,10.185,3.6222,4.5333,2
2.6231,0.4281,5.8055,2.4733,2.8346,7.6794,2.4477,2.2993,2
0.36544,0.43243,5.6714,0.6965,6.8111,3.4065,2.1601,6.0229,2
4.5059,1.3524,-0.70039,-0.79673,1.444,-3.3084,-0.75858,-0.21812,1
-3.0348,-2.2413,0.22783,2.2644,-1.3936,2.5175,0.99955,2.3913,3
2.4708,-0.60727,1.5038,1.2036,-1.7945,-2.1425,-2.1468,-0.6403,3
-1.5389,1.4744,1.0023,-0.73108,0.92412,-0.55559,5.4507,-0.44403,1
0.54373,-2.7556,2.6373,4.3236,4.1885,-1.5992,-2.1877,1.8866,1
3.0376,-0.62903,1.2356,-0.10823,0.098354,-3.9831,-2.6257,0.01204,3
2.702,3.3758,6.4643,6.3142,5.1563,5.3843,3.0084,5.5196,2
-0.64016,1.0318,0.14027,3.2031,2.0799,-0.19755,1.3553,4.7922,1
2.8122,-1.5744,0.6478,-1.1857,0.49493,2.1991,8.2919,3.2416,3
-2.1834,-1.0026,2.9401,-1.0773,-0.72986,5.0646,-0.67781,1.0938,3
1.1585,-2.1766,-1.5081,-1.7436,0.63295,0.8192,-0.96835,3.0987,3
1.6306,0.44123,3.0328,4.9754,5.5993,8.9477,4.9293,1.9339,2
-1.8993,0.64132,5.1841,4.948,5.2958,10.906,-0.083638,7.5938,2
-4.4195,3.6087,1.1947,0.060575,3.3509,7.5331,-1.113,3.3952,2
3.6042,0.84114,5.488,4.0652,3.7916,2.8501,-0.35053,7.2116,2
-1.5614,3.3036,6.8273,-3.7457,5.3407,8.3729,2.3562,2.4673,2
2.5092,-2.3073,0.54177,1.1267,1.8694,-1.8656,-2.2319,-0.74818,3
2.0477,-1.8394,7.0157,3.6286,7.2824,4.3299,1.2046,1.9008,2
0.97035,0.75164,-0.30284,2.6429,0.28783,7.2418,2.5719,-0.087432,3
-2.0432,2.0128,8.441,0.60433,-1.0256,-1.4711,-2.6732,2.817,1
3.2727,3.5401,3.9228,0.91885,6.8727,-1.8509,0.66304,7.4012,2
0.90036,-1.5057,-0.057059,3.3773,2.7397,-4.046,9.2851,-0.081885,3
-0.47629,3.7965,7.0938,6.2366,5.9088,-2.4197,3.5555,7.4129,2
2.8526,0.67191,4.443,1.1482,7.3417,10.257,4.8853,2.7855,2
-1.2889,2.6454,-1.684,-0.89017,2.1069,0.53846,-1.8038,2.5304,3
-2.2278,-2.2625,1.2946,-0.65243,-0.77904,-4.2562,0.18142,2.2459,3
1.6901,0.55023,1.0376,0.884,1.8091,2.3548,-4.0436,2.0746,3
1.5677,0.65301,0.31074,2.4454,-0.36368,2.8515,-2.8379,1.8295,1
-2.3241,-6.0166,4.3494,0.3465,6.2353,10.471,0.4498,2.2628,2
-1.4088,1.8129,0.93835,0.5021,-1.6091,0.32265,7.2241,0.36169,1
-0.489,0.63659,2.7266,3.7537,1.1934,1.0294,-4.3251,4.3949,3
2.9422,-2.8238,-1.1442,-0.30025,-0.47021,-1.342,3.4949,-0.76781,3
-1.1837,-0.15829,3.4869,0.13599,3.3063,-1.9708,-2.7916,4.1785,1
1.6874,-1.3703,6.4386,-10.489,7.2704,2.7949,2.399,3.4846,2
-0.124,-0.035626,4.1865,-0.12843,2.3748,-2.8331,0.4514,10.333,3
2.907,3.496,4.4069,3.1579,7.4397,-4.6487,1.2514,6.5411,2
1.2884,-0.15774,-0.24377,-0.37891,0.51105,-1.962,5.1081,0.64072,3
-0.54012,1.9733,-0.25181,3.9712,-0.46069,-2.8638,-0.80168,0.81308,1
3.5622,1.8543,3.3352,1.7401,4.9247,4.1373,3.5851,6.5186,2
-2.806,-1.6831,0.4872,-0.04703,3.3251,2.0512,4.5932,9.3445,3
-2.662,-1.1015,-1.6894,0.22012,-0.089851,2.4492,5.5053,2.7663,3
-0.49778,3.5096,2.6811,-1.5333,0.017051,13.021,-1.5996,-0.84867,1
-1.1153,0.60428,3.5802,-0.22534,2.324,6.244,1.0894,2.9194,1
0.27997,0.55846,-0.36073,3.0888,0.42526,-3.9399,-0.42884,-0.61976,1
3.249,1.3281,4.8258,3.0486,6.1608,-1.0597,4.6608,5.6947,2
0.26515,1.7793,7.4236,3.6043,5.7843,10.657,-5.0962,6.8771,2
0.3063,3.7254,4.3961,2.8848,5.4038,6.6724,3.293,5.9312,2
1.9527,-2.0283,6.9409,4.0384,7.2593,6.8411,0.038895,6.4801,2
0.80466,-1.581,0.7264,-0.54292,1.1624,5.6351,2.3415,-0.64978,1
-2.2874,-1.5847,6.696,-0.39797,0.76567,5.7526,5.2556,2.9909,3
-2.3668,1.1173,3.1585,1.8752,-0.98818,0.1358,-3.8324,-1.0493,3
-2.3024,1.622,-0.98142,1.3994,1.3804,0.60305,-3.5797,0.71259,1
2.2548,0.48718,6.3532,6.554,5.2324,1.4576,-1.4237,5.586,2
0.23236,1.9715,0.11005,-1.0442,0.70855,0.22445,3.7049,-0.70105,1
-0.37609,0.33128,3.0434,-0.32262,4.1434,6.6715,4.1717,6.7232,2
1.4775,-0.14964,1.4551,-1.1822,0.89823,4.9899,-3.7729,1.0197,1
0.9294,0.46598,-1.4299,2.4879,-1.3832,-0.81264,1.56,2.2219,1
2.2515,0.35442,7.3247,-0.076038,4.9568,0.037504,5.4692,5.1828,2
-0.26755,3.1802,6.1301,6.9605,4.8986,-1.9772,3.4037,7.1562,2
-1.8381,-2.1351,1.7449,1.3865,1.5208,12.064,-0.13811,-1.911,3
-0.011818,-1.6825,3.1085,1.3527,1.5721,-2.1218,-3.6202,-1.3542,3
0.39839,-0.64324,0.028847,-0.77957,-0.59981,3.3895,14.568,0.85253,3
2.5892,2.3379,0.25545,-1.2644,2.6027,6.1204,-1.7245,-1.0002,3
-1.5896,-1.0218,3.2922,1.9607,3.2165,5.8933,-0.038477,-0.69342,3
3.5522,1.2414,5.6293,1.3031,5.0642,10.405,2.31,0.91664,2
2.5671,2.1528,7.8588,5.0454,3.8414,-7.7894,-4.5715,6.6278,2
1.827,0.11074,-1.678,0.79251,-0.98141,4.3771,-1.6175,1.9862,3
-0.39502,-1.8352,-1.6185,0.63288,-0.39154,1.2628,1.8886,-0.24059,3
-0.28649,4.5302,3.9166,1.1351,3.1021,3.6211,7.5934,-1.3843,3
-2.7164,2.2596,-0.90176,-0.92668,0.036065,-1.0549,3.6156,1.1828,3
-1.7067,-0.91153,-1.4745,-1.1454,2.7325,6.6695,-1.227,-0.63867,3
1.2355,2.7375,5.7165,5.8023,2.2387,7.1647,1.0835,4.4888,2
0.80067,2.9038,6.1588,-15.671,5.6064,7.2295,5.3539,4.4476,2
-0.76177,2.1073,-0.70267,2.4267,0.63411,4.4242,-1.7907,2.1122,1
-0.93516,3.9438,2.5386,4.7328,2.5106,3.4534,4.9265,4.4739,1
1.7389,2.5853,7.1393,5.1119,4.4992,8.7671,-0.49603,6.8619,2
1.5002,-0.22291,-0.36605,-0.9609,1.0754,3.46,-1.0264,1.9299,1
-1.6027,-1.9909,1.7329,-0.63202,-1.7556,-4.2261,0.80608,-1.3382,3
-1.6144,-1.1616,-0.75124,0.4558,-0.26065,-2.5284,-2.2874,1.1713,1
2.1712,-0.6689,0.61274,-0.5117,-1.2969,-0.19622,4.7151,-0.83134,1
-1.3671,-2.8271,0.42125,-0.78403,-0.20991,1.392,0.13322,0.043309,1
-0.70892,0.46437,7.1833,3.8026,7.3994,7.4618,1.4891,4.4153,2
-1.0211,-0.85848,-1.6439,1.834,-1.2338,2.1954,5.3479,-1.0034,1
1.6516,3.0472,-0.99998,6.3406,6.686,-7.2145,2.855,-3.0713,2
0.51748,2.9451,3.9495,3.7437,6.6706,5.2894,4.604,7.6964,2
0.15767,-1.9938,0.67547,-0.69924,4.5069,2.8102,-2.7084,-1.5016,3
-2.6796,1.69,5.2759,1.8957,4.4227,5.9917,2.0322,5.8203,2
2.5918,2.2785,3.3741,6.0115,3.5578,4.6035,1.5874,2.5766,2
-1.3036,-0.044667,2.8723,2.3033,0.78911,-1.2606,5.1694,-0.31062,3
0.33571,-2.0937,-1.9758,-1.3675,2.6263,7.7682,-0.99008,2.0629,3
-0.7767,-0.99695,0.23873,-1.3196,-1.0219,-1.8052,1.7901,-0.85943,3
-1.4537,-0.085226,-0.44482,4.8271,3.2214,-1.8758,-1.083,1.0675,1
0.53163,-0.95698,2.767,-0.1785,-1.5537,-2.5883,2.6341,0.59363,3
3.5559,3.2252,-0.75999,0.54897,2.0886,-3.7846,7.5807,1.3703,1
3.8139,0.074072,1.3776,-0.56899,1.6594,3.2223,-1.1467,-0.31829,1
-0.31753,1.2776,0.69256,0.66748,3.8087,4.6369,3.8794,-0.72987,3
-2.8945,-0.92459,-1.7594,4.4386,2.2328,-1.8048,2.3029,0.4493,1
1.6123,3.1944,4.3941,4.4281,6.9596,10.343,-0.51679,5.5467,2
1.8318,-0.28518,7.6828,-0.51982,3.3617,-1.3563,3.5148,3.7467,2
-2.4304,-2.7269,6.0336,5.1607,6.8632,6.3988,-1.5507,6.5128,2
2.565,-1.3609,-1.447,-0.1186,0.87763,-1.1768,-1.4067,2.259,3
-1.9852,-1.2122,-0.90987,2.7215,-1.8165,-2.9348,0.77937,1.3243,1
0.912,0.70585,0.614,6.4079,4.1542,6.5898,5.0962,6.826,2
1.1305,-3.3781,4.1689,-0.078387,5.2798,6.9389,3.191,5.7612,2
0.056676,-1.7311,3.6742,2.3268,2.3164,2.991,-5.8022,5.5444,2
1.1571,1.8944,6.3489,4.6793,3.7251,8.4455,0.25827,6.2403,2
-0.6383,0.58453,0.076671,-1.4132,0.18928,4.4678,2.0463,5.4862,3
-0.92508,2.6139,-0.031785,0.067277,0.46095,-2.3489,-2.6856,-0.57802,3
2.2131,4.6352,2.3701,8.9404,1.7193,-3.1208,2.5266,2.3764,1
-1.8036,3.4583,2.8298,-4.4101,3.011,4.5237,-1.1616,4.9878,2
2.2957,0.038466,5.1337,4.9869,7.2145,6.6751,1.0157,4.6472,2
1.5439,1.3356,2.3485,-2.9079,7.2861,7.5777,3.6167,5.5433,2
1.0016,-0.134,3.5768,2.5924,1.2187,0.7308,0.29121,-0.80789,3
0.64104,2.383,5.191,1.8885,6.1477,-5.6108,1.4894,2.7858,2
-0.010732,2.1874,0.82602,8.3996,-1.3341,-2.577,-4.109,-0.44629,1
3.487,-0.81046,2.9789,3.2767,0.94259,1.0712,-4.4083,0.32687,3
2.3286,1.4959,6.3674,-5.1785,0.3185,6.5515,2.792,6.6684,2
-0.49468,1.7649,6.6282,-2.1792,5.069,-1.8297,-0.40134,1.6323,2
-0.52321,-2.6362,0.079273,-0.80195,-0.051515,1.773,0.38206,2.6638,3
-0.94996,-1.1861,1.403,2.3744,-1.8363,-2.4474,0.62192,0.26078,1
-0.34401,2,5.8376,6.1689,5.8415,10.455,3.5332,7.7411,2
0.5749,0.10689,5.8386,-0.78305,3.3983,5.3411,-2.5535,-1.1151,3
-1.8478,2.1754,-2.5918,4.6571,6.7214,9.1965,1.3508,5.2446,2
-0.43463,2.7314,7.6124,6.66,6.167,7.1058,4.4255,5.677,2
1.8586,-0.19328,2.6771,2.1104,3.7872,-1.4949,5.9349,0.9089,1
2.7797,-1.4955,6.0583,-7.4121,4.8477,7.9105,4.0959,6.543,2
2.782,4.4583,-0.27348,-0.3152,-0.32932,1.4091,5.3847,2.2276,3
6.7246,1.1188,-1.0789,0.62482,1.0117,-0.35497,4.7899,-0.93144,1
1.5274,1.3022,3.2882,-10.189,5.1184,2.5472,-1.9584,7.5672,2
-0.61478,-1.89,4.0719,-1.7438,-0.37818,-3.027,0.098728,3.8708,3
0.22888,3.0154,5.7492,3.9068,4.7051,6.9788,1.797,5.6908,2
0.8162,1.3843,0.67983,-1.5472,1.8265,5.4763,0.53116,2.3611,3
0.69615,2.6376,0.27522,1.2283,-0.91118,3.7631,1.6774,0.55171,1
-1.6255,-0.28601,6.532,0.87226,3.913,4.6948,2.0448,4.0153,2
-1.2897,2.1489,1.7138,-1.5295,5.336,4.9553,1.7732,4.9918,2
-1.3642,-1.82,-0.72067,-0.5289,0.86401,9.303,5.8078,1.2362,1
-0.79756,3.3249,-0.11124,-0.73522,0.49001,1.9866,-0.93862,4.5858,1
1.0866,3.2154,3.6936,-2.0048,2.0197,1.7925,-1.7402,7.4637,2
3.7118,3.36,-0.80603,2.3543,5.9558,4.4929,-4.225,5.7579,2
1.2106,-2.5559,5.7193,0.64183,3.1431,7.3226,-1.6383,2.676,2
0.91096,-0.98038,1.4496,0.91769,5.7353,9.072,0.074408,5.1701,2
-0.91601,1.7414,1.0867,5.2908,5.7243,6.6617,5.4623,6.8256,2
-2.5761,0.59753,4.4259,-0.27862,-1.0646,-1.0532,4.1907,0.48514,3
-0.75281,0.9537,4.5252,-0.49076,-1.5521,0.78928,-3.47,5.9683,3
-1.8955,-0.74383,1.0922,-1.6035,-0.93038,-0.47301,2.4092,-1.6167,1
5.6486,-2.6125,2.0609,2.6136,1.2057,-3.2505,-3.3322,1.1977,3
1.2116,-0.59925,2.2428,0.042568,-1.2361,-1.9658,4.7334,-0.016614,1
0.69789,-1.148,1.0893,0.82008,-0.50704,3.0102,-3.6976,1.6105,3
4.6683,0.17832,0.097681,-1.1616,0.9221,9.6799,-0.5115,1.8555,3
-1.4198,3.2261,7.7737,0.16234,4.3576,1.2822,3.3144,3.5139,2
1.5962,0.96426,2.1012,0.028281,2.5353,6.6914,-4.0717,2.8051,3
-2.3368,1.4091,-0.31831,4.6836,0.001984,6.3747,-3.1735,4.4787,3
2.935,2.9402,7.6387,2.633,5.1018,5.5313,-4.968,4.8867,2
2.1962,0.34042,3.9448,1.7143,8.0277,10.226,5.481,2.6877,2
1.7615,2.6433,6.1227,4.0018,0.9779,5.6981,-0.58003,2.8929,2
-0.28795,-0.94894,-0.053866,-0.53863,-0.40126,5.9721,4.4054,4.0024,3
3.6412,0.33022,6.8415,-6.1684,2.6851,3.3679,-0.75424,5.2208,2
1.6328,0.95921,-0.74696,-0.031996,1.0912,-1.2856,-3.0438,1.002,1
-2.3838,1.5818,5.8087,3.178,3.9542,3.025,0.28403,2.8063,2
0.88474,-1.2979,-1.3506,-0.31661,-1.9694,8.1672,-4.8869,-0.90321,3
0.93875,-0.74229,-0.04,0.51029,7.9192,-0.98202,5.9746,3.0333,3
-1.2837,-1.2688,3.1086,-1.5498,3.3779,2.7378,2.5904,-1.8771,1
0.62009,8.1708,5.0652,0.56292,1.0116,2.7077,-0.69786,4.4905,3
-1.6988,-2.5778,-0.3648,1.0908,-0.56488,-2.7693,1.4115,-1.878,1
-1.256,2.1884,-0.98705,0.70647,-1.6944,-4.0332,-1.9134,0.5824,3
1.3336,-0.19906,0.1189,-1.3468,-0.77516,-2.2659,-0.89408,2.2004,1
-1.5705,-1.902,-0.066704,1.9868,0.84843,0.45084,-0.50755,-1.3714,1
-2.416,-0.29478,2.6141,1.9115,-1.5388,-1.7243,3.3903,-1.1337,3
1.6327,-1.8557,0.090147,-1.8934,0.90477,4.5672,2.9866,0.73829,1
-1.2259,-1.1681,4.6887,0.5399,4.8113,3.7281,-0.73057,-0.3237,1
1.7356,-2.4058,2.4805,0.43853,1.5501,-0.60608,-3.0377,-0.58596,3
0.39598,2.1161,-1.7481,2.7779,6.3104,3.5279,8.0759,1.4085,3
-1.9094,-1.5368,1.0442,1.5184,-1.3455,-3.0401,2.9093,1.2751,3
-2.416,-1.1009,1.786,-1.1229,-0.76909,0.40939,0.67807,1.4787,1
0.039428,-0.30383,1.4231,2.0288,-0.13753,0.54506,5.547,1.7226,3
3.0707,-0.98617,1.9897,5.6403,-0.22528,-2.1744,-1.2925,3.2844,3
-1.6472,5.6944,-1.8899,-0.63185,0.26431,-0.45798,-3.7083,2.5292,3
-0.8761,-2.0883,2.0388,-1.2009,-0.071356,-3.1384,3.1938,-1.7155,1
1.928,0.93424,7.195,1.6619,7.2752,8.0247,-0.73419,4.8405,2
2.3083,-0.27751,3.4959,-0.65366,3.4833,6.1098,-2.9862,5.2533,2
1.712,-1.256,-0.097118,2.091,-0.73283,-0.27218,-4.7053,0.27645,3
2.8916,-1.7011,6.531,1.3,7.3884,8.1569,2.0884,4.5255,2
1.9528,2.3711,4.7204,2.4319,7.4451,6.6404,4.149,5.195,2
-0.90095,0.51661,-0.53415,5.912,3.4007,-0.39872,-1.1664,1.4343,1
-2.5392,-1.7856,-0.38593,2.2865,-1.3158,8.1255,1.0457,1.7326,3
1.0689,1.2151,-0.015834,4.8596,5.1586,-4.2443,1.733,-0.91417,1
-0.93753,0.33964,5.3527,2.1566,7.0001,7.8572,2.8038,6.8591,2
-0.75599,-1.1655,-1.3733,0.24643,-1.3368,4.7441,-2.9433,2.5244,1
-2.1843,-1.3206,6.1019,2.1558,-0.20953,9.5053,1.631,6.814,2
0.74574,3.4737,5.9177,1.924,-0.59022,-0.29315,0.28288,5.2192,2
-2.4109,-1.1585,2.3984,-0.37276,2.6168,-1.9338,13.683,2.2339,3
0.80818,-1.5049,-1.3167,1.8699,-1.1371,-2.6749,10.024,2.6682,1
-3.2353,-0.031328,4.7207,0.172,6.7853,7.1968,-0.8668,2.6446,2
-2.9667,0.80062,-0.71039,0.44657,0.61965,1.9603,-1.5002,8.6854,1
0.10577,4.0083,-0.11096,0.008068,3.2314,-3.1703,0.22955,-0.36827,1
3.2518,-2.6737,6.6956,6.4725,6.8557,-1.4929,5.2119,6.8541,2
-1.5547,-0.83203,-1.9628,-0.80647,2.1431,-1.4106,-0.86725,1.1383,1
1.3532,1.7322,3.2328,5.8246,6.8618,9.8586,-2.3938,5.7392,2
-2.0038,2.916,3.4524,1.2825,-1.8265,-0.86851,-4.376,0.99773,1
1.9128,-1.73,0.11764,5.2971,0.737,-4.2349,-1.5083,1.523,3
2.3507,0.83557,6.5987,-1.3722,6.0204,5.0494,0.10358,4.2655,2
-0.80097,2.7566,6.5206,-0.51,7.3105,10.762,2.6155,3.0753,2
1.6941,0.23569,5.911,7.5624,0.34658,-0.66015,0.10234,-1.0429,1
-0.71858,-0.18298,2.6803,5.3398,0.81551,1.4821,0.14084,2.6103,3
-2.4442,-1.1199,-0.038451,4.222,2.8017,-3.8663,7.6488,3.3023,1
0.35077,2.8506,5.4411,4.3172,7.1535,7.6712,3.1672,3.3795,2
-2.2994,0.94732,6.0419,-0.28382,4.0477,6.4537,0.060495,5.0762,2
3.5363,-1.2005,-0.73234,2.0598,0.86911,-0.2597,-2.9376,-0.23315,1
2.5446,0.88103,5.9922,4.4657,6.4393,0.3652,2.9592,6.6347,2
3.9815,0.21316,-1.4486,-1.0876,2.8685,-1.5532,1.4441,1.5836,1
2.6043,4.7684,-1.057,4.0067,-1.3475,2.116,-4.3448,1.8176,3
3.0479,-0.27435,-0.90679,3.1383,-1.2162,-3.1622,13.613,0.7843,1
-2.2382,-0.32895,1.1283,0.9767,3.0305,2.3281,-2.8621,4.7975,3
0.80371,1.0099,4.4492,-0.47695,0.23608,-1.8284,8.1027,2.0188,3
-2.4926,-2.5378,0.82122,3.631,1.4771,-2.5484,-0.32987,0.38946,3
1.9164,-1.315,4.2764,-1.2474,2.957,-4.18,-3.0747,-0.59686,3
2.7737,-0.98292,1.0137,-1.8042,-1.5168,-0.81599,3.6661,1.6606,3
1.5894,-1.0394,0.32775,-1.6299,6.3984,2.1574,9.4542,-0.27188,1
2.6027,-0.35116,-0.60755,7.242,2.1914,-1.8266,-1.6713,1.3882,1
3.071,2.5553,5.7077,4.0211,4.7302,10.846,2.2583,4.49,2
-1.3906,0.091672,-0.97848,0.17352,-1.7405,-3.7153,-0.36168,3.333,3
1.8683,1.338,6.4748,5.35,3.1484,8.6474,0.39656,5.4473,2
4.0168,2.1686,-0.6176,2.0607,-0.88314,-2.8176,-1.4315,2.4148,1
-0.18213,3.8543,6.0333,4.9073,4.7812,8.8009,-3.2971,4.5441,2
1.3862,1.6209,7.9706,1.0003,6.5073,6.267,-2.9173,-0.6206,2
-1.0643,1.0272,5.5384,2.3278,5.8386,8.444,-3.0696,3.817,2
-1.198,-0.99577,-0.12024,-0.000931,-1.2424,-1.4644,0.65006,0.60335,3
-1.6519,-1.9446,1.8358,-0.41305,-0.74586,2.5523,-3.1829,2.4751,1
3.6473,-0.4964,4.6126,4.9255,0.36308,0.86128,0.99985,7.3555,2
-0.89213,-2.6075,6.4377,-0.072896,-2.0179,-0.2762,-4.1177,0.51509,1
-1.5567,1.6543,6.8253,0.55128,4.8523,7.8961,0.6838,6.8955,2
2.1023,1.1345,2.3251,0.86621,0.93825,-3.2794,-0.9524,0.30593,3
-4.1852,2.2621,0.85161,3.1486,7.319,9.1376,0.50443,2.7326,2
-1.8319,8.8843,0.596,3.5383,-1.1648,2.7123,-1.2776,1.7584,1
-1.3908,-2.0228,3.8172,4.7063,0.098181,3.2271,1.502,0.15465,3
4.2164,-1.9034,-1.1236,0.032148,3.9954,-1.6531,4.9311,-1.3212,3
0.58291,0.56838,6.7528,4.903,4.5423,5.157,1.3744,6.1808,2
-0.8292,-0.49752,-0.26218,-0.99668,3.6374,-2.8645,-2.1048,3.8274,3
-1.7913,0.071246,3.2206,-0.75675,1.088,-4.6561,-3.632,2.6552,3
-0.19658,2.6239,3.8838,-4.8379,4.4464,8.94,1.4783,4.9803,2
2.516,0.92178,6.4548,2.9737,5.9634,5.1514,3.266,2.8484,2
0.98653,-1.2231,6.5788,-11.544,1.0725,-4.7781,1.3557,1.151,2
-0.42457,1.7477,6.5074,2.9696,4.0694,1.9205,2.263,0.25847,3
-0.38173,-2.0847,1.6173,0.77038,0.35182,-1.534,-2.59,0.15287,1
-2.1229,-1.7108,0.96295,0.24782,-0.70353,-2.462,19.002,-0.31267,1
-2.2692,0.64868,-1.6333,0.71594,2.1424,-3.8357,7.2391,1.5122,3
-2.2405,0.77504,-0.50331,-0.13633,1.9099,4.2338,-0.53486,-0.95673,3
0.77028,0.24499,7.3891,1.6323,5.1701,8.4361,-0.49558,7.2167,2
-1.73,-1.5283,-1.4858,-1.3455,0.17467,2.2677,9.5176,0.58085,1
-1.6533,3.1273,-0.057599,3.7669,4.7135,-0.94147,5.3582,0.57916,3
2.1852,-0.25048,3.996,0.74702,2.0238,-3.4594,-0.30019,-0.92536,3
-0.92585,-0.88724,0.32219,2.7801,3.6343,0.54251,0.067276,2.9792,3
2.2583,0.41633,7.3393,2.6485,3.408,9.8348,2.4442,5.3189,2
2.3806,-0.39835,-1.6911,7.8015,10.192,0.14241,-0.60433,0.79374,1
1.3583,-1.7203,1.0698,-1.8874,6.2326,4.0029,6.6443,0.61311,3
3.1161,3.2523,0.28548,0.88059,2.5369,-0.61198,-3.0098,3.6253,1
-2.5161,-0.29612,-0.84416,3.4638,-1.7428,-0.39216,4.008,-0.4951,3
-0.93026,-1.1068,-2.0255,3.8141,5.7436,-0.71516,-1.3062,7.8331,1
0.92223,1.4264,1.5762,3.7643,3.3844,2.653,-4.0983,2.4612,1
-0.24228,3.1635,7.5615,-0.20928,7.6668,5.7985,4.6612,5.8375,2
-1.0985,-1.4424,0.2361,0.20627,3.272,-4.8497,3.3525,0.87066,1
-2.3266,-1.3263,-1.2088,-0.48154,1.8265,-1.8155,3.2749,2.313,3
-0.93828,0.47609,3.7956,-0.47207,0.22338,4.9537,3.1469,-0.83815,1
-0.24,-1.938,-0.1077,2.1745,0.37735,2.1925,-2.3549,0.51453,1
-2.106,2.6822,-0.86898,3.8581,3.2369,-1.5529,-1.1813,-1.1904,3
-1.7838,0.99783,1.116,-0.55587,2.6923,6.3846,-2.5742,0.87842,1
-1.9993,0.34767,0.3002,-0.46599,-1.3265,-1.1476,-1.1543,0.014568,1
0.54254,-1.5371,0.43374,-1.7745,-0.83311,8.2885,-3.1698,-1.5524,3
0.13371,0.22927,1.8817,0.43019,0.20887,5.4409,-2.8285,2.344,1
-2.1171,0.036722,3.5139,3.1145,0.20125,7.5788,-3.5206,5.5211,1
0.28832,-0.97497,2.1199,2.9159,5.2051,8.1896,-0.9045,2.4563,3
-1.6723,-2.1988,0.52714,6.448,0.26815,-2.1288,1.5497,-1.0096,3
2.6675,-1.3213,5.2771,2.6451,2.2325,4.0429,-5.7905,7.0095,2
-5.1787,0.002944,7.271,4.5734,5.5001,6.8407,3.3475,4.8721,2
1.9714,-0.49294,4.0302,0.58204,5.4818,5.3686,4.4485,6.2339,2
2.661,2.7152,6.0395,4.9776,6.9332,5.8078,-4.3404,2.9281,2
-0.72045,0.12912,2.9583,-1.4179,0.9435,0.8087,-1.3489,3.9485,3
-0.86983,-2.8552,-1.8179,3.8153,-2.0317,0.11798,2.9022,1.693,1
-2.183,-2.5698,1.137,1.6094,-0.23852,-1.0864,-2.5121,1.9361,3
3.3229,2.5509,7.006,6.1014,1.6615,2.5924,2.4058,7.0657,2
-2.5471,-2.4218,0.77039,3.3397,0.76018,-1.6625,0.10272,0.049453,1
-2.3863,1.3172,4.7973,2.1048,-1.7991,-1.0395,-0.21302,4.4363,1
-2.275,3.3326,5.0491,-5.1953,7.6393,8.1134,-0.88131,6.6938,2
4.967,4.5398,2.5607,1.3772,-1.4663,1.2029,-1.2193,0.26423,1
-1.9561,-2.8964,-1.7949,3.4592,2.767,-0.025446,-3.4021,2.3084,1
-1.7029,5.6629,4.1959,-1.6144,2.818,-3.8822,-0.62668,2.8716,3
-0.022966,2.2467,2.6207,-3.9486,6.3462,2.0853,2.4698,0.67595,2
2.3978,2.497,6.1801,-8.2244,6.8617,10.379,-0.54463,5.3703,2
3.8971,-0.79927,-0.36454,0.15273,3.7968,4.3643,-1.847,-0.33225,1
0.31741,0.95277,2.9191,-0.44229,1.466,-0.55632,7.9378,2.1628,3
2.5301,2.8039,2.392,6.1533,4.0778,4.214,4.2916,6.6359,2
-0.1062,-1.5529,-0.74743,0.29794,-1.5193,-3.9909,12.076,-1.2294,1
-1.1365,6.496,0.26963,0.064404,0.40414,6.5685,4.3565,-1.5802,3
0.71498,1.1431,-0.69388,-1.5431,0.38113,-4.4141,6.5735,-0.090174,3
4.9056,-1.4889,2.8563,0.56981,1.4677,1.2362,2.9841,3.1351,3
-1.9225,-2.4819,1.5533,-1.269,1.4728,0.053823,-2.7421,3.4845,3
3.8443,-0.91739,1.9495,-0.80264,4.7788,-3.7519,-0.64069,3.2023,3
1.977,-0.86699,-0.72533,-0.66095,-1.2656,5.3825,0.22377,-1.0892,3
-2.3825,-1.1416,4.8955,0.3974,1.5071,-2.8028,-1.965,-0.29139,3
3.3017,-2.7182,7.4164,-0.034348,0.50268,0.14486,-3.7319,-0.94358,3
1.6663,2.0555,1.3401,0.41226,3.3572,6.6944,-1.4206,0.052261,1
0.023401,3.5921,-0.4969,3.3848,4.4728,-2.4643,-3.518,1.1293,1
1.9259,2.6612,2.6162,0.97897,0.57436,-1.0514,3.4771,4.8062,2
1.4339,1.7187,5.4775,4.0553,7.2559,1.3487,2.2053,7.4058,2
2.7732,2.1867,5.0903,-0.71032,7.1435,8.2978,2.5108,-1.4053,2
2.7674,-1.2558,-1.3985,-1.4345,1.8807,-4.2725,1.0241,-1.1624,3
1.7816,2.2765,5.2676,2.2842,1.8381,10.422,-2.0542,3.9622,2
-1.7051,4.4281,0.99204,1.0799,-1.1314,7.4296,1.851,3.2429,1
-3.6031,-1.2177,5.5513,0.44376,6.9015,7.6765,-2.5534,4.7223,2
-2.0193,-1.0758,-0.029404,1.6551,-1.1416,-3.0948,1.6886,-0.98474,3
1.9389,-0.87609,5.8673,1.0525,3.3449,9.4589,-2.0011,7.7321,2
-2.0959,0.75935,3.8991,1.1019,1.5529,-2.7007,2.0357,2.2882,3
0.29725,0.72514,-0.83474,0.32733,4.6354,-3.0064,-1.8432,0.45989,1
-0.26664,-0.95569,1.3031,4.1376,4.1184,-0.76592,3.6111,-1.8206,1
0.041764,0.2996,4.27,4.9422,3.0052,9.3619,4.307,5.7917,2
-1.5054,2.2013,-0.61057,0.50181,-0.32299,3.7587,9.0067,1.9355,3
-0.2336,-2.9359,4.1393,0.16972,1.0941,-3.4715,2.0996,3.3221,1
-0.99889,-2.7723,0.4808,8.3108,0.36322,1.0991,3.291,0.10069,1
1.2203,1.2547,3.4111,-0.32693,-0.72117,-3.4601,1.3737,0.72749,3
-0.99889,1.0376,0.401,-0.29116,-0.76397,1.1698,-2.7491,-0.7362,1
-2.1388,-1.9915,-0.94883,0.051352,1.4323,-2.1085,2.9561,0.13252,1
1.7114,-0.38655,1.2204,-0.47955,1.6382,-0.15961,1.0198,4.2483,1
1.7686,1.7404,2.2194,2.6318,4.1899,5.1808,3.1552,5.6993,2
-1.769,3.1216,5.6108,-0.23403,-1.1367,5.4495,2.0195,-0.4946,1
2.3043,2.9789,6.2733,-2.7049,1.795,7.5944,-0.5755,6.5311,2
-0.28268,-1.2076,0.79629,3.2525,2.6426,-1.0793,8.1062,-1.4339,1
0.19492,1.9676,7.7741,4.1994,6.9926,3.8907,1.567,6.722,2
0.82879,-1.9459,1.8888,0.83978,-1.0482,-2.0125,-0.67685,0.44733,3
-0.18801,-2.5933,-0.5019,3.6662,0.28582,2.3233,-0.82903,-1.089,1
-1.0455,-1.9607,2.7079,-1.1173,1.3878,2.2217,3.0776,1.9533,1
-0.13583,-1.9208,-1.4646,1.3074,0.22347,0.16685,-2.3842,-0.25577,3
1.9134,-2.1505,-0.074854,2.7955,6.1126,4.1155,-4.8098,7.6314,2
0.63066,3.0015,-0.85813,-0.11032,1.3393,10.646,8.244,0.8874,1
2.5259,1.4105,7.1666,-4.0747,3.8721,1.6132,4.6669,4.294,2
1.376,2.3591,-0.028902,2.7532,1.2149,5.5487,0.056941,3.06,1
-0.23702,-2.0407,2.1319,4.5189,4.5277,0.44676,-1.2193,3.4696,3
2.3007,-1.6848,4.1345,4.128,1.2587,2.2457,1.8765,7.2743,2
2.8378,1.3402,5.6396,5.1395,4.4678,9.8669,2.7265,5.3074,2
0.096901,-0.098561,2.0714,-1.1314,3.5499,-1.571,3.0568,0.75226,1
3.4692,-0.42499,3.0745,-0.19843,-0.63024,-1.9713,15.384,3.1353,1
-1.5396,-1.769,-0.66083,0.4564,-1.1499,-2.3997,-2.1434,-0.02189,1
1.0173,-0.6527,8.3238,1.9352,3.07,-2.7965,11.607,2.2035,3
3.0017,2.0946,3.2836,-1.3581,0.02736,-1.3176,3.8607,1.4962,1
2.4561,-0.85716,6.5645,7.015,2.5413,6.6086,-2.2981,5.5045,2
-1.0281,1.1813,0.39038,4.3088,0.33387,2.6112,-2.9336,2.6518,1
-0.44673,-2.7211,2.0369,1.953,-1.3074,5.9171,-1.1145,-1.3123,1
-1.757,3.2508,-0.75527,5.0001,1.8283,0.89524,-3.3625,-1.1005,1
-1.4458,3.5505,-0.34032,0.70783,1.747,-0.51627,7.4899,1.079,3
-1.4167,1.8097,5.4659,-1.2166,2.9499,11.426,-3.1357,-0.027422,1
0.57382,-0.079425,0.087919,5.9631,0.92153,-3.0936,9.9877,-0.2175,1
2.4307,2.6997,3.2397,6.108,4.9628,3.0619,-10.163,-0.52531,2
1.3046,-1.9477,5.7759,2.5451,7.7275,8.6678,-4.9405,0.94897,2
-0.20208,5.7338,-0.63949,-1.2388,1.4068,2.454,-0.85269,-0.91061,3
-0.69842,0.55173,3.1836,-1.2132,-1.9823,7.3373,1.2722,0.35745,1
2.7357,-2.1694,-1.2028,8.6795,-0.44607,-2.3547,-3.2065,-0.7752,1
-0.71649,0.83505,0.09902,0.12534,-0.81848,1.968,-1.7888,2.5721,3
2.7868,-0.76718,0.20893,0.44245,-1.1397,11.115,3.3262,-0.94433,3
-1.0869,3.0078,5.0011,-0.07897,4.5479,1.2405,-0.26887,4.2785,2
2.7096,-2.1897,0.097775,1.2663,-0.41771,-1.6705,-1.0745,-1.4466,3
-1.6023,-2.0637,2.1722,1.4302,-0.68324,4.2397,-0.80325,2.1791,1
3.0078,-2.152,-0.24477,1.8545,-1.2463,3.9488,-3.8062,1.8894,1
-1.4624,-1.3598,2.4126,2.3873,1.3726,2.4849,1.2291,4.4588,1
-1.5899,-1.3195,2.4865,0.37067,2.5207,4.1869,2.9586,6.9103,3
0.028347,3.2753,0.093103,-8.9305,6.4691,10.855,4.0903,4.8999,2
-1.444,1.5305,-1.4374,2.6316,-0.82173,-1.8535,7.198,0.2264,1
-1.1565,1.0875,2.0606,2.3763,-0.86382,-1.5382,2.8811,0.49987,3
-1.1005,-0.067604,-0.47677,-0.36785,-1.2651,3.9405,-3.5102,3.7549,3
1.65,2.9424,6.914,0.088198,5.674,7.5122,3.8813,5.9167,2
-0.15535,0.25416,4.9036,3.9441,5.0421,8.8173,4.9585,2.763,2
3.4123,0.81139,4.4944,-9.4429,6.949,2.3384,2.2805,4.8277,2
2.051,1.8205,3.7518,0.94306,-1.7159,-4.1166,1.3099,0.22375,1
10.688,-1.1944,-0.94306,7.7809,7.118,-0.36541,-4.5426,-0.17327,1
-0.6521,0.40725,-0.015213,0.99663,0.41446,2.3847,4.9123,3.4625,1
4.0821,-0.035235,-0.96131,1.2577,1.8832,0.019193,4.9596,-0.31585,1
1.1836,1.6431,3.7797,5.3154,5.821,1.6552,5.0015,5.8102,2
4.1365,-1.0554,1.9713,0.79658,1.5671,-2.3892,10.266,1.0061,3
-2.3914,0.34652,-1.6134,4.1888,0.73208,0.10429,1.9187,0.46762,3
0.81863,-0.28125,7.0581,-5.6059,4.5881,1.5769,3.0085,7.7407,2
-1.7328,-1.3339,0.6449,7.5855,-1.6006,1.2556,0.95901,5.9854,1
-1.1276,-1.138,1.3533,1.2483,0.88058,-3.0073,2.7469,2.7055,1
0.82547,1.1355,6.7251,1.0418,3.0783,-4.188,2.0568,5.836,2
-1.0613,0.20812,1.273,0.064828,4.46,-0.12275,-1.3323,1.3266,1
-1.4643,0.055517,0.063372,-0.4856,3.4878,-4.3592,9.4843,1.3249,1
-1.9525,2.0149,5.0914,-5.0147,3.8254,1.4286,1.5375,7.6898,2
-1.4915,3.1461,2.1594,-1.2582,4.5602,-1.2918,-2.0879,-1.1525,3
1.6242,2.2386,-0.5273,3.5288,-0.4398,-0.95799,3.5824,2.26,3
-1.6683,-1.207,-0.75364,1.46,1.2088,8.5699,13.805,-1.1161,3
-1.2777,-2.3718,-0.010299,-1.2138,6.1553,-4.1851,-4.5241,-0.26153,1
0.39934,2.4302,2.2373,0.77502,2.5011,-3.7507,0.47441,-0.4249,3
-0.28049,1.3785,0.23794,2.9787,2.0092,-1.6174,4.4918,0.15943,1
3.7138,3.3252,4.9708,6.1258,1.475,5.1505,-5.5598,6.8917,2
-2.5882,3.5453,3.3741,0.15893,0.72887,-2.8358,1.5665,0.3591,3
-2.4084,-1.1627,2.2563,1.0167,6.043,-3.3779,2.0706,2.9557,3
-0.19522,0.85824,6.1574,6.2035,6.5662,7.8114,3.9714,6.4229,2
0.3937,-1.3241,3.1068,-0.43693,3.6117,-2.2488,-2.3064,-1.2758,3
-1.0394,4.7189,0.12045,0.030029,1.0017,1.8242,0.93234,-0.95257,3
3.3946,3.5405,-0.68169,-0.17282,-1.0767,-2.5265,-2.6458,2.532,3
-1.741,0.24015,-0.62704,-0.43762,5.7916,-3.4453,-1.5921,3.662,1
-1.8105,-0.87687,6.5686,0.35293,0.71534,7.5431,-4.6186,-0.19255,1
-1.811,-2.5518,3.883,0.58184,1.5298,-3.1335,2.3418,-0.85854,1
2.3575,2.2853,6.5052,-1.4294,4.4981,7.5366,4.3413,4.4095,2
-0.56213,8.4894,-0.70388,3.5618,-0.53433,1.5493,-4.3427,4.5698,1
1.9926,1.7037,5.1606,-0.48949,6.3119,8.1877,-1.8722,7.5873,2
-1.3637,0.19498,0.59564,0.57108,2.1393,2.8775,2.3244,1.0166,1
0.25429,-1.5551,1.1463,0.32868,1.9674,-1.4701,0.52766,-0.12827,3
-1.8594,-2.167,2.1031,0.37203,2.1243,-2.2089,-3.1005,1.953,1
3.1323,0.76163,5.493,-1.3568,5.8161,2.56,1.4447,4.7963,2
1.806,-2.1103,-1.8973,2.3475,4.8962,1.0629,-0.57375,-0.11634,3
-2.673,1.7523,4.416,-0.001422,-1.749,-0.12094,-2.6593,0.28818,1
2.4311,0.83068,0.64818,2.6248,-0.79763,-2.4584,-4.3283,2.8833,1
-0.85638,-1.2499,7.9645,0.21774,7.8777,5.7926,3.495,3.0142,2
0.020725,3.1187,2.6591,0.77884,2.4983,1.2438,-3.4236,0.2153,3
-0.12436,0.89646,-0.69504,-0.11751,0.89403,-1.3577,3.767,3.3914,3
2.3091,-0.6674,2.1686,-0.7889,2.9907,-0.35775,0.90442,-0.45208,3
-2.0479,2.7449,-1.0158,0.17878,3.5383,0.028705,-4.3672,0.98127,1
0.45648,-2.8591,2.5507,-0.38678,-1.6644,9.4144,-2.4208,2.6453,1
2.0715,0.45281,-0.16384,3.2723,1.7568,-3.0376,3.0152,2.1018,1
1.5045,3.7767,5.1407,-2.7583,5.3421,6.8476,-0.054658,5.7449,2
1.5666,2.5229,7.9614,0.14563,4.7811,-2.9855,1.8987,5.5364,2
-2.0821,3.3073,7.3064,-2.3278,5.7273,10.865,3.9959,6.452,2
-1.275,0.78554,1.0866,0.66405,3.8428,-1.778,0.80381,2.4024,3
0.42633,-2.5679,-0.56455,3.3414,3.401,-3.5848,5.8916,0.69324,3
1.427,-1.7107,6.8964,-1.7773,2.709,8.2348,1.661,6.5331,2
-2.3422,1.5285,1.7977,-1.0285,-0.36432,3.5747,7.7213,-1.0382,1
1.3618,-5.4109,6.6874,-2.2905,5.9175,3.0044,3.2439,6.6757,2
3.0893,-0.16125,0.11607,3.6585,2.7519,-0.17514,0.61144,2.017,3
0.60083,2.5753,4.8589,-1.4683,4.2226,1.027,3.6901,2.8922,2
1.016,-0.5831,3.3869,-1.568,-1.5779,-1.1209,-4.7712,1.6068,3
-0.34976,-0.92583,1.0235,1.0962,0.55848,7.2993,0.78887,1.4025,1
2.4737,-4.1415,3.2203,-0.07843,4.9928,8.9406,0.7421,4.1528,2
1.0287,-0.69227,-1.1869,3.2041,1.8003,2.153,-3.2036,-0.56426,3
-1.5758,-1.9281,-0.46607,3.3242,4.2829,-3.384,8.5999,0.73255,3
-1.1714,2.3991,2.8075,0.68402,4.1473,-1.3048,-1.0488,3.4615,2
2.8067,2.8461,4.1679,5.1383,7.1158,6.9295,-6.5404,6.0554,2
2.5734,-0.19523,-1.9679,2.4366,3.094,4.8253,-3.5678,5.8544,2
3.0336,-3.1672,4.4754,-3.6752,7.5842,8.152,-0.18168,6.1172,2
0.26229,-2.1719,1.475,1.5414,0.32376,0.62111,-4.332,-0.23196,3
-1.6409,0.64679,1.3989,0.08947,4.2781,6.7657,-0.30593,2.5025,3
-2.4074,-1.1375,-0.14491,-0.23636,-0.9532,-1.3448,1.8852,-1.8666,3
3.2625,1.1847,7.861,-2.5479,7.34,3.3133,1.3254,5.7032,2
-2.6455,-1.0385,1.074,-0.6806,2.8794,-1.199,6.7607,2.7166,3
1.7982,-2.8251,-1.6041,-0.47741,-0.7942,0.75243,1.6425,0.76231,1
-1.6945,-0.3286,-0.80402,3.1812,1.5904,1.8296,-1.3669,-1.1391,3
-0.41622,-2.2561,-0.5539,-0.13872,-0.53205,4.3054,-2.069,0.6176,1
-0.42365,-1.6754,6.4963,2.8548,3.6803,8.5025,3.8657,4.9602,2
3.4093,2.9964,4.1903,-0.75502,1.9296,4.0231,2.7115,6.3635,2
-2.3384,-0.62902,-1.2098,1.8184,4.4715,4.0095,4.9272,0.60905,1
-2.2419,0.19031,6.1349,-0.72455,6.342,9.23,4.2534,5.3477,2
-0.67998,-2.7595,6.499,-9.7855,2.8023,8.7643,1.4766,4.0341,2
-1.0871,2.0298,3.5499,-10.814,2.002,6.0601,-3.5277,5.934,2
-0.58095,3.3048,5.7446,-3.7222,4.1006,3.4623,-1.7729,6.9583,2
-2.3221,-2.1359,-0.14493,1.2134,-0.81747,0.94389,-2.3505,0.64541,3
-1.837,4.1101,-1.1649,0.027383,1.5952,0.38667,-4.9927,0.87868,3
-1.5784,-0.037511,5.9406,0.28994,2.2947,0.94508,0.3421,-3.1354,2
1.3362,-0.37597,-0.37068,-0.52126,-0.53846,0.2654,5.3302,2.767,3
-5.0054,3.3706,2.3408,6.2431,4.3433,5.1653,-0.20826,7.5585,2
-1.9337,-0.80506,5.0015,3.5921,6.7358,5.7396,4.2481,6.7879,2
4.5324,-1.1406,4.4125,-0.093874,0.51845,-1.3067,4.0257,-1.6893,1
0.45399,0.27023,1.6944,0.9143,0.95406,1.2304,12.466,1.0416,1
-2.6581,-1.3703,2.0002,0.45343,0.027943,1.1976,1.3687,0.27493,1
2.0479,-2.4609,3.9503,-0.19744,-0.1323,14.92,-1.1582,0.037903,1
-0.018199,1.5337,3.0043,2.0404,1.7785,2.8053,-4.223,3.0411,3
1.5866,2.2213,2.5119,-4.5888,7.3199,10.174,3.1534,4.786,2
-1.5349,0.50269,-0.34458,0.77389,1.2437,2.0447,6.2721,5.7216,1
-2.8242,0.28607,1.2325,0.4916,2.163,2.061,-2.643,2.831,1
-2.556,-0.26585,0.22476,-0.68034,1.9593,0.33914,0.55547,-0.4185,3
3.7628,1.7966,1.868,6.3534,1.6887,6.4577,-0.51301,6.4733,2
1.4988,6.2886,0.3319,4.8979,1.1386,3.6151,-3.3275,0.87374,3
3.1257,0.68213,4.8192,-0.54115,4.7146,5.7329,1.1278,6.2258,2
-2.4965,-1.1192,-1.0679,6.3215,3.1335,0.69615,-1.0084,-1.0462,1
0.24709,1.3456,-1.6034,-0.24786,-0.61379,0.26961,-1.7827,-1.8836,3
0.60048,-2.2544,-0.69389,-0.010669,-0.12533,-1.5672,-0.59546,-0.16142,3
-5.4681,2.0377,0.83206,1.2488,3.8601,5.5199,3.3652,4.0124,2
0.26477,3.5655,0.073082,3.107,-1.4933,2.3153,-1.0705,-1.5608,1
-0.74927,1.9385,-1.5226,0.84474,4.5274,-2.7778,-3.0076,-1.4106,1
0.76596,-2.0132,-0.11474,-0.62006,2.2428,4.169,-2.8432,1.7807,3
1.7595,0.89574,6.5236,1.5106,4.6966,6.378,-2.2078,3.7401,2
-0.51563,3.5543,1.7589,3.9748,-1.414,-0.25342,-1.538,-0.51135,3
-1.5883,5.3318,-0.94059,6.0108,0.26862,0.99534,-4.2012,0.1736,3
-0.9457,7.5042,2.9623,1.708,3.0129,4.8741,0.3748,-0.87052,1
-0.81565,-1.6935,-1.1579,1.3277,-0.87838,0.93997,-3.1427,4.6309,3
2.2589,1.8355,7.245,-1.0656,-0.48597,7.0219,2.792,5.5239,2
-0.81515,0.37073,-0.49908,2.1066,1.8278,-1.8574,1.7538,-1.4423,1
3.5628,1.8035,7.9178,-2.7007,0.46644,7.2956,1.0078,4.3787,2
-2.8513,0.74718,2.27,0.41641,0.1505,-0.83364,-0.64995,2.3905,3
2.1463,1.2829,5.2027,-1.1278,5.8589,7.5443,-2.681,6.5138,2
0.54331,1.4646,6.2444,-0.35631,7.8182,4.7807,2.8314,4.8429,2
2.1022,-1.9426,-1.1913,2.8231,-1.605,0.65761,1.4013,-0.8059,1
1.3443,2.4953,6.3166,4.2734,5.9655,0.95831,4.0021,6.63,2
-0.92406,-0.80796,2.6656,-0.34565,2.1362,-4.4917,5.4546,-1.0275,3
2.6418,-2.5868,3.6839,4.7269,4.8118,7.0635,2.3668,5.7129,2
-0.15137,1.614,1.4937,-0.036943,-0.17038,1.619,0.12213,4.7904,1
6.6981,-1.0501,0.66226,0.21223,1.5457,-3.0882,2.7047,2.6572,3
0.38315,3.7908,2.4002,-0.83221,4.4072,3.9699,-2.5431,1.3805,3
-1.1826,-1.2074,-0.032109,-1.0223,-1.6852,4.1945,4.0722,6.9415,1
-1.4114,-0.70944,5.5103,-1.6098,2.3555,3.6805,-0.22391,1.2305,3
-0.77289,-1.4509,2.4531,-0.1924,4.972,6.2832,3.2099,-0.77766,1
1.1829,-1.7871,1.5271,-1.5482,0.56568,0.57986,1.8971,-0.73744,1
3.94,-2.087,1.0953,2.8436,4.2908,4.9459,-4.436,2.1234,3
2.6807,2.8143,6.6712,2.689,5.3726,-10.553,-6.3858,0.44328,2
-1.7053,2.507,4.5792,-0.85355,0.72805,2.9475,-1.6131,0.9907,1
-0.92062,-1.2809,3.1302,0.32137,-0.6216,12.184,-0.43517,0.023211,1
-0.28349,-2.6069,-1.3828,0.076414,3.9737,3.6795,3.9079,-0.18776,3
-1.0114,-1.4889,2.4825,0.27313,0.69011,-3.3547,3.8487,2.068,3
1.9657,-1.445,0.69274,-0.37631,-0.047172,-0.22432,8.3225,1.1652,1
0.59334,0.99654,-0.7832,0.4443,0.55079,-2.0062,2.1931,-0.85521,3
2.7255,-0.23787,2.0761,1.5993,0.64832,4.253,0.22572,-1.4478,3
-2.8553,-2.1676,0.7516,3.8646,-0.31021,-3.3699,0.51496,-0.21255,1
0.025175,2.565,6.3065,2.5222,4.2264,4.8296,3.1688,6.8675,2
-0.5112,5.1138,-1.1902,0.31187,0.56101,1.1972,0.65402,0.29917,3
3.0466,1.3057,7.4252,6.2952,4.7848,9.5926,2.8087,7.4761,2
-0.32024,3.0921,5.5226,-10.858,6.7546,8.4195,5.4588,5.0509,2
-2.959,-1.1322,2.5457,1.3574,-1.0904,0.70396,-3.1919,1.4628,1
-2.0674,-0.050366,-0.1785,-1.1725,3.3975,0.66799,-0.72031,2.8627,3
-0.006016,3.8457,5.4445,-1.7993,5.9917,-4.0835,2.0496,3.2441,2
0.059727,-2.0993,-0.54838,6.1972,-1.2311,0.26572,10.674,2.3453,1
-0.55619,1.1788,0.41052,2.654,1.1784,0.50534,5.1604,2.6286,1
0.89827,-1.4816,0.12396,0.94368,1.5021,2.2572,-0.59125,-1.0688,3
-0.79617,3.0548,0.84178,6.5025,0.7793,-3.716,-1.4872,1.1231,3
-0.55456,-0.015476,0.28835,1.3701,3.8806,-1.7638,4.5119,3.2427,3
-1.5638,4.3681,-1.4967,3.1119,3.9781,-4.0398,-4.8907,-1.3251,3
-1.7249,-1.9563,1.2205,3.6311,0.56588,6.7078,1.2535,-1.683,1
-0.46481,-1.3728,-0.102,-0.60959,-1.9312,1.0825,1.2559,5.1501,1
-1.3189,2.8413,-1.4732,-0.38703,-0.47259,-2.9039,-1.9456,-1.0445,1
-0.90203,-2.7121,-1.1171,0.90815,-0.81866,-1.238,5.9391,1.9346,1
-0.78667,4.4741,-1.0631,0.014134,2.5246,-2.6872,-2.4544,-0.70662,1
-1.3691,-2.2331,-0.27763,0.79057,-1.6992,14.325,0.68288,-0.47178,1
4.4119,-0.12471,-0.10058,0.32694,1.7093,-3.6122,-3.76,1.5577,3
1.6292,-1.9773,0.26838,2.6971,4.9717,0.31662,-3.8711,0.12362,3
-2.5494,-0.22725,4.1227,-1.1421,0.16084,3.9969,3.0754,2.1781,3
2.2729,2.6951,1.988,4.8886,1.0621,5.2051,1.7527,4.3435,3
-0.38131,-0.26525,-0.017588,-0.87322,0.20578,-2.7056,3.7718,-1.8221,1
-1.0435,-1.6532,0.58974,2.0276,-0.26943,5.2507,-0.43949,-0.029066,3
-2.4794,-0.9108,1.4313,0.79417,1.9246,-0.65413,-4.9285,-1.3874,3
-1.2702,-0.11935,3.919,2.5825,-0.55299,9.8346,-1.6246,-0.22315,1
0.87862,1.1535,0.49483,-1.5842,1.2359,7.837,3.3976,0.28366,1
-6.1908,2.0515,2.9242,3.9248,7.667,6.4802,-0.81413,4.1811,2
-1.4319,-1.1786,0.31955,-0.85269,1.6019,-0.058523,0.23653,-1.2535,3
-1.8944,3.1645,0.1995,-0.64254,5.3719,9.2662,4.356,4.7608,2
-2.4697,-1.8655,7.9367,0.33989,-1.5545,4.9868,-2.1367,0.008499,1
-0.06886,-0.54633,-0.7458,0.40061,1.2779,-1.4064,6.4784,-0.91697,3
0.24405,-0.59816,0.08772,2.3815,6.4126,0.3426,-2.3888,-0.096051,1
-1.5948,4.0809,0.085659,0.079522,-0.98539,1.0759,4.019,-0.69066,1
-1.0286,1.4191,2.1559,4.6257,-1.2435,-0.12021,8.8301,1.9863,1
-2.2797,-2.2876,1.045,-1.2944,2.8365,-2.2918,8.191,0.018319,3
-1.7669,1.5148,2.6452,3.4089,1.2297,1.0667,-1.536,2.6224,1
2.4075,-0.049974,6.5597,-1.7875,5.8291,1.0729,4.7056,1.6101,2
-0.82572,-0.093477,3.767,-0.74205,0.70441,-1.5123,0.039729,1.0108,1
3.2112,0.084051,7.0419,2.7506,4.7621,10.527,4.3965,6.6169,2
1.1326,3.1087,-1.2179,-1.075,-0.26264,-1.0963,2.9565,-1.7882,3
0.89889,3.1584,6.2118,0.46625,6.2357,7.5144,1.9675,7.0511,2
1.4427,0.90478,6.2355,1.3589,7.189,-1.9954,3.7231,6.9629,2
-0.45511,-1.1351,0.14782,-1.6689,0.91074,-0.2632,-2.6009,-0.96183,1
1.2797,-1.6662,-0.56899,1.8908,-1.5535,1.8111,-3.4335,1.6623,1
0.41895,1.1058,4.3084,-3.5938,3.2114,2.6937,-7.6463,4.9047,2
1.9384,1.2999,3.2969,4.1515,-0.20257,6.8974,4.4426,6.0523,2
3.2176,-2.6737,3.5768,5.7337,2.0339,4.1588,1.7613,5.046,2
3.6564,-3.8136,5.1187,3.8849,-0.15606,9.866,-3.9949,3.8623,2
-1.0458,-1.0659,1.3238,5.2785,1.1045,-3.0598,7.4715,1.2661,1
-0.70338,-0.5497,-0.51131,1.2671,0.28257,-3.8503,2.346,0.62096,3
3.1488,1.9374,2.224,2.6818,3.6816,-0.19485,-1.8514,2.9547,2
-2.132,1.9331,0.21614,3.2474,-0.2297,0.55743,4.9201,-1.1448,1
-2.324,0.086683,6.2874,3.7854,5.44,4.0235,-2.5362,7.1459,2
2.7563,0.41645,7.1732,2.5355,4.7756,-0.68917,2.749,3.745,2
-2.6483,2.3851,2.7225,-11.129,7.3064,2.3883,3.6517,3.81,2
-0.019097,3.1404,6.1392,2.6135,2.3098,-0.15625,3.973,4.0132,2
5.2938,-0.30788,3.9187,-1.6124,-1.3424,-0.55444,2.7817,0.96127,3
-0.67424,-0.55378,3.2481,2.9195,-1.9129,2.3031,4.862,-1.3389,3
-1.1967,0.11914,-1.6244,-0.44213,1.21,-1.1383,3.4903,6.1024,3
-2.6191,0.46211,0.42447,-1.92,1.638,-0.44537,-0.22635,3.4206,1
-1.1324,-2.8241,4.2976,-4.4627,7.7568,-2.0892,2.7826,7.6772,2
2.4815,-2.3501,6.3629,3.6766,6.9367,6.2449,-2.7142,4.9715,2
-3.0348,-2.2413,0.22783,2.2644,-1.3936,2.5175,0.99955,2.3913,1
0.13164,-2.1417,1.3426,7.5717,-1.2118,-1.3852,-1.5858,0.39443,1
1.147,3.8372,3.9207,1.0618,6.6124,10.374,1.088,4.9705,2
-1.9726,-0.68648,1.8403,4.6182,4.2579,-1.979,12.686,2.2624,1
-2.7515,2.4923,-1.1197,-1.652,0.40559,1.8396,0.63536,-0.31578,3
1.8507,1.6125,3.4963,-5.4083,3.8877,-9.4943,0.37833,4.4287,2
-3.4314,-0.10998,6.8043,-1.9703,5.8099,-1.4084,2.5298,5.1868,2
-1.6079,-0.44783,0.7262,-0.34096,3.966,0.84344,-2.8173,1.287,3
2.5284,1.7829,6.9723,-7.6439,7.6637,-4.4762,2.5491,6.2221,2
4.1672,0.36438,0.21925,0.41247,4.1643,7.0772,6.1686,-1.6938,3
1.1223,3.7058,6.9021,5.4072,7.1066,5.9049,3.961,5.3427,2
3.282,-0.58235,1.5612,0.5237,0.20869,-1.5469,12.587,1.6732,1
2.9785,-0.91155,0.006325,1.6549,0.25475,-0.65195,9.8414,0.41477,1
-0.59094,0.47888,3.4294,2.1291,-0.8408,-3.7386,3.0958,1.1723,3
1.8007,0.38082,5.5381,6.3031,7.672,9.0185,-0.7621,4.3271,2
2.1698,0.42797,-0.81925,-0.75795,0.56174,0.37027,16.006,-0.46762,3
-1.3425,2.7635,7.1909,-0.084706,0.011196,12.043,14.14,-1.4511,1
2.1622,1.7108,4.8747,4.5197,6.5288,9.6575,2.3434,5.0539,2
-0.24785,-0.71106,1.1526,0.13774,0.28218,0.22222,-2.6601,-1.13,3
0.29997,2.7131,2.2025,-8.5665,5.1105,-0.039407,4.5962,3.5899,2
-2.0159,0.75788,-1.0815,2.0956,-1.8405,3.5519,-1.1944,2.4876,1
0.37097,2.443,-0.87423,1.2844,5.4968,5.2233,-2.6738,3.9392,2
0.32615,3.7837,6.0891,-4.8111,4.8077,0.65642,-1.3371,6.8496,2
1.9896,3.513,0.99196,4.7167,4.2582,5.6536,-0.86147,6.7962,2
-0.31247,0.62782,-1.3357,-0.62693,0.81499,-3.6088,2.6753,2.4616,3
-0.74008,-0.89484,-1.5091,-1.2505,1.6628,-3.7109,7.636,2.532,3
1.5343,-1.6295,1.2201,1.6539,3.9147,-1.3837,-0.036831,1.4228,1
-1.9489,0.89919,-1.7299,2.5055,0.84525,-2.0378,0.44596,2.6802,3
2.1101,3.4104,2.269,-4.9798,1.1825,8.5379,-6.3429,6.9134,2
-0.77874,1.5807,1.0618,-0.33136,-0.67027,-1.3478,-1.5741,2.1669,3
-1.0947,4.8282,-0.28135,1.2356,2.3272,3.3218,12.87,4.3136,3
-2.3668,1.1173,3.1585,1.8752,-0.98818,0.1358,-3.8324,-1.0493,1
4.8282,-0.98934,-1.0118,0.37839,4.3248,-1.3201,-3.9131,1.2165,3
1.7544,3.0887,4.8245,1.8565,5.9904,7.3604,5.076,7.1688,2
2.4349,-1.292,0.72011,3.6054,0.29127,2.2215,-3.9949,0.83506,3
2.0987,2.9895,1.6012,1.0819,0.57767,3.699,-0.68513,-1.2855,3
0.77141,2.4641,7.3307,-3.2713,6.1976,-10.124,1.4294,7.5399,2
-0.94704,-0.2562,0.31334,0.58146,3.9077,-2.262,7.1054,7.0103,1
3.5342,2.1962,-2.0129,1.6068,3.2032,5.0851,3.9757,6.0464,2
3.781,1.886,2.2333,4.3982,5.4859,3.9804,1.7138,3.0946,2
-0.66784,2.9463,0.10353,1.6656,4.729,6.7621,4.5787,1.843,3
1.2478,-0.66614,-0.10357,-1.1154,6.371,0.085067,-0.35001,0.82396,1
-1.8477,-2.5238,2.3223,1.6609,2.8489,-0.91721,4.5016,1.7943,1
-1.7256,-0.54406,1.3677,4.2765,0.82534,2.7599,1.7503,0.71656,1
-1.4681,-0.3322,5.1302,-0.87776,-1.571,-1.06,-4.2846,0.84226,3
1.096,-2.4637,-1.4966,-1.1267,4.0632,4.2219,2.178,0.78343,1
1.2059,1.0497,0.51295,0.73587,3.5658,-3.4975,-3.8732,-0.12317,1
-2.122,3.3162,0.22897,-0.89834,3.1404,1.7975,-4.2068,1.2336,3
-0.81929,2.1702,1.0093,1.2656,0.2267,-0.11792,-3.3596,3.9003,1
1.4685,0.30309,2.9034,1.3342,5.9759,5.0268,0.29818,3.5196,2
1.8642,0.32604,4.7904,6.6509,-3.1006,-0.35885,3.7633,1.7722,2
-0.34371,1.6193,0.12233,1.149,-1.5181,-0.20375,-0.11627,2.1061,3
2.2457,-0.33785,1.6254,2.085,5.5226,3.8628,-4.9487,-1.6354,3
-0.018199,1.5337,3.0043,2.0404,1.7785,2.8053,-4.223,3.0411,1
0.36179,-0.6595,2.2646,2.1871,2.7314,-0.19281,2.3909,0.14833,3
-2.065,-2.1831,6.1272,-0.15272,2.2837,7.5182,-2.5219,3.0776,3
-1.7839,1.2396,1.8617,-1.9072,0.51721,2.8349,-3.5036,-0.61987,1
2.3038,0.21207,-1.1755,3.5248,5.3293,1.8378,0.37839,1.1449,1
-0.61621,-1.2396,5.2788,-1.5216,0.49215,10.009,-4.5653,-1.1764,1
-0.51927,-2.1804,2.5246,4.1062,5.1688,5.474,3.1126,0.99136,2
0.16017,2.9506,4.0401,-0.97271,0.23537,10.088,-3.2305,0.17973,3
-1.1052,2.6994,-0.90079,4.3,2.2729,-4.5363,6.283,5.9686,3
0.32095,1.8533,1.2325,3.378,6.9841,-4.921,-2.4517,1.7818,1
-1.8833,1.3208,-0.87417,1.9682,0.78812,1.7593,-3.6987,-1.3331,3
3.4417,2.8401,1.8488,0.8394,6.4488,5.3462,4.2631,6.5209,2
-0.92471,0.15923,0.30751,0.63305,0.034129,-4.6384,2.1841,-0.64265,3
-0.65581,0.60996,-0.26631,-0.26875,-0.96538,4.3878,2.545,2.2147,3
2.3243,0.48216,0.85456,-0.77979,-0.7228,-0.48924,1.1692,2.0341,3
-2.2673,2.3238,1.9389,-1.091,7.5992,-3.2799,1.6073,-0.60654,3
0.1207,3.0917,6.3527,3.1928,6.7788,9.9109,2.396,3.8559,2
-1.5373,-1.7146,1.6675,6.2774,-1.7903,14.113,4.0994,0.8884,1
0.36506,-1.0872,5.3196,3.4803,2.2589,6.0052,4.8269,6.0353,2
-2.6086,-0.39826,-0.4045,-0.070089,4.8678,-0.51957,0.99064,0.15994,3
2.6284,-1.3818,5.7443,3.3388,3.9042,3.9594,3.5355,3.3839,2
-1.4425,-2.3172,-1.7498,0.6785,0.24914,2.2046,-0.25814,2.9664,3
-1.2334,0.55948,-0.65831,3.5453,3.4576,0.98798,-3.84,-0.46331,1
2.4293,2.4933,1.4083,-1.6667,-1.4111,3.6281,8.9466,0.60697,3
-1.667,2.4176,-0.16308,-0.47257,0.70778,0.47441,4.9213,1.7019,3
-1.5307,-0.73798,1.1508,4.8928,-1.4198,3.4953,2.3738,1.9699,1
-0.98074,-1.4655,-1.713,-0.27789,3.5283,-0.34911,0.17446,-0.60803,1
-1.273,-2.5625,0.88162,4.2519,-1.6382,-0.75028,-2.9782,3.6517,1
4.3595,-0.69361,-1.2236,-1.0182,-0.54288,-3.3935,-1.574,4.8216,1
1.1866,2.5582,0.64647,4.7611,3.232,2.0947,1.7905,1.2325,3
-1.8135,2.1956,-1.556,-0.29727,0.58041,2.4001,0.87818,-1.2457,1
2.2631,-0.58662,1.6752,2.9246,-0.13602,-2.2872,-0.50962,-0.19851,3
-1.915,-0.43127,0.83989,0.04662,2.7786,0.4944,-1.3719,-1.0719,1
2.515,2.825,2.0516,0.21268,2.208,1.2034,-3.6956,6.7117,3
-1.999,3.7033,-1.2614,6.0544,0.22359,0.29837,4.5247,-0.88505,1
-0.084261,-0.33847,4.1398,1.0074,3.5627,-2.6271,9.611,-1.0244,3
-1.7006,5.2421,-0.14345,0.77777,2.4817,8.9875,5.4031,0.56812,3
-2.2197,-2.3097,-0.9945,0.1975,4.2904,-3.2275,-1.3616,0.56573,3
-1.7739,0.2528,-0.47555,2.1275,0.40701,-3.4639,0.001039,1.3935,3
0.1164,-1.7466,-0.19524,1.4357,-1.6174,-3.9367,7.0803,-1.3067,1
-1.4401,2.192,0.20717,2.1821,-0.90672,5.087,-0.27782,2.9287,3
-0.46274,-0.94344,-0.11164,0.59794,-0.29121,-3.2302,3.1884,2.919,1
2.683,3.7461,5.9718,-6.2162,5.7469,10.318,2.8845,6.7702,2
-0.72848,-0.46693,4.4482,0.73908,4.8465,9.5161,3.5511,3.0078,2
0.34753,-1.5805,0.95279,2.0419,7.8059,-1.037,-2.177,0.59101,3
0.020362,-0.34982,-1.1918,5.6882,0.72054,-2.4991,-3.0648,0.49333,1
-1.028,0.29332,5.1934,1.3774,5.6374,5.5567,0.88031,1.8876,2
-0.66046,0.4585,4.6789,-0.38115,0.24516,-1.4703,0.92822,3.7811,1
4.2564,0.21937,-0.6307,-0.032221,1.6448,-0.81769,-0.24292,-1.7882,3
0.2583,-1.9603,1.247,-0.86975,0.22412,-3.0678,2.2975,-0.27153,1
-1.4398,2.3944,2.3116,0.26271,0.83042,9.0386,-2.9267,1.134,1
1.2791,-2.4833,0.48273,-1.3696,0.20974,7.907,-0.8102,0.24555,1
-0.82653,1.5616,7.5999,-5.7121,4.867,0.63932,4.6062,6.6757,2
-1.7946,4.172,1.7614,-0.22362,4.0663,-0.85109,3.1431,0.37254,3
0.14164,-1.5762,5.7728,-0.27758,5.4758,7.6208,-2.3593,5.4068,2
0.46532,2.0271,0.82735,-0.32413,-0.25897,-2.3595,-1.6651,1.7872,1
2.4986,3.636,4.8545,3.3238,3.0048,5.789,0.43509,4.3789,2
0.77766,-0.041181,6.7532,0.23523,6.0689,3.8384,0.46205,6.5056,2
-1.5485,0.011218,0.58627,0.93831,-0.83179,-0.1298,0.35837,1.1035,1
-2.1428,0.73173,0.79185,2.0457,-1.1019,0.72507,3.2797,0.26654,3
0.2566,0.051146,-1.6174,3.3574,1.5181,-1.1453,-3.6653,1.4957,3
-0.54012,1.0925,6.0864,-0.81429,2.0287,7.7006,2.7602,5.4833,2
-2.4653,-0.73547,5.1613,0.65065,1.1234,6.6442,-2.706,1.682,1
-1.1009,7.9056,-1.363,1.0116,-0.71426,-4.8971,-2.7109,1.7266,3
-0.28649,4.5302,3.9166,1.1351,3.1021,3.6211,7.5934,-1.3843,1
-1.1259,1.9905,2.3826,5.5294,1.0674,4.3195,8.8279,1.4819,3
4.8063,0.25762,1.9557,-0.77258,-0.52553,1.1483,2.2695,2.2015,1
-2.3946,-2.8408,-0.5704,-1.1494,-0.8479,6.9637,4.4089,1.2987,1
-0.29923,0.27875,-0.047725,-0.15698,1.2414,-2.1947,-2.9209,3.0408,3
-0.63579,-0.6525,7.5924,3.0868,7.1673,2.6216,4.4522,4.5996,2
-1.8979,-2.0005,2.3788,1.9257,4.1979,-2.6574,4.4186,1.0323,1
0.64807,1.5263,0.23729,-1.1877,2.0129,8.6268,1.5721,1.1322,3
-1.449,0.022202,2.6566,-1.3136,3.2138,-1.6758,-1.8128,1.8724,1
0.040431,-1.694,2.5024,2.8101,4.0364,8.2394,4.3107,6.0994,2
1.6511,0.81641,0.4505,0.22587,5.3537,8.7077,-2.318,1.0287,2
-1.1254,-1.7651,1.5688,-0.97878,-1.1539,-3.0129,4.0686,1.1577,3
-0.6765,0.12475,0.30526,3.8079,-0.41877,-1.5188,-1.0669,-1.6338,1
2.1663,1.6548,4.5559,0.53783,2.8086,0.85927,-1.9876,6.2208,2
-0.52312,0.44316,0.34744,1.25,1.7266,-0.15087,-3.0532,0.14717,1
2.2972,-0.281,4.6894,-1.0483,3.2713,9.7792,2.384,7.4591,2
-2.0102,-2.1594,4.2765,4.805,1.9782,9.4027,-2.3275,1.1141,3
-1.514,-1.3375,1.8206,0.51119,2.5091,-3.5114,1.5463,1.1669,3
1.8242,3.6569,6.1914,5.9839,2.5039,6.3231,-1.0242,0.66478,2
-1.3176,-2.3174,3.9176,0.74932,0.86717,-1.0438,6.8809,3.032,3
-2.4482,-0.77141,1.1282,4.6012,-0.19651,-0.97557,-1.25,1.0916,3
-0.9462,-0.69436,-0.59355,2.0297,-1.8097,-2.6044,4.1088,0.031773,3
2.1319,-1.2012,-1.3598,2.5192,-0.31655,-2.4828,0.33251,1.5706,1
3.7336,0.36625,0.2674,3.2739,1.1101,-0.73894,2.6191,1.7731,1
1.7092,-1.1272,2.4597,1.9851,3.6997,6.7131,-0.9467,1.2063,3
1.0725,-0.26796,5.4322,3.439,7.6451,-2.1098,5.3735,4.7963,2
-1.0489,1.9807,1.4633,-1.4414,0.73175,4.2695,-1.6111,-0.56125,1
-2.4026,-1.125,0.61138,1.0921,3.4493,-0.38553,-3.5914,3.1142,3
-1.2431,-2.3776,-1.3648,-0.96419,0.51849,-3.8458,-2.9479,-0.9615,1
5.716,-1.9227,1.3739,-0.95314,0.96349,4.661,-4.3877,-0.31722,3
-1.3491,0.73527,0.72585,3.09,-1.817,-0.97125,9.7945,1.8626,3
-0.30364,2.5112,-0.8481,-0.52662,-1.0084,-2.0481,1.9224,-1.0724,1
2.0444,2.7311,7.2328,-1.7474,6.7874,10.359,2.8879,5.505,2
-0.74147,-2.7762,0.41255,-1.6989,-0.2363,-1.5378,-4.4491,-0.17372,1
2.992,3.6266,2.8268,-10.985,5.3463,5.1365,3.7282,3.7572,2
-1.511,-1.7511,-1.5376,-0.8819,2.6547,2.7516,-1.1624,1.0345,3
-2.0647,0.093042,0.059149,2.0889,1.1225,-3.2319,1.1892,-1.1471,1
0.11343,-0.68253,1.8314,0.19176,7.2515,9.6711,1.9236,4.3148,2
1.2917,3.6292,1.2903,1.33,0.26905,-1.6111,-4.4211,0.39272,3
6.5206,1.2739,-1.3722,5.1035,-0.15686,-1.1204,8.3638,-0.38822,3
2.2124,2.359,1.3716,-0.10576,1.5598,0.18806,6.1804,0.83366,1
0.031008,-0.98267,6.0401,1.3464,-0.3079,8.9696,2.5343,-0.87652,3
-1.4301,2.7781,4.6641,-5.558,6.3126,9.3216,0.82504,1.5177,2
1.4698,2.8483,6.8544,0.88068,5.5537,-4.2683,0.058512,6.3706,2
1.2619,0.31144,5.6484,6.555,4.7833,6.9076,-4.1549,4.4119,2
2.6837,-0.70591,1.642,0.76493,-1.5929,-4.8148,4.3554,0.59313,1
2.7452,-0.059721,3.9648,3.7277,5.7941,5.3098,0.91218,5.443,2
2.6306,-2.1652,4.8497,6.2342,3.4096,-0.63373,2.0585,5.0732,2
3.3231,3.8771,7.8266,2.6598,7.2888,8.0245,-0.37954,3.8084,2
-1.8715,3.4956,1.4113,-0.67139,-1.3312,8.1069,3.2623,1.6009,3
0.85477,2.2943,2.5691,-4.1681,4.6519,-2.3668,3.8567,1.4348,2
-1.9927,-1.0485,1.4592,-1.4078,0.003413,0.72784,3.3675,3.3553,3
-0.87938,-1.7931,3.1491,-0.092563,-0.97618,2.6874,1.1886,2.0122,3
0.32141,-0.66383,1.2064,0.64815,-0.59349,-2.3641,1.9514,1.5668,3
-1.9045,-0.37022,-1.1894,-0.30265,0.41013,1.9181,-3.9987,-0.44398,3
-2.5935,-1.9802,1.4319,0.004447,-1.4312,-2.8749,-2.7585,2.7603,1
-1.1462,1.3434,2.7962,1.4883,5.3566,7.6417,3.885,6.314,2
0.99767,1.9007,2.8745,-0.8303,3.4246,0.95632,-5.0388,1.4066,3
2.4039,2.5433,2.7678,-1.0265,5.7066,4.2119,-6.8364,4.6186,2
0.72571,0.83676,1.7175,1.1784,6.8535,-4.0224,3.1044,-0.017514,1
-2.2838,-2.337,4.2311,0.40429,-1.3252,0.97223,4.0198,2.6268,1
0.81859,2.111,4.4339,2.123,1.7156,5.2075,3.9178,5.9009,2
-1.6218,-0.19401,5.9989,4.2005,3.4483,3.4607,-4.6786,3.0177,2
1.7163,3.6392,4.5229,3.5327,6.3202,0.31532,4.1236,5.4428,2
-2.0466,3.6615,-0.1412,2.2129,0.97568,-3.4532,-3.0516,0.5707,1
-0.25342,0.41357,-1.3062,1.7156,1.1836,-4.0448,-1.9884,0.015215,1
-0.17053,-1.9683,1.5316,5.6056,1.0995,-0.6564,-2.5601,0.90778,3
2.965,0.85083,5.9706,-6.3058,5.7509,-2.9231,0.35224,5.8064,2
0.87159,0.4859,0.58648,-1.4276,-0.014262,-4.1079,-2.3364,1.5469,1
-1.4095,-0.46439,0.29521,1.8271,3.3627,3.6506,1.1684,-0.18376,1
-0.008105,3.5773,1.2733,0.2858,0.37782,-1.4252,-0.93789,-0.68476,3
2.0564,3.8019,6.9087,0.70945,7.7561,6.8776,0.52418,4.5088,2
2.5705,0.88606,4.6542,-8.1326,6.68,10.046,3.7686,5.8285,2
0.18419,-1.315,4.7455,1.3382,2.0706,0.72354,-1.234,-1.88,1
-0.55105,1.7549,-0.17347,6.1519,0.88976,-2.225,0.28158,-1.252,1
-2.3435,-1.0181,1.9536,0.46396,7.3244,0.80897,-1.2743,-0.79856,1
2.6342,1.6057,2.9304,0.92188,-1.8344,-2.396,-3.0599,0.24036,3
0.77312,-1.2321,-0.97386,-1.5659,-0.36271,1.5426,-1.6125,2.1095,3
-0.23891,2.8136,0.74746,2.6196,0.38849,3.3032,2.4982,8.2715,3
3.1125,-2.0391,7.0581,-1.1665,6.7161,6.1214,-2.6031,5.66,2
-0.58962,-2.493,-1.2166,0.2265,0.23863,-3.9999,-3.0844,-0.75027,3
2.7246,0.44934,2.3821,5.2191,2.4975,-5.5525,2.087,3.8347,2
0.6576,1.8525,4.4165,1.8715,5.2385,6.6024,0.31128,5.8504,2
-4.6856,0.47104,3.7839,4.6294,6.0001,7.7871,1.3633,5.931,2
-0.92015,-1.76,0.10646,-0.37208,1.7412,-0.71832,11.742,6.4948,1
0.029014,-0.81905,1.3275,-0.012298,1.0168,6.6468,-1.7397,0.96071,1
2.7514,-1.2373,2.2978,3.123,2.2627,-1.7204,-3.0829,3.2154,3
2.2381,-3.0044,5.6985,3.4138,6.1799,2.1934,-3.1299,7.8316,2
1.0929,-1.025,0.27955,1.2968,7.119,-5.895,0.23866,7.7155,2
3.1243,3.3975,4.7321,1.7436,6.7965,7.5718,4.305,5.5118,2
-2.576,-1.6145,-0.36311,2.3898,9.6674,6.7443,4.414,4.507,3
2.2742,-2.6523,2.4332,1.0288,7.743,7.619,2.4407,5.0169,2
0.021316,4.2034,0.14565,-1.2657,3.7088,-2.1807,7.3846,-0.38075,3
-0.53905,3.9565,6.2547,1.3414,-1.1931,10.363,0.55872,4.2005,2
0.18301,2.2674,0.022026,3.5262,0.18993,10.288,9.4918,-0.95193,3
1.8428,-1.2552,5.9246,3.9982,-0.21365,-2.4252,5.4815,0.074672,3
-2.7385,-0.92858,0.64076,1.3282,-1.5598,3.4016,-1.2962,-1.4539,1
1.8622,2.164,5.5715,1.6595,5.499,8.6708,-1.8142,3.8156,2
-1.1536,0.67358,-0.31289,-1.0384,-0.99502,0.29879,3.3951,3.2095,1
1.5005,3.357,0.46677,4.3184,-0.89094,8.4071,-3.0642,-0.715,3
-1.0537,-2.709,1.2024,-0.46177,1.5911,2.8071,0.80095,1.2851,1
0.46355,-1.9394,3.9266,-0.1889,-1.2781,2.0734,-2.5687,3.5129,3
-0.36742,0.35128,3.0178,2.8554,1.3899,2.5511,-2.4685,0.72725,3
2.9744,1.9102,6.6959,-2.3097,7.052,9.7017,3.4261,5.5161,2
-2.3507,2.9623,-1.2239,1.1389,5.8002,4.7914,-3.9071,-1.2688,1
-1.0466,5.642,2.5884,0.52464,0.45477,-0.63289,-0.75898,-0.28317,3
-0.8864,1.1316,4.39,-3.5319,0.55157,8.5928,0.35645,2.6169,2
-3.3063,2.8414,4.7079,5.7501,3.895,3.8619,-0.92705,4.3605,2
0.1077,0.58668,3.3887,-0.58783,-0.6599,2.3458,-0.013117,2.9719,1
3.6647,-0.33168,5.464,4.5191,6.0968,7.3207,1.6684,5.654,2
-2.0128,-0.71259,-1.1177,1.2627,-0.4644,-1.1097,-1.003,3.8072,3
0.51018,-2.2772,-0.63278,2.8317,-0.70035,-1.0734,0.4343,1.8832,3
-0.044428,-0.99363,-1.3632,1.7544,-0.39334,-1.1431,-4.7237,1.1286,3
-0.74971,1.6089,0.38784,-1.3733,-0.328,-1.736,-1.0047,-1.0562,3
-2.5371,-2.2498,-0.69499,-1.1117,-0.3387,2.5038,-1.1923,-1.4538,1
-2.8687,-0.081229,2.7869,0.92905,-0.87853,2.667,0.47438,-1.1355,1
4.0788,1.7682,0.49102,-1.8861,-0.25272,-1.7024,-2.6396,1.4411,3
1.4778,2.3914,6.8473,3.4514,-0.40833,-3.4079,0.33974,7.1073,2
2.6644,-1.0076,3.8505,0.99537,2.0809,10.46,2.9397,5.6105,2
2.7369,3.0448,4.3922,-3.984,3.1303,5.816,-1.834,5.8088,2
-1.4459,1.2789,2.2426,2.8676,-0.55423,2.3654,7.2256,0.80502,1
-1.2309,1.8374,1.8183,0.48617,-1.0894,-3.9134,9.3706,0.56017,1
-2.3633,1.4728,0.82607,1.1381,0.75193,-1.0085,13.432,4.2213,3
1.3042,4.7159,4.1357,1.2304,1.3306,-4.5139,1.4612,1.4441,1
1.3879,0.9874,6.6877,0.99544,-1.6502,6.6932,-6.7047,3.3417,2
-0.4736,0.99095,4.7236,-0.38692,-0.50317,8.2184,-3.4567,1.152,3
1.4692,1.4573,-1.2723,-1.4189,-1.527,2.6811,9.0065,-0.73358,1
0.44922,-1.3402,0.48799,-0.8633,0.008292,7.3853,-3.681,-1.2702,3
-0.15366,-1.4406,-0.99167,2.1094,-0.92983,2.9998,0.58884,-0.91911,3
-2.4734,-1.0446,2.3839,-1.7587,-0.22617,-3.2064,-0.040412,-1.3933,1
-0.69515,-2.8555,3.5637,1.0825,-0.98866,7.8343,-4.5262,0.38515,1
2.2667,-2.3939,3.2942,2.2777,1.3417,0.38258,-1.3031,-0.2776,3
-1.0295,-0.4626,-0.6168,-1.44,3.3576,4.5823,-0.69641,0.30385,3
-1.7151,-0.81317,-1.2422,1.1802,0.85496,-1.613,-3.314,0.18879,1
0.025841,3.9049,0.4555,0.61995,2.2154,-2.4176,-2.137,3.5005,1
-1.4845,-1.128,2.1671,1.4372,-0.86595,-0.51479,-4.5618,-0.74411,3
-0.64159,-1.8831,-0.69511,-0.75621,-1.3972,-0.097528,4.3536,-0.50493,3
2.3586,-0.49143,4.7475,4.6016,0.58948,2.4204,2.975,7.1128,2
3.1064,1.2245,0.35903,2.3689,-0.19114,-0.8609,-0.84032,-0.55942,1
-1.2267,-0.50677,-0.64279,-1.554,0.48767,-2.7807,1.3605,3.0849,1
-2.3831,3.7763,-1.2907,0.57638,2.6453,-0.8257,12.993,-0.23151,3
-2.0763,-1.5938,-0.53321,-0.64713,-0.057877,0.66766,0.80768,0.82815,3
-0.79446,5.3339,-0.13403,0.35417,-1.0313,-0.99237,-1.646,0.6335,1
2.0715,4.5836,2.7076,2.1601,-0.41461,3.6921,3.2505,0.24321,1
2.5181,-1.9502,3.0446,-1.0411,-0.23053,1.0383,1.3078,5.7518,1
3.6837,0.60283,0.1245,4.5795,-0.11022,-3.2941,-3.8343,0.38508,3
-0.90499,0.51842,6.1635,-12.48,5.1362,7.8673,0.80078,6.6362,2
-0.5435,-0.63045,1.4709,-0.71809,4.2357,-3.1979,3.5994,0.16703,3
0.16127,0.67364,0.94005,0.79577,0.12802,3.1226,16.163,2.3226,1
1.8626,-4.4094,7.0987,4.7091,7.7926,10.351,2.504,1.2975,2
-0.07004,0.039894,3.419,-1.5799,3.0958,3.0664,0.91594,7.0144,2
-2.0274,2.3803,0.75699,1.1906,-0.84467,-0.61449,4.9663,0.56123,1
3.5595,1.4175,7.4583,-0.71896,4.1553,-4.4235,2.9485,3.5296,2
1.3885,3.573,2.2473,-0.76239,6.3498,-3.2378,6.6239,3.5453,3
1.9675,-2.4368,0.065659,-1.8119,-1.8179,0.21893,-0.6952,2.9792,3
3.1685,0.88929,5.8358,-3.7159,6.5174,5.0663,0.53488,5.067,2
0.6328,-2.3636,-0.48022,2.4223,2.3368,-2.3477,7.358,5.4886,1
-2.5895,-2.0298,-1.2383,1.379,-1.0479,2.7726,-0.71281,7.1819,3
2.3652,1.978,6.3119,5.1447,4.5065,-3.5669,4.6641,7.2869,2
3.3302,-1.3103,-0.43843,7.1644,1.5501,4.3676,-2.9182,0.30131,1
-1.1734,-1.2923,-1.3003,1.1941,0.13449,0.37112,-0.16073,-0.29175,3
0.72441,0.33926,1.3577,-1.1303,-0.84101,-2.0452,-2.7749,0.26039,3
-1.958,0.49974,-1.3593,-0.3414,3.699,6.2129,1.536,0.47716,1
-2.4892,-0.098215,4.4511,-0.12643,-0.34158,0.51875,3.0276,-1.632,1
3.0004,-1.7014,6.8375,4.5156,7.3915,8.908,1.5033,6.6125,2
-2.5343,1.7439,1.3395,8.1628,-0.14678,0.095373,3.9959,8.4661,3
-0.90183,0.70319,5.7676,4.5708,6.7257,9.1522,-0.33768,5.5987,2
-1.2268,3.4162,-0.45712,-1.1954,0.30178,-2.6868,-3.8274,-0.12347,3
-1.4442,3.2009,4.7093,-1.398,2.5386,-4.4211,4.2481,-0.28914,1
4.2719,-0.27277,-1.9126,4.1371,-0.73602,-0.99942,0.004433,-0.84182,3
-1.6992,1.7851,0.52711,-1.1454,2.2911,5.1242,-1.7715,-0.92055,1
0.041469,-1.3149,3.0831,-0.91632,7.6e-05,3.2397,-2.8549,0.19037,3
3.0869,1.7995,4.6439,1.4265,2.7688,2.0712,3.3179,6.3512,2
3.7996,0.68485,7.238,3.0573,4.4959,3.4988,1.6306,5.9945,2
-2.3078,-1.5191,1.6935,0.90314,-0.95637,-1.1659,-3.6977,-0.61786,3
-2.2626,3.6148,6.5293,-1.1064,6.5201,6.2342,4.1495,-0.043687,2
0.32095,1.8533,1.2325,3.378,6.9841,-4.921,-2.4517,1.7818,3
1.5018,2.5302,-0.65869,1.1305,4.7511,-3.0384,0.46439,2.6301,3
0.33705,0.17824,7.1315,5.7733,3.4605,5.5552,2.2762,1.8777,2
-1.741,0.24015,-0.62704,-0.43762,5.7916,-3.4453,-1.5921,3.662,3
-0.41397,0.3665,0.60613,-0.78239,2.1669,6.8346,5.5073,-1.4321,1
-0.51403,-1.329,2.6908,1.811,-1.4681,0.012215,0.40014,-0.33047,3
-2.1006,0.45045,-1.8299,-0.8876,0.039512,0.061409,0.79338,-0.23805,3
-0.53422,-0.31433,-0.10928,-0.7575,-0.10714,0.13002,1.297,-1.6348,3
4.1672,0.36438,0.21925,0.41247,4.1643,7.0772,6.1686,-1.6938,1
-0.57495,2.998,-0.89501,2.2609,1.9539,5.7014,0.3659,-0.40922,3
1.6093,2.8578,7.3059,0.26669,5.0526,4.465,4.5954,5.1014,2
3.2114,2.2359,-0.41855,-1.2401,0.754,-3.2393,-1.0762,0.34144,3
-0.41054,-0.36143,-1.1365,3.708,-0.012794,-3.2157,3.0403,-0.26856,1
-1.5394,-2.3161,2.898,1.544,1.7607,10.351,-0.31171,0.37158,3
0.47992,-0.45441,-0.41982,-0.86992,7.3562,7.8005,-1.3658,2.7055,1
0.50459,-1.9787,0.74276,1.6886,-1.6387,8.3224,0.2182,0.026963,3
-0.95922,-0.039697,-1.1542,-0.62347,1.5421,4.3225,-1.992,3.3028,1
-2.445,2.9647,0.76163,-0.85745,2.8403,-0.76896,4.2549,-0.056242,1
1.0456,-0.17765,6.643,1.3096,6.8436,7.0806,2.5651,4.0202,2
-1.0191,0.053953,1.2313,2.6247,0.35622,5.0011,-1.1742,1.5298,3
0.88802,3.7471,6.6138,6.947,6.086,9.6031,1.2595,5.2704,2
3.2893,0.99594,6.7612,-2.8044,5.2722,-0.37788,-1.8539,5.6596,2
2.1247,1.9152,-1.7715,-1.1789,-0.19788,-2.7242,0.047274,-1.8668,1
2.1525,0.84012,6.9793,4.3534,7.3981,1.8733,-2.528,0.019295,2
-1.6067,1.2892,5.1343,-3.0755,5.5732,0.82409,0.3245,5.8747,2
2.8605,-0.6929,-0.39729,2.5923,0.55427,6.788,8.5785,-0.17512,3
-2.9713,4.2963,1.1473,-1.2883,1.8398,-2.6584,4.0463,6.4196,3
-0.27679,-0.97509,-0.58554,-0.37767,-1.3236,-2.5665,-3.682,0.82596,3
-0.39259,-1.0948,-1.9585,-0.87222,1.962,1.5352,4.3596,0.20324,3
3.6047,-2.1976,-0.86874,-0.2913,-0.67067,1.2042,4.82,1.1647,3
-1.8193,-1.3516,6.1179,0.53406,2.0498,-3.9153,-4.4719,3.0443,1
3.3557,3.6165,3.4723,5.7877,6.9251,5.95,0.23368,3.8759,2
1.4259,-1.5495,1.3716,0.34998,-1.4525,-0.96964,1.3397,0.25555,3
2.162,-5.7477,5.6749,3.9762,6.7908,5.4531,-2.6035,7.6315,2
-0.20208,5.7338,-0.63949,-1.2388,1.4068,2.454,-0.85269,-0.91061,1
0.22666,1.4598,4.5274,0.7636,2.4292,4.2889,-6.014,3.9111,2
-0.12237,-2.9565,4.2162,-5.5186,2.4878,8.4913,1.2047,4.1309,2
2.3714,0.79632,5.0437,0.58306,6.3878,6.2195,2.5617,3.494,2
1.8816,0.28893,5.4702,1.1067,6.482,8.3163,2.1928,5.0036,2
0.52606,-0.65003,1.9362,1.4521,5.6577,6.5023,4.8645,5.8334,2
-1.12,-0.097941,0.15303,0.561,-0.91381,3.8475,3.4413,0.036049,3
-0.47419,-2.3234,0.52459,2.8999,-0.027326,-2.1258,-0.8869,1.9417,1
1.9045,2.8455,5.0327,1.6523,4.5554,4.8381,3.3007,6.5876,2
0.16346,-0.4258,5.9778,1.2041,4.1678,-1.6825,-2.8706,4.3783,2
0.16524,-0.025358,-0.60093,-0.17472,-1.3407,2.3557,2.4934,0.84777,3
0.27699,2.1668,0.51466,6.1263,3.7636,1.4278,-0.61088,6.3996,2
-0.24547,-2.1692,-0.47612,1.6583,-1.6831,-2.2317,0.9712,-1.7359,3
-0.29626,-0.5238,0.84687,-0.36341,1.3533,0.93038,5.5939,0.69302,1
-1.6045,1.0633,-0.95451,-1.5214,1.2919,6.3428,4.1522,-0.80742,1
0.91125,0.56546,1.5573,3.4448,-1.6465,6.44,-5.0197,6.1056,1
1.1444,-0.14583,6.4235,0.15184,6.0703,9.5449,3.5731,3.6914,2
0.80686,0.88296,5.1194,1.8722,0.5826,4.5565,2.4733,5.5452,2
1.2078,-2.1412,2.0045,-1.4712,2.6769,1.285,-1.0466,-0.65095,1
-2.7407,5.7847,3.5138,-0.83346,-0.66573,1.5291,-2.3021,-0.65662,1
3.8533,1.9132,-1.1321,-0.058571,6.2537,7.5347,0.62607,-1.0559,1
-0.33502,6.0885,-1.0296,-1.3317,-0.75057,9.1688,0.96795,-0.14765,1
3.5482,-0.94288,5.6986,-0.44429,-2.0176,3.3047,13.763,0.17217,1
0.88591,-1.9603,4.8409,-0.88714,-0.35868,0.74081,-1.851,0.97309,3
-1.6767,3.3361,5.1714,-6.1355,3.2395,8.7468,-0.75539,4.9437,2
3.5161,-3.1005,7.799,-2.4867,4.4587,1.2396,0.088278,3.2979,2
-1.6058,0.36744,4.6439,4.1639,6.7927,9.3525,1.5069,0.66493,2
2.3366,0.43927,4.2626,2.2129,2.8373,-4.7287,-4.091,5.3547,2
3.1705,2.4799,2.7724,-0.06614,6.3829,2.9956,3.5397,4.3384,2
-0.44722,-2.0056,0.64473,0.45845,-1.7359,1.4805,0.58311,3.4818,1
1.5677,0.65301,0.31074,2.4454,-0.36368,2.8515,-2.8379,1.8295,3
-1.3423,2.6301,0.10195,-1.0805,1.0743,5.0741,-2.3882,0.47199,3
-0.96422,1.6348,-0.53361,1.8282,-1.2018,3.2486,0.72187,6.0691,1
0.45753,2.8414,4.1633,0.23812,4.428,-0.81399,0.1624,1.6782,1
3.5744,-2.2774,1.1762,0.044952,5.5679,8.9265,2.0554,-0.20006,3
1.6198,-0.1062,6.3222,-2.349,5.9334,-5.4186,-3.0863,3.3838,2
-0.000162,-1.9377,-0.97061,-0.091227,0.11052,-0.43094,-1.5787,0.14219,1
1.3698,1.3967,6.1805,-3.2264,-1.799,9.1641,-3.5655,5.0897,2
2.2845,-1.1788,3.5306,3.7859,0.59235,2.5145,1.2953,6.7071,2
-1.6287,-2.5122,0.7163,0.7443,-1.1476,-1.4123,-1.0735,0.020276,1
3.8789,-2.2643,3.4598,2.5175,-1.0264,0.054031,0.66042,4.5931,3
0.55565,-0.95115,7.896,-3.3997,3.6526,8.3903,2.6795,5.3082,2
-1.6418,1.6514,-1.2285,4.6452,3.1453,5.3211,4.0077,-1.68,1
0.81016,1.7142,7.5324,-4.4705,3.3274,8.6375,-0.32352,5.7236,2
2.5483,3.8241,4.4141,6.5084,5.5002,5.5794,3.5509,5.7589,2
-1.4118,-1.7143,-1.4827,-0.86746,-1.4243,-4.255,-1.823,-1.5227,3
0.28281,-1.9289,-0.24877,0.64864,1.7681,-1.9647,1.5287,0.33619,1
0.75083,-1.2737,2.6693,1.0837,2.9252,-2.1499,4.0674,-0.96834,3
3.4704,-0.20869,6.487,0.41776,6.9976,5.8132,0.64298,4.747,2
0.13091,-1.6468,1.3415,8.7919,1.9423,3.2611,2.611,-0.58191,3
2.1881,1.6334,4.6162,-10.946,5.0934,6.6154,4.7272,1.294,2
-0.75811,-1.0142,-1.2073,1.0457,6.2455,0.44454,2.0621,0.87858,1
-1.0394,4.7189,0.12045,0.030029,1.0017,1.8242,0.93234,-0.95257,1
2.126,2.5318,4.1024,2.2973,6.1604,4.7662,-2.568,4.1963,2
-2.0804,-0.28584,2.8131,2.9357,4.3558,10.233,-0.64436,2.7493,1
-1.3993,-1.7816,-0.058574,-0.79221,1.0218,-0.82813,-0.98049,2.8829,3
1.1504,-2.7746,7.039,0.74576,-0.32411,13.126,-3.9688,2.6229,1
3.4471,1.3733,5.153,2.6557,-0.23924,2.6243,0.44025,5.7665,2
-2.472,-0.88624,4.0475,-1.2505,3.8704,-0.51394,-2.5645,-1.5508,1
-1.7788,4.5382,6.0518,-0.2676,-0.97907,1.7615,3.4553,-0.83835,3
-0.64231,-2.0453,3.1528,1.0972,1.9588,11.923,9.1306,2.5994,1
-5.0501,-1.0728,1.2467,-2.4254,3.2438,-2.5946,3.1859,5.7859,2
-0.6703,0.70603,4.6287,1.6954,1.987,-1.5343,-2.3564,-0.6115,3
1.7283,-0.75747,5.6169,-1.8601,7.1568,5.9973,3.572,5.1882,2
0.15486,1.5202,1.0269,-9.1289,4.1177,5.1839,2.0174,5.3368,2
2.8074,-1.2308,-1.1457,0.43144,1.4575,-1.1488,-1.9883,4.3142,3
0.14233,-1.6052,0.27615,-0.31039,-1.4856,6.966,2.4137,0.10707,3
1.5465,5.4346,1.699,-0.89245,4.6479,2.379,-2.5192,4.8738,1
7.6251,1.6526,0.068185,-0.35936,-1.0139,2.1776,4.5536,0.12991,1
5.5945,-0.28949,0.38117,0.047687,1.0147,1.8146,-4.4749,7.6324,3
-1.6456,1.01,-1.1934,0.51376,0.45943,-3.3223,-0.33243,1.0974,1
-2.5336,-1.0851,0.3361,2.9028,2.0761,-2.1919,11.706,0.43518,1
-1.2409,-1.9384,3.4225,-1.4747,-0.50994,-0.93597,-0.83976,-0.70692,1
1.7039,2.8837,4.3864,-6.0914,4.8564,4.3623,-5.5516,3.3774,2
3.0097,1.6631,6.1639,2.5095,4.1111,0.35683,4.2969,4.5472,2
-1.8509,-1.4555,0.53563,0.51403,-1.6406,2.5652,-0.67072,3.8908,1
-0.366,2.1756,0.78589,-1.7128,-0.38214,4.828,-4.1802,-1.0604,3
3.4749,2.819,6.6451,4.446,4.7151,5.8592,-1.9064,0.040189,2
-1.811,-2.5518,3.883,0.58184,1.5298,-3.1335,2.3418,-0.85854,3
3.9058,3.5259,-0.011339,5.849,6.3666,7.0833,2.4818,5.7075,2
-0.25094,-1.6494,3.6364,1.1237,0.5216,-0.14609,-1.4813,-1.091,1
0.36744,1.0779,-0.35701,4.1901,4.6519,8.0967,3.6477,7.3173,2
-0.71562,3.3295,7.3905,0.92508,-1.9393,5.8919,0.71582,1.8109,1
1.0415,3.3382,5.357,6.0138,4.884,10.639,-0.61008,6.0004,2
0.77255,0.5078,-1.5111,0.70898,2.9742,0.39365,10.124,1.5348,3
1.3428,5.2455,0.025369,1.7923,2.1369,-2.5344,2.0167,-1.2633,3
-0.17029,-2.6732,0.57624,5.2663,5.2776,5.9449,0.19166,3.1395,2
2.1489,-1.9098,3.2344,5.3178,3.8455,-0.95161,-4.3462,4.8696,2
3.485,3.1241,4.4604,-2.6817,7.478,9.6481,-0.13976,7.8097,2
3.3056,-0.47737,0.016197,-0.95662,-0.39668,5.0617,1.2761,3.3083,3
-1.9072,-1.7848,0.26421,1.8732,0.96039,10.508,5.0543,1.1336,1
-0.14376,-0.29712,-0.89847,0.7565,0.86724,0.18074,-3.7022,0.49162,3
-2.1039,3.4575,6.5747,2.5231,7.1268,-0.66528,-4.4801,3.4857,2
1.2227,3.572,7.3428,3.2268,5.04,7.7023,3.1613,5.9628,2
2.3522,2.0488,0.61535,-0.61317,1.3023,6.8508,6.1388,1.1287,3
4.2378,-2.6429,1.6425,1.2377,1.1995,3.3664,4.0191,-0.11822,3
-0.30724,2.3534,0.30088,2.3165,0.90039,-2.8879,-0.14076,-0.084331,3
2.0681,1.4738,5.8299,4.5842,7.4388,3.9294,-0.56322,6.0541,2
0.29688,2.7978,4.8061,2.8451,6.1997,8.9405,-0.38165,5.9179,2
-3.121,-1.2191,7.2726,-1.8391,2.7174,5.8355,-0.52063,5.9358,2
0.57641,-2.3094,1.1902,6.559,3.2618,-0.27779,-1.8457,2.4218,1
0.39598,2.1161,-1.7481,2.7779,6.3104,3.5279,8.0759,1.4085,1
0.15293,0.16672,7.2464,1.9058,7.8613,4.3805,4.9763,6.1327,2
3.1171,-2.7988,4.5662,-0.71536,7.0324,7.9682,2.9832,3.5909,2
-5.0812,1.3677,6.6769,4.2427,5.9748,7.2337,2.4927,7.1365,2
-1.5727,0.23461,-1.2917,4.5949,1.85,15.78,-4.5654,-0.49644,1
-1.5365,-1.41,4.581,1.7245,-1.7066,3.7775,-0.079125,-0.1976,3
-1.0424,-1.8509,-0.40127,4.7731,0.071797,-0.69639,-0.26776,3.9504,1
-2.2743,-0.80042,-1.1244,0.44381,-0.27666,1.3516,4.4399,2.2439,3
3.53,1.4961,3.4657,-5.2878,2.3632,8.7055,0.3147,4.7764,2
1.6496,1.1266,7.5567,0.57912,3.4291,7.1659,4.1348,3.9238,2
0.38228,-0.5858,1.7857,0.76955,0.80968,5.9736,0.026026,-1.7041,1
1.8294,0.047822,4.1282,-1.7301,-0.7498,6.6381,1.8704,3.234,3
-1.7152,-0.086539,5.1615,0.1791,-0.38956,1.3053,-1.5279,3.8414,1
1.3792,-3.6251,7.4382,2.7626,7.7095,7.6696,-0.12449,5.5549,2
-0.60254,0.46267,0.3375,-0.65194,1.2481,2.2704,2.7223,-1.1515,3
2.8114,3.5801,0.33485,2.2286,1.9531,4.6979,-0.72666,-1.6415,3
3.8161,1.4292,0.25291,-1.4444,2.3284,1.6769,3.9875,2.2619,3
2.705,0.29482,5.6814,2.2655,7.6712,1.4029,4.1292,6.5958,2
-0.22691,-2.2049,-0.53819,1.0336,0.21874,-3.7571,-2.8527,0.20903,1
-2.5283,2.097,2.0414,0.77252,1.2764,4.7905,0.58327,-0.41645,1
-0.73655,-2.6111,-0.39172,0.82078,0.26415,-1.6232,-1.6641,3.1997,3
-1.6231,-2.447,0.097525,-1.0023,0.054471,-1.7042,6.9449,-0.081854,1
3.1998,0.78044,1.2579,0.29758,2.9493,2.9601,-0.84243,-0.68443,1
1.5015,-3.904,1.9825,-4.9159,5.368,6.1959,2.4179,5.3886,2
1.7529,0.54863,6.5445,4.9981,5.4513,1.5841,-5.0949,5.7985,2
0.40164,-2.9378,7.0295,4.1035,4.4644,4.4371,-4.1852,5.7593,2
-2.0165,2.009,0.531,0.42221,3.244,6.1409,-0.29537,0.000533,3
3.1042,0.97325,-0.26535,0.005479,-0.20745,0.41613,6.597,2.0573,1
-1.6045,-1.89,-0.79056,1.5594,-1.5149,5.8898,-3.3363,-1.14,3
-0.52266,-2.2997,2.1505,4.5995,2.4368,1.865,-1.5619,1.3852,1
-0.69813,-1.3276,5.4703,1.6812,5.0385,2.59,4.5051,2.19,2
1.7263,3.2122,5.3582,4.8409,2.4672,3.4472,5.0629,4.9357,2
1.5376,-2.774,0.54986,1.3028,-0.39168,0.1183,-4.2509,2.9728,3
-0.31062,-2.6374,2.9953,5.2251,0.47102,-2.7905,4.1959,-0.3227,3
-0.23047,1.7631,3.3301,-1.3667,3.3929,-1.9729,2.1008,3.5709,2
-1.2388,-1.2845,-0.043122,-0.74108,-0.2767,1.1293,3.1483,-1.3133,1
3.8695,0.7386,7.7055,5.9132,6.2115,1.277,-11.206,3.9473,2
0.81396,-0.32138,5.1343,-3.18,3.6236,0.80106,2.4693,6.3469,2
0.21806,-1.1113,-0.86836,3.4632,1.1764,0.99477,2.4898,3.8842,3
2.2892,-1.0146,1.6586,2.2179,0.58896,6.761,-2.2475,4.8383,1
1.1126,3.1307,3.0256,3.7596,3.9744,-0.86418,-0.71015,4.4811,2
-1.1349,2.5908,0.12224,-1.1221,-0.57861,1.7383,-2.3141,-1.1055,1
0.2854,4.5455,2.4901,1.0031,-1.7,3.4487,-2.3394,3.3564,1
4.0145,-1.0216,2.3048,0.027128,2.2532,0.76568,-4.2337,-0.13318,3
2.6876,-0.63149,-0.60684,0.9153,2.5173,0.49743,-0.69674,5.0471,1
3.427,3.4296,4.66,4.7821,6.4221,5.7577,-0.32747,-3.1482,2
0.3801,-0.11558,-0.048212,2.0276,4.2545,1.0034,-4.501,1.7473,3
-0.034909,0.044686,-0.63682,6.4426,0.16244,2.2139,-2.7356,-1.0686,1
-4.759,3.1886,4.1983,4.4101,3.5686,7.1144,1.3837,5.4446,2
1.955,1.3866,2.0214,5.3984,1.0004,2.2217,-3.4651,4.6937,2
1.382,-1.4298,1.7109,3.1607,7.279,7.9336,-0.04072,4.4501,2
3.7901,0.70839,4.7104,6.5957,5.829,8.9611,4.7659,5.4408,2
3.176,3.7046,4.0444,5.6458,4.0598,6.3973,1.0666,7.3874,2
-0.82752,1.0781,1.1384,1.3635,5.1105,-3.2633,7.9384,2.8166,3
1.9387,0.63369,3.3533,-3.2348,4.7055,6.3393,2.0941,5.7926,2
-1.723,-1.7031,0.60806,4.0842,4.2062,2.7678,-3.8071,-1.6673,3
1.0826,4.9347,-0.62068,-0.11345,-1.2462,-4.2574,5.739,7.9759,1
0.63025,3.3511,7.9819,3.6778,7.235,9.5826,3.802,5.3395,2
0.085604,-1.0537,2.6994,0.68444,-1.5076,1.907,3.1987,-1.9125,3
1.8448,-0.45734,4.6903,4.7735,6.1591,-0.05662,1.437,7.5457,2
3.1281,1.4481,4.667,2.5552,7.3478,-0.43335,0.97917,4.4434,2
0.9057,-2.3829,5.1808,-1.7755,6.0803,5.9375,2.8557,6.4205,2
-3.003,-1.9122,-0.026752,1.2797,2.1566,4.9283,5.2444,-0.5625,3
-2.2955,0.21316,-0.38121,0.09543,-0.24773,-1.0111,-0.43275,2.5563,3
3.364,-2.5443,-0.45543,-0.74423,0.4632,-0.161,4.0613,5.1138,1
3.7225,2.8646,7.7116,-5.2033,2.2327,7.6143,-4.7791,6.8656,2
0.12326,0.70108,2.3609,1.2345,0.97756,-2.2107,-1.8418,1.5965,1
4.1601,-2.7911,3.1992,0.051288,-0.72537,0.50931,-0.94332,1.8714,3
2.7942,2.1861,6.8808,5.0341,4.9079,7.6121,4.2884,5.8991,2
1.5409,6.4576,2.5826,2.8314,2.302,-2.7879,5.3016,0.35157,3
0.043006,-1.9313,1.902,2.5665,1.1159,-1.7027,-2.4514,-0.11472,3
-1.249,-0.68229,-0.16273,-0.80306,6.967,-2.9306,1.3481,-1.2412,3
1.0678,6.0238,-1.3961,-1.4209,-1.5834,-4.0461,1.6066,-0.81961,1
2.7632,0.90454,-0.43266,-1.259,0.69681,1.7223,-2.0169,2.352,1
4.3086,4.0955,-0.63902,-1.3586,2.0124,2.1809,0.94727,0.34346,3
3.7286,-2.2435,6.3611,4.6093,7.4887,7.2834,1.7055,6.9864,2
1.9088,3.3609,-0.58248,0.81949,3.603,-4.1128,6.9209,1.8271,3
-0.021438,-3.3063,4.3584,4.3882,7.6778,5.6052,0.42536,4.6675,2
-2.2069,-1.566,1.7589,1.6962,1.5673,-2.6509,-2.0747,-1.5056,1
-0.64366,1.9289,-0.18449,0.12896,2.5411,-1.5419,-2.2453,-1.745,1
-0.61887,0.35564,-1.426,0.23383,1.8269,-1.5723,-1.7452,-0.38007,1
1.0578,-0.6758,6.0788,3.1948,3.1523,0.9866,4.7907,3.1399,2
1.413,-1.4444,-0.72352,-5.2937,4.147,9.155,0.19245,6.2581,2
-0.40991,3.9797,0.2915,7.6465,1.4984,2.8065,0.076027,4.7227,1
-1.3076,1.0618,-0.32288,-1.4899,-0.011418,3.7712,3.9477,4.4633,3
0.85534,1.5835,7.4643,-0.068702,5.4243,-0.25887,4.8147,4.3052,2
-0.32483,0.80186,5.0031,-0.37729,-1.6231,-3.7085,0.13794,1.3767,1
0.83008,-1.5955,1.0116,-0.63909,-1.4824,-4.1782,0.54613,0.26936,1
2.8898,3.1306,6.4035,3.8348,5.9306,4.718,2.4153,5.8977,2
-1.066,-2.5297,2.343,2.8265,-0.074961,-2.375,0.92689,-0.66998,3
0.9294,0.46598,-1.4299,2.4879,-1.3832,-0.81264,1.56,2.2219,3
-0.90309,-1.9741,1.0686,-1.0648,-1.0297,3.2481,-2.3224,-1.3471,1
1.8717,-1.7603,5.3293,3.4843,4.838,5.9642,3.0713,7.1746,2
-0.81515,0.37073,-0.49908,2.1066,1.8278,-1.8574,1.7538,-1.4423,3
1.7857,0.33866,-1.76,1.6056,2.2769,-0.79989,-2.7393,0.93914,3
-0.19221,-1.8882,5.6093,3.5487,1.9,8.494,4.7148,4.555,2
-1.0564,-1.4921,2.2464,4.2548,-0.4138,-2.5813,9.445,1.4294,3
-2.0638,0.11308,2.7183,-1.4685,0.02529,-1.3441,-2.5256,-0.70975,3
-0.80337,3.301,1.5613,2.5728,-1.2716,-4.7236,-0.98555,2.379,1
1.5849,1.0361,4.214,-1.2484,2.0674,0.41332,-2.9691,-1.0433,1
2.6934,0.34715,1.2734,0.86145,-0.41335,-3.2518,0.58046,2.3518,1
0.000586,-1.1864,-0.59193,0.50424,0.56036,2.441,-3.5454,1.5164,1
1.292,3.0642,6.2264,0.72165,5.5093,8.7472,0.82801,7.5673,2
0.79894,-0.85892,3.1093,0.27799,2.1758,4.5658,0.48817,5.5157,1
3.4934,-0.3087,0.1302,3.3924,1.3686,-3.0136,6.1787,-0.8215,1
4.8019,-1.3859,1.7765,1.1209,4.4337,6.086,4.2517,3.1359,3
-2.767,-1.7012,2.0004,0.50995,-0.53812,5.1022,-4.7479,-0.45879,3
1.0992,0.01609,7.091,-5.5019,4.4983,5.4125,4.148,3.7122,2
-1.5018,-0.70162,-1.7244,1.1863,1.4602,2.5378,2.8509,-0.35,3
-2.3387,2.4553,0.42029,-0.55337,4.1657,-0.7835,4.6444,-1.1572,1
0.013116,-0.51725,-0.24641,0.73389,-0.6221,-1.7886,-4.5331,-1.8485,3
4.5636,4.0165,1.1667,0.34848,0.53391,-1.1555,7.3337,3.5775,1
-0.64104,-0.57181,3.2088,4.3267,2.4225,5.492,1.9169,6.8398,2
-1.4157,-2.6711,-1.1462,-1.154,-0.59116,0.033032,-2.2283,0.65116,3
-0.89706,-1.0106,1.1467,-0.20478,2.1093,-3.1334,2.253,-0.090211,3
3.4827,-1.9056,-0.96421,0.057771,3.3915,1.401,-1.4104,-1.2923,3
5.8869,-0.49336,0.73296,-0.20447,-0.74605,4.1031,-3.1687,-0.26942,1
0.92978,-1.2573,3.6771,3.8897,-0.75965,-3.886,-2.3623,-0.6919,1
1.9811,1.9251,4.3769,0.084276,4.8042,6.8858,4.0235,3.2543,2
0.54509,2.3673,-0.97014,-0.86685,-1.1646,2.8415,2.5817,-1.2311,1
-2.2979,-2.4719,0.90558,4.8821,0.75505,1.0981,-3.6891,-0.72233,3
-0.87314,-0.24571,-1.7648,-1.6412,1.0698,-1.3488,0.12912,-1.3378,1
1.2537,-1.0953,3.9768,-3.1126,5.9723,4.6615,1.4253,6.7518,2
0.052351,-0.15878,5.7435,2.9077,6.6794,6.5855,2.8076,7.3184,2
5.8593,0.39007,-1.4002,-1.4923,-0.52181,4.1758,-3.2314,1.7449,1
1.0669,-1.288,5.4018,0.42072,5.0738,0.46717,0.18426,4.7744,2
0.69192,-1.7602,1.4384,1.9351,-1.2331,4.5458,-2.3256,0.92466,3
-1.5042,1.1506,0.20514,-0.41826,0.18384,8.5926,1.6349,7.4448,3
3.4579,-1.0229,5.1571,4.7063,5.3715,2.912,1.182,6.851,2
3.2983,2.4419,5.303,-0.82667,7.2744,1.1842,-2.5212,4.3809,2
3.2892,3.4142,3.91,4.35,2.8576,2.3487,3.3271,6.9087,2
2.8983,1.8342,-0.53159,0.45772,-0.53572,2.8621,0.50114,0.67674,3
-2.5208,-0.094107,7.7058,-4.5301,5.2129,-0.96752,2.8936,0.82558,2
1.9603,-1.1653,-1.22,0.49097,-0.53342,-0.91176,4.111,2.1508,1
1.7984,3.6703,4.4409,2.2859,7.3489,7.9343,1.6521,5.06,2
-1.2954,-0.87623,1.9843,-0.85523,-0.48272,-2.7426,-2.9092,-1.0639,3
0.74867,0.35568,2.6283,0.44043,-1.3075,4.4355,2.8868,2.3235,3
0.98107,3.5954,4.9194,-4.3877,4.6354,3.3777,-1.7201,4.4698,2
0.19568,-1.183,-0.2251,0.17445,4.1709,-3.1294,0.11907,-0.032575,3
1.5101,0.29902,1.5845,0.87472,0.36701,-2.2012,-0.66801,2.5314,3
1.0309,1.9008,0.35101,3.5249,-0.26387,1.7112,9.2391,-0.6328,3
-1.1952,-0.60702,-1.0403,2.5193,-0.057307,-0.35176,-3.8089,0.44039,3
-0.71659,-2.6413,0.006319,-0.065679,-1.0694,0.70954,-2.5485,-1.4958,3
-2.6504,4.6695,5.2615,-0.26931,2.8055,-2.2873,-1.4567,1.5643,3
-1.5968,-1.5614,3.7115,1.9862,1.8104,3.2369,-2.2335,0.80966,3
2.7812,-1.4623,3.725,-0.076468,1.1895,1.0215,-1.9135,-0.81805,3
-1.3734,2.0414,3.1632,1.8658,-0.052453,-2.6745,2.1827,-1.9687,3
2.5371,3.663,-0.76392,6.8557,2.552,-0.46708,1.6608,1.9358,1
1.1252,2.1157,2.5092,0.38763,0.37838,-3.2325,4.1918,-1.4599,3
3.4865,3.8536,3.8332,-3.1149,4.4404,7.8214,0.66223,4.1775,2
-0.37285,-0.82572,-0.091089,-0.57835,0.56773,-4.3249,-1.1585,-0.51057,3
1.4786,-1.3522,-1.3771,-1.8191,0.060719,-0.25095,-0.98452,0.4058,3
0.8179,6.1054,-0.12389,-0.63116,1.1746,4.3894,2.8188,0.76191,3
-4.2397,-2.1254,5.1599,-0.85087,5.2655,1.0478,3.9514,6.7094,2
1.2904,3.5282,6.6933,6.4523,7.8872,7.3549,3.1554,5.3463,2
-1.341,-1.98,1.4503,1.7514,1.7168,2.3029,-1.2932,-1.942,3
-2.7916,-0.3018,2.175,1.9181,2.774,3.0089,7.5674,-0.95932,1
-0.23189,-1.622,1.0673,-0.78314,-0.23264,4.0437,0.68821,0.62763,1
2.5527,2.9436,3.1817,3.1675,5.5467,9.5805,-7.5266,6.247,2
2.5569,2.917,5.5776,5.5409,6.9997,7.9815,2.7597,3.9989,2
-2.4251,0.018843,2.0473,-0.96625,-1.6639,4.6897,-2.2556,-0.12553,1
0.87119,-0.4072,4.2241,5.4765,4.296,2.4999,-1.6167,6.0795,2
-2.1491,3.262,4.787,-3.1769,0.99118,8.885,3.3091,3.473,2
-1.7564,-1.1135,0.98562,1.6691,1.7563,1.2493,2.4647,1.5587,3
3.1868,3.7351,2.322,-3.0219,4.5151,6.409,-0.70422,1.2121,2
-1.5969,-0.71585,3.9092,2.5408,1.645,-2.6096,9.0619,1.0523,1
-0.7546,-0.3218,1.1453,6.5927,2.0074,9.4095,3.3119,0.34478,1
2.3636,-0.68375,2.5593,1.279,2.8069,-3.3005,-2.7647,1.9471,3
-1.7536,0.84309,5.5197,-4.3015,4.1715,10.548,4.5356,5.4096,2
1.363,1.5834,6.022,-4.1283,5.1487,4.0308,1.0814,6.205,2
-0.31009,-2.7175,3.8899,0.36829,-1.9872,-3.6531,-2.3576,0.63737,3
0.86124,2.6098,5.1215,-1.5386,7.6527,9.5673,-3.563,5.3275,2
7.1687,4.1631,2.816,0.98919,-0.2682,1.879,3.6623,0.39725,3
-1.3252,5.2417,1.8459,-0.93519,-0.34348,0.67758,-4.0473,0.98127,3
0.31288,-3.7067,6.7268,3.8291,2.4119,-2.0651,1.0916,7.079,2
-0.13497,-2.6519,-1.5342,0.21262,2.2224,-2.4597,6.1456,-0.57333,3
2.5202,2.059,-1.2073,3.9569,0.6692,0.73657,8.904,-0.49105,1
-0.94451,-1.871,1.1402,2.1149,1.801,-2.6215,-0.52913,0.58582,1
3.3056,-0.47737,0.016197,-0.95662,-0.39668,5.0617,1.2761,3.3083,1
0.94794,-0.97189,7.1541,3.4506,4.9087,3.1368,2.816,2.9188,2
1.9679,-2.0345,0.69764,5.8912,1.4522,-0.34535,2.0654,3.9891,1
1.7196,-1.6064,0.96146,1.5015,1.6451,8.4089,-0.304,7.0892,2
2.2124,2.359,1.3716,-0.10576,1.5598,0.18806,6.1804,0.83366,3
1.5862,-0.30323,4.1831,3.7607,5.5269,8.9854,5.325,7.1262,2
-2.257,0.085316,2.1447,1.4936,2.2834,-2.7708,0.50596,-0.79521,3
-0.91994,0.44842,7.2476,-8.4472,3.066,-1.2526,-2.5213,1.1098,2
2.4608,-2.5889,5.3848,2.5027,4.8891,8.1564,-7.0534,2.9132,2
-0.86914,0.89548,0.59939,2.531,-1.137,-3.6604,1.8652,2.4533,3
-2.6592,3.9613,3.0745,4.4885,-1.8592,1.0668,-0.6212,-0.52945,1
-1.4833,-1.5248,1.1539,0.32417,1.7239,1.9416,7.3539,6.2893,1
0.26724,-1.166,0.31377,1.6055,-0.49039,-2.2443,1.3045,0.91042,3
-1.5387,-0.32323,0.31855,0.66525,2.4622,-4.3349,3.4317,2.9764,1
-0.67711,-1.3359,-1.4359,5.4289,1.8451,-3.038,-0.204,2.5906,1
2.044,0.25964,-0.63104,2.6598,1.5957,6.1546,-2.8901,-1.0575,1
-2.2984,-1.0032,1.436,-0.24199,3.1122,-3.9662,2.1017,-0.43145,3
-1.7815,-1.9208,-1.5876,-0.56419,2.0228,0.12057,4.1672,1.8489,3
-0.16819,0.55242,3.6916,4.8893,4.4942,10.33,4.7752,4.9121,2
-0.34113,-1.3529,2.4969,3.2416,6.7326,4.5153,4.5694,5.5755,2
2.4068,1.837,0.60617,2.4389,4.5615,4.4278,1.0304,0.86593,2
-0.64684,-2.2885,-0.58917,1.0767,-1.4019,7.1789,-0.13437,4.3154,3
1.4433,-1.5192,1.201,1.4098,1.9402,1.8286,-1.3285,-1.3898,1
7.4224,5.1234,4.9031,-0.80852,-1.904,0.005244,8.91,1.2287,3
-1.2557,-0.14356,0.083088,0.039725,0.58151,4.0222,-4.0767,5.1952,1
-0.59707,-1.2676,3.1725,2.7766,1.0618,-2.8306,0.003682,-1.7796,1
-4.1825,2.9306,4.5869,5.9658,3.5018,6.716,2.1359,2.9142,2
3.5023,-0.64423,4.0945,-0.92241,-1.0051,1.0531,1.4869,0.063418,1
-1.3829,-1.0977,0.87213,-0.52766,1.9072,8.0106,-1.8665,4.7135,1
0.104,-0.65338,4.4586,2.1613,2.6574,2.1594,-2.9944,-1.1659,3
-0.72886,-1.1385,-1.3455,-1.9033,3.822,-2.3183,-1.8562,0.68098,3
0.12925,-0.014942,0.22716,1.9889,-1.56,-1.3962,-4.3656,-0.024593,1
0.027306,-1.0783,1.4628,-0.30986,-0.55608,-0.19935,0.79297,5.4535,1
-5.0101,0.24011,0.51034,1.0272,5.5879,6.9577,2.7919,4.8501,2
-0.59663,-0.014905,2.8689,-1.3437,2.1182,-2.1816,11.054,0.23655,1
0.5278,2.528,3.5863,3.4299,7.302,2.4219,4.511,6.196,2
-1.2646,6.4575,1.6691,-1.0214,3.1575,1.7763,-0.64537,0.092226,3
3.642,-2.4077,0.98954,4.1802,1.4229,4.328,4.4332,2.8117,3
1.1292,2.366,1.987,0.83513,2.8556,7.1196,-2.4443,6.2283,2
0.65885,2.9063,5.3996,4.9096,3.8893,10.351,0.94385,7.3376,2
-0.67683,-0.073913,-0.71089,1.5845,0.64902,-0.64168,-3.9738,3.1398,1
3.4387,-6.8787,6.9473,-1.7759,7.2065,5.7782,-7.9239,3.7104,2
0.92913,-2.4693,-0.92779,1.2897,1.9893,-3.1676,-1.2878,-1.2553,1
-1.8763,-0.46868,0.63752,1.5829,-1.513,6.0243,8.205,0.23875,3
-2.6015,-0.91523,2.8983,-0.55057,4.5906,-2.5353,-2.7357,-1.2236,1
0.34892,3.8719,4.0642,-0.071463,5.6643,10.344,0.7153,6.5181,2
-2.6821,-2.918,0.95483,-1.4285,1.2436,-0.59314,2.4885,2.071,1
0.82963,-0.32592,-0.10319,0.40681,1.374,4.8672,-0.45679,-0.93034,3
1.4031,-1.7767,-0.23966,1.491,-1.7803,0.009049,4.696,0.93686,1
-1.492,-2.0543,0.23351,-0.045221,1.9061,14.492,2.384,-0.49044,3
-0.82289,0.76214,5.4511,1.9802,0.85402,4.6715,-0.82021,-0.42558,3
-2.4326,-1.553,-1.208,-0.039804,-0.39092,-2.0762,1.0968,0.72861,3
0.90036,-1.5057,-0.057059,3.3773,2.7397,-4.046,9.2851,-0.081885,1
-0.6903,-2.2169,-0.94226,3.9716,1.0577,6.5492,0.21572,0.66239,3
1.5561,0.2533,1.7147,-0.15437,5.6047,-5.5743,1.8635,5.8413,2
-0.085441,1.147,3.9665,6.4818,7.9933,7.4084,3.6789,7.6851,2
1.729,0.43247,3.9013,2.0744,4.1438,8.0278,-1.4124,5.5323,2
0.077385,3.6548,2.2279,0.51067,2.777,-0.99968,-2.531,-1.8993,1
3.7526,-1.8533,5.2058,-0.42412,5.354,-3.4959,-0.81352,4.1503,3
3.2212,0.018492,3.6766,-0.8349,7.381,-5.0483,4.8631,7.4375,2
-0.15895,3.2677,1.149,0.42789,7.3905,-1.6639,-2.6408,-0.90607,1
-0.59307,-2.3336,2.5249,-0.73018,-0.10611,-4.6841,-1.0337,0.79259,3
-2.4987,-0.043616,1.7004,3.5013,0.24923,3.5833,1.2148,-1.444,1
-2.0206,3.9418,-0.29659,-0.18558,-1.7051,12.006,2.0709,-1.1975,3
-1.7932,2.4835,-0.9916,0.49522,-1.8208,2.866,-3.0899,0.76955,1
0.23233,-2.1263,2.5916,-0.95668,6.1583,-3.0901,9.7752,-1.6001,3
-1.0302,5.2037,1.882,-0.18288,0.45805,3.421,2.7521,1.1168,3
2.2749,-0.36409,6.2239,3.8246,4.2801,-0.6573,3.0029,7.8149,2
-1.0004,0.88555,-1.289,2.0497,0.66561,1.3723,8.2486,-1.3439,1
-2.3492,-0.47016,5.5748,2.7233,1.9372,-1.4207,-10.835,4.8048,2
-0.96189,2.014,1.6394,0.44585,2.1254,0.98396,5.803,6.4143,1
-2.4889,3.138,0.37673,-0.12973,0.067709,-3.1364,-1.4933,-0.83909,1
-2.0449,-2.8172,3.0476,-1.5149,0.055244,2.37,7.7837,1.2476,3
2.5138,-2.3778,0.46872,-0.76189,-1.8929,-0.98735,16.707,3.6216,1
2.6952,0.58284,3.7145,-1.6193,0.10309,7.9979,3.196,-0.018313,3
5.5354,-2.1723,5.1774,-0.088824,2.3216,0.72424,2.8917,1.5925,1
-0.62399,-0.12601,0.89412,0.97191,-0.47828,1.0278,14.801,0.66268,1
0.92207,-1.0174,-1.4051,1.1684,-1.0246,5.2547,-1.0896,1.0118,3
0.81902,-0.64765,5.9131,4.5562,2.0675,0.089703,3.517,5.4666,2
-0.94722,4.9437,-0.014171,2.0912,-0.4326,-3.4687,-1.4297,4.2728,1
-0.74824,2.9448,6.423,5.8374,3.7609,10.963,4.3128,5.471,2
1.5371,3.3178,0.34764,1.4701,1.1778,-3.5913,1.5936,-1.6102,3
0.99113,-1.7056,6.1217,-0.061485,3.4945,2.306,-0.68758,3.7325,1
0.007728,-2.7561,2.5026,1.2219,-0.43421,-0.41833,-3.247,0.048411,3
2.3485,0.20185,1.7878,-0.12322,6.2198,5.9246,3.3781,5.5828,2
-0.010116,-1.8968,4.6731,-0.78179,2.2344,7.7347,0.60266,7.058,2
-0.55456,-0.015476,0.28835,1.3701,3.8806,-1.7638,4.5119,3.2427,1
-3.6801,-5.7172,4.1134,-0.37895,4.6631,-0.95874,2.8374,6.254,2
-0.45094,-0.2853,5.9482,2.3525,5.9512,4.8601,-3.9029,4.774,2
1.8605,0.35636,-0.9351,-0.078421,0.59337,-1.2227,-2.5347,1.2442,3
1.7273,-1.8187,6.7458,-1.0814,6.1477,9.5454,-6.0136,5.8458,2
2.2043,2.549,7.6421,-1.8273,7.0649,4.7666,-3.4126,5.2104,2
-0.24045,0.70534,7.5456,2.2058,3.1602,8.3967,0.17061,6.7814,2
3.9881,1.1898,-0.95214,-0.7773,-1.1287,1.317,-0.38144,4.1182,3
1.6935,3.5756,4.6361,-4.3557,4.0761,9.1044,-0.96496,3.4028,2
2.2892,-1.0146,1.6586,2.2179,0.58896,6.761,-2.2475,4.8383,3
2.9484,1.1189,-0.78878,-1.9659,4.0688,5.6832,2.814,2.9871,2
0.74185,-0.54888,-1.2181,-1.7484,0.41617,-3.0999,3.5944,1.6372,3
-1.1911,0.55705,3.5988,1.1874,0.59963,1.6301,16.075,3.5301,3
-1.7831,0.98091,1.6046,3.4419,-1.6373,2.0027,1.5502,-0.7508,1
0.91763,-0.52106,0.39751,1.6283,-0.68713,-3.0915,0.2176,2.2956,1
1.2713,-0.20914,-1.444,0.93237,-1.1929,9.1491,-2.2427,-0.84928,1
-2.188,-2.3086,1.204,-0.52163,1.9795,-4.5631,-3.5645,-0.04047,1
1.1323,1.1029,4.1594,1.0355,4.7784,8.0745,1.3192,5.6618,2
-2.114,2.4621,5.2654,0.57278,1.7816,0.61245,6.5303,0.38295,1
-0.1149,-1.6039,2.0246,-0.30149,-1.4768,-3.4564,-1.4114,8.0406,1
-1.037,-2.0295,4.4708,1.0739,-0.83653,-2.44,0.49902,0.65678,1
-6.0726,-1.5742,1.6867,3.4679,3.9976,8.3119,-3.6378,5.236,2
-1.3873,0.49314,-0.84828,1.3704,1.0059,1.825,0.39513,3.7725,3
-0.8623,3.3895,3.2607,5.0228,5.9123,2.7227,-2.1855,3.4556,2
5.5376,-1.2525,2.8839,-1.7075,2.2516,-2.4838,-4.0674,-1.2509,3
-1.3401,-0.84405,-0.62485,-0.72948,1.2828,1.5226,-2.752,-0.22086,3
-0.78375,-0.4559,5.7483,0.75237,-0.075043,0.026978,-3.5716,0.20123,1
-1.3297,8.1591,-1.0242,0.37257,-1.6543,-0.64347,-0.86245,-0.29831,3
1.2975,-1.4521,0.12628,-0.31313,-1.1404,0.32463,-2.9826,0.86335,1
0.22275,0.3016,1.2713,-1.7348,-0.43515,3.3745,7.0861,1.704,1
-0.91509,3.1827,3.728,3.4219,6.4377,10.305,1.0705,6.5103,2
-1.837,4.1101,-1.1649,0.027383,1.5952,0.38667,-4.9927,0.87868,1
0.00877,2.6507,6.044,-8.3972,4.9221,2.8459,-2.5444,1.8373,2
1.4923,0.41785,1.3571,3.5269,4.8525,3.0259,-0.045416,3.4292,2
0.60103,-2.1319,-1.1306,-1.4673,-0.33792,-3.6098,-4.5479,-0.86682,1
1.1381,-2.0584,8.5246,-0.20167,5.7797,-1.0414,0.22717,2.5982,3
-1.327,-0.12109,1.582,2.2707,3.0966,0.29789,-1.02,2.1842,3
-0.39225,0.60734,-0.28225,-0.54712,-1.5776,6.3025,-1.0404,1.5813,3
-2.428,0.61767,5.5725,1.4527,5.8083,-2.0775,2.6531,2.2129,2
-1.1227,1.13,2.3706,1.5613,-0.83907,4.6424,2.8127,-0.47178,3
-3.8951,3.7708,5.3666,4.333,5.9428,8.2005,3.7263,6.1085,2
-2.0739,-2.1402,2.2461,0.51505,-1.2936,4.6895,0.39145,0.38889,3
0.47548,1.888,-1.1013,-1.0356,-0.59358,2.1987,-3.4745,-1.9991,1
4.6109,10.208,0.97013,0.73701,-0.19678,0.30752,1.3364,-0.92798,3
-2.1752,1.4179,4.6171,2.9701,-0.53082,0.96076,1.2952,-1.0869,3
1.8686,0.19021,1.1092,0.96269,1.3922,1.7724,1.1969,1.7395,3
2.9651,3.4677,1.2314,-1.2383,-1.5363,1.0574,7.2672,1.922,1
2.5917,0.75558,6.3159,-5.0449,6.0318,7.2097,3.9986,5.1199,2
6.2762,-0.010935,1.367,-1.0135,1.0544,4.6515,2.7008,0.66051,3
3.9592,-0.96893,-0.47061,-0.46431,2.5929,10.959,3.9369,-0.36921,1
-1.5126,-1.8736,3.8625,-0.44866,2.2538,0.60865,-1.8126,2.5947,3
2.4912,0.72982,2.2681,-1.5632,-1.2948,3.178,-1.0449,-0.13258,3
4.7301,2.824,-0.88734,-0.50452,1.256,-1.4526,-1.6598,-1.3297,1
2.4851,0.78427,2.9334,-7.494,6.5776,-4.4118,3.5858,4.1979,2
-1.6723,-2.1988,0.52714,6.448,0.26815,-2.1288,1.5497,-1.0096,1
-2.1322,-1.3133,1.1441,1.0331,-0.2133,-0.82871,2.138,-0.68661,3
-1.0506,-1.3179,1.0636,3.7161,1.0557,-3.6293,-0.30921,-1.7689,1
0.59186,0.58625,4.0669,1.0971,4.7252,-0.49934,3.1441,-0.20612,3
1.893,-0.53372,6.7376,2.508,3.1762,6.4045,-0.40568,5.2678,2
0.8179,6.1054,-0.12389,-0.63116,1.1746,4.3894,2.8188,0.76191,1
1.92,0.55157,5.3698,6.0133,6.5673,8.0992,1.956,3.0399,2
-1.4623,-1.8582,3.6184,-3.4013,7.9481,9.0996,0.27299,5.9977,2
-0.96511,-0.081424,-0.10204,-1.7257,0.55626,1.2236,6.1644,-0.18467,1
0.49116,-2.667,-1.6115,1.3112,2.1577,-1.818,-0.57336,-1.5228,1
-2.0014,3.1679,1.2471,5.6835,2.5582,-3.3056,-3.322,0.42154,1
0.65043,1.0803,6.2022,1.1099,6.8875,9.1494,0.52894,4.3952,2
5.8593,0.39007,-1.4002,-1.4923,-0.52181,4.1758,-3.2314,1.7449,3
3.3585,2.0231,0.14542,1.4292,6.7369,5.3244,3.5663,1.1812,2
-0.68247,1.0155,6.7542,-0.1106,6.253,9.2765,2.8981,6.33,2
-0.70652,1.7029,-1.305,4.0761,-0.44733,11.72,-2.833,0.42226,1
3.0359,-1.6994,5.5646,4.9049,2.4668,8.7311,0.28639,0.64687,2
-0.013497,-2.5185,2.1761,2.1032,6.5094,5.8666,0.6673,7.4372,2
5.5755,-0.48675,2.3017,3.5063,2.1467,2.6326,5.4343,-0.65948,1
-2.3985,-1.6713,4.2208,2.6284,-1.5144,-1.2085,-4.8214,0.43164,3
2.1357,0.95037,5.8112,5.0268,4.477,0.53279,-0.76965,3.5436,2
2.3572,0.39044,2.546,2.9374,2.4982,-3.6003,0.29173,-0.56903,1
-1.912,2.9319,-1.8686,0.079852,-1.1669,-0.68284,-3.3982,-0.97102,1
3.3262,0.19898,7.1458,-3.1145,6.9484,4.5589,0.30361,4.9423,2
-1.0302,5.2037,1.882,-0.18288,0.45805,3.421,2.7521,1.1168,1
-0.63461,0.74288,4.944,5.2673,3.1528,2.2657,-1.8979,6.2172,2
0.17536,0.65881,0.5111,2.4244,0.37606,4.6931,1.4877,-0.82217,3
2.4404,1.4368,5.3512,-1.3407,5.6743,9.5362,1.6877,7.4958,2
-1.5156,-0.21765,0.77445,1.4004,1.0101,3.8325,3.5542,-0.44368,1
0.64943,6.4004,0.065368,1.252,-0.42427,3.7693,0.68531,2.0765,3
-1.1557,3.2047,2.0883,0.4584,-1.1394,5.5984,-2.6756,-0.95527,1
-1.278,-1.7021,0.059378,-0.94396,1.9066,-1.1198,-3.8369,0.7597,1
-0.81703,0.91038,0.080437,-0.93488,3.1082,5.4129,-1.583,-0.18121,3
-0.40007,-2.4076,1.9326,-0.029685,-1.9788,-2.4648,-1.3746,-1.4489,3
3.363,2.6647,4.4824,5.4648,5.7105,2.7508,0.26228,7.1246,2
0.37357,-2.6226,3.4616,0.95953,0.44902,-0.3317,1.1712,-0.24593,1
-1.4744,1.6453,-0.56957,2.2615,1.4433,-2.0688,3.7883,7.2167,3
-0.073609,-1.6135,0.007502,0.26485,-1.5226,1.9612,-1.2372,0.47231,3
3.8615,0.31828,7.5554,4.447,3.7689,7.1597,4.6317,-0.5259,2
1.7304,1.6502,7.6246,5.6112,4.3688,9.0706,-2.3886,5.259,2
2.8801,-0.4044,1.4472,1.6367,0.11749,4.8493,-2.9607,0.1359,1
-1.4785,-0.39774,4.9197,3.4562,1.0557,5.3305,-1.8485,3.0637,1
1.7832,0.93661,5.1533,6.0089,3.9337,3.7202,5.2233,0.42174,2
-0.7339,-1.0542,0.22487,0.30998,0.18066,-1.1255,-1.6721,2.617,3
-0.14286,2.7369,6.5423,3.0226,5.8808,5.9045,2.5748,3.7456,2
1.7771,0.59718,-0.9589,0.83519,-0.69044,7.3508,3.5021,0.85848,1
-2.0014,3.1679,1.2471,5.6835,2.5582,-3.3056,-3.322,0.42154,3
1.6017,-1.5937,0.7203,-0.39854,3.0788,-2.1399,1.3879,2.0533,1
-0.23135,-0.33606,0.40269,1.1971,0.56869,4.1541,0.72973,2.099,3
0.88906,-0.3035,-0.36772,0.51202,-1.6547,-4.3209,-2.6481,3.0473,1
0.37125,0.27885,2.1831,0.7595,3.4425,8.342,4.8984,-0.41701,3
0.25047,-1.03,0.36764,-0.24579,1.7893,-2.6191,-0.52455,1.0371,3
-3.508,-0.44182,5.4199,-1.2368,6.2276,9.5211,4.2508,5.5606,2
0.18806,-0.15573,-0.62447,3.9322,-0.75587,10.39,7.6478,3.2643,1
-1.0249,-2.2994,-1.1331,0.23756,0.11921,-0.56462,-1.8348,0.57333,3
-1.1948,-0.021405,3.0162,-0.40299,-0.13051,-1.6402,14.305,5.7075,3
4.2409,0.22495,-0.96929,3.7449,1.295,2.4974,6.1535,-0.071157,1
1.1386,1.9001,5.7409,5.7883,4.0685,6.0049,-2.5764,2.4587,2
-2.576,-1.6145,-0.36311,2.3898,9.6674,6.7443,4.414,4.507,1
-1.7592,6.3691,1.1605,2.4691,2.1879,2.0922,-0.083233,2.1835,1
3.7497,3.5132,1.9308,4.4873,-0.43638,0.62195,4.1221,6.3041,2
3.515,-0.31583,4.6523,-1.8244,5.2133,10.063,-0.94947,5.4989,2
-1.2031,0.50993,5.2011,1.3868,1.9525,0.36641,3.944,0.7487,1
4.6976,-1.6659,1.5931,0.60194,-1.0026,-1.6867,2.8316,-0.19006,3
-1.0643,2.2028,-0.099218,0.10154,-0.51835,1.2686,-3.7254,0.095727,3
2.3586,-1.7248,-0.12455,2.4861,-1.2796,11.229,-2.4274,1.0473,3
-0.50111,-0.56098,6.384,-5.2813,3.0531,10.297,-1.2885,7.5254,2
1.3669,1.9884,1.4978,0.33218,-0.12236,0.86967,0.9188,-0.96239,3
-0.35991,4.1858,2.584,0.20023,-0.50208,-1.9658,1.7116,0.10924,3
-2.5359,-1.6337,1.5653,-0.94381,0.59277,-3.0939,-2.5991,-0.40423,3
-0.63928,-1.6378,5.642,-0.2378,2.9422,0.073843,-2.4177,-1.3869,3
0.83273,2.0088,7.0746,1.5227,7.6729,4.8801,0.36741,7.0592,2
-2.2716,0.44448,-0.36072,-0.94282,1.5535,-1.9721,-3.7387,-0.90742,3
-0.42347,3.5706,6.516,-1.1282,5.3255,4.8105,3.7654,7.4205,2
-2.4828,1.6399,2.6222,-0.1648,2.6608,-2.2557,1.2056,0.53303,3
-3.7146,2.8611,0.8017,-6.5566,2.1225,0.76289,0.42725,3.9064,2
0.002886,0.036922,2.8394,3.4208,6.3344,6.8925,1.7349,4.0482,2
0.60114,2.9536,-0.90051,0.25503,6.0701,-1.1019,0.6384,0.79236,1
-2.0908,-0.47589,2.6208,-0.25619,0.40666,2.9173,7.5866,-1.8066,3
-0.90195,5.2499,2.7985,-1.4825,0.53678,6.2217,5.4904,0.17445,1
-1.6844,-1.7359,7.3698,4.563,6.7597,2.0167,1.1417,5.4806,2
-0.49581,-2.4261,1.7698,-0.68927,0.38349,6.2191,4.3517,-0.27206,1
1.3164,2.7631,2.2436,2.1667,4.5826,-0.64351,0.73499,-0.41552,1
2.8149,-0.42735,-1.8143,-0.64241,0.63673,2.8108,7.9862,0.76296,3
0.21804,0.61406,-0.94513,2.5834,0.62269,4.235,-0.50293,-0.79015,1
-2.0023,1.9711,0.1029,1.2566,1.5488,-0.33195,-0.81104,0.11003,3
0.37544,-1.325,-0.27238,-0.61445,0.7083,0.54686,1.1359,1.2588,1
-1.8205,-1.4665,-0.49128,-1.0358,-0.85057,-2.1889,-3.4237,3.4491,1
0.3907,-1.3946,0.3243,1.0056,1.9072,3.5067,0.20722,0.44579,1
0.3005,-2.7709,2.755,4.0716,-1.4869,-2.222,3.3011,0.17284,1
-1.1218,1.4664,5.4951,0.17296,-0.65587,-1.7104,3.3535,2.1202,3
1.8066,-3.2512,5.6746,3.7035,3.5356,2.0003,-0.64287,4.4336,2
1.6779,1.007,4.2792,0.097753,7.8487,-0.59093,-4.3252,5.024,2
2.8392,1.9829,3.5009,-8.3558,7.2072,10.553,1.8004,5.4409,2
-2.317,-1.3253,1.1905,-1.1819,1.675,0.94215,-1.4277,9.7766,3
0.043006,-1.9313,1.902,2.5665,1.1159,-1.7027,-2.4514,-0.11472,1
-1.5177,2.2519,5.3992,-12.911,5.8536,6.894,3.0498,0.74413,2
2.0232,-1.0378,0.76281,-0.91358,1.919,9.0288,8.6562,-0.34045,1
1.0195,-3.8033,6.0214,3.045,6.0406,1.0584,-2.1011,2.293,2
-1.9573,-0.21557,2.0973,1.0116,0.34107,1.6655,2.4914,0.62737,3
-5.4809,1.9771,4.3868,4.3384,3.967,9.8866,3.2034,3.9002,2
-1.1273,-1.1283,-0.20796,-1.3158,-1.2433,-0.10905,-3.9701,0.64901,1
2.0197,-1.178,3.9486,1.611,3.5252,-0.53959,2.4503,7.3772,2
-1.7253,-1.1802,4.7657,-1.5635,-0.6141,7.1364,-1.3486,-0.56467,3
1.6897,-2.8395,3.1627,-1.9827,1.9306,3.4431,1.0794,0.22576,1
-2.0074,6.024,3.5791,0.23729,0.24183,4.0586,-0.96466,-1.6501,3
1.9868,-0.005535,1.4149,1.0097,4.6775,3.2349,-1.9115,4.7186,1
-1.8103,-2.1022,-0.32726,1.0633,3.3922,0.11554,-1.9857,0.5643,3
-0.31171,-0.4697,-0.38811,0.4321,1.5308,2.0912,-2.1231,0.14503,3
2.0424,-2.3133,2.8676,3.1376,0.40289,-1.427,-2.9761,3.5523,1
-0.40143,0.12008,6.8314,-0.72276,7.0978,6.0582,3.2257,1.5405,2
-0.71751,-0.54809,-1.1618,1.516,-0.66683,3.7827,0.60947,-1.1524,3
0.22469,3.6459,-0.62195,5.2825,4.3439,-0.83028,0.066026,0.39647,1
-1.6097,0.59364,1.1402,1.8183,0.65897,9.4162,0.23985,-0.55536,3
2.8604,-1.9034,5.1578,2.6724,6.2823,8.3147,-5.7026,6.3651,2
-0.89621,2.9342,0.59895,2.2934,-0.95878,-2.5519,-1.0153,3.9076,1
2.7409,1.535,3.6959,-0.91365,4.8247,7.9422,-0.028612,5.9936,2
2.8348,-2.0515,7.9945,5.338,-2.3679,-2.8427,4.7701,7.5162,2
-0.14158,0.018957,2.7358,2.4035,6.8105,4.58,-0.49637,7.7678,2
2.7922,2.2874,-0.033225,3.0139,6.4599,6.5733,-5.5317,5.7686,2
0.086825,0.9925,-0.94181,-1.5254,1.2045,3.6589,-0.66016,4.6872,3
3.5325,-2.0042,-1.0438,-1.6553,-0.12556,-2.9963,7.433,0.11189,3
0.34409,-0.3954,5.2673,4.4151,7.5909,8.0429,4.3116,6.4599,2
1.3716,-1.1078,-1.1359,-0.82332,0.80618,1.9291,-2.6283,4.5104,1
0.11034,-1.9427,0.057993,2.8484,6.7271,4.108,1.2252,5.3776,2
-0.13848,0.17683,0.92774,-0.28016,0.42414,0.26994,-2.761,-1.4693,3
-1.7519,-0.3956,-0.61931,-1.6318,1.1616,6.2049,2.5651,0.62696,1
-0.36679,1.9953,7.1708,-1.1197,4.4463,8.9988,3.276,5.7657,2
0.40914,2.8342,1.1838,2.2501,2.534,0.37834,-3.3627,3.8894,1
2.8685,-1.1556,-0.87257,0.54219,3.1957,-2.9668,1.9405,-1.6662,1
-0.67271,-1.1566,-0.50423,3.3873,5.228,-1.5803,4.9494,-0.5131,1
-0.57344,1.5854,-1.3438,-0.27091,0.04627,-3.7419,13.93,4.4395,3
-0.3992,2.1239,0.030868,0.26432,-0.80265,5.061,0.39826,-0.41026,3
3.4204,1.1502,7.6649,2.4966,4.4943,10.043,4.538,5.7549,2
1.3482,0.73553,-0.23721,2.262,0.76249,-3.9376,-0.000448,0.94699,3
-4.5647,0.13452,6.904,0.17346,6.2519,6.0644,-3.6139,3.1146,2
-0.94662,3.3814,6.6109,-1.0134,2.7632,6.211,2.3035,-0.72824,1
-0.73643,-1.243,1.9835,6.024,0.02187,1.4882,6.6462,-0.90447,3
1.7982,-2.8251,-1.6041,-0.47741,-0.7942,0.75243,1.6425,0.76231,3
2.8952,0.63257,6.8596,-0.30559,7.7791,7.6356,2.8239,2.166,2
0.60326,-0.058762,0.91235,-3.6314,6.2234,0.12061,2.938,6.4366,2
2.8455,1.1003,6.4021,2.8268,6.6515,-4.9663,1.3012,5.2645,2
3.3984,1.6471,4.165,-3.6222,3.6999,4.4883,2.5073,5.5794,2
0.2545,-1.3126,-0.77221,-0.31767,-0.5068,1.605,-1.6349,0.62098,1
-1.968,-0.66439,0.80027,1.5454,-1.4938,-0.18186,1.9691,0.71459,3
-2.8215,3.5783,-0.76496,-0.77146,2.4807,-2.7601,-3.3501,-0.60175,1
-0.42252,0.99548,5.6979,5.9256,3.4559,1.4493,3.5216,5.7007,2
-2.1124,-2.6647,1.6527,0.61289,-0.045724,5.663,-4.4383,1.4143,3
-1.5067,-0.85863,5.6172,-5.2869,5.5804,5.1307,-2.4765,7.7389,2
-0.040838,-1.3682,2.0862,-0.36856,-0.36071,1.8541,-0.8305,3.5227,1
-3.7491,-3.4359,4.4857,-9.6268,1.4863,7.0247,1.2648,4.4198,2
2.7274,2.9195,6.0288,1.8974,5.7556,8.8749,3.683,6.263,2
-2.7147,-0.28656,0.50006,-0.94748,2.1593,4.2094,5.8108,0.25279,3
-1.8441,-2.4181,-1.4818,-1.4905,1.8211,-1.4545,1.6823,2.2778,3
0.13196,-0.82492,0.58893,-1.1465,1.2878,-2.2887,-1.716,3.6525,3
-1.4374,0.27818,0.96179,-1.6287,0.54892,-0.065676,1.2313,-0.21474,1
2.7286,0.61125,7.7524,-8.21,2.3502,-1.5914,3.6968,6.1816,2
-2.6219,3.9656,-0.028143,-0.79112,-0.2354,3.2648,-4.5333,2.8173,3
2.969,-1.7462,7.7259,1.4405,7.2061,9.3673,-2.1583,5.204,2
-2.349,-1.9135,-1.1793,4.3075,-1.3529,3.0697,-3.6666,2.4468,1
1.1709,0.92656,5.0611,-3.9637,4.7829,4.5413,-2.0291,7.15,2
-0.24231,0.21818,5.4219,1.6469,6.6237,7.2328,4.5883,4.0465,2
-2.1322,-1.3133,1.1441,1.0331,-0.2133,-0.82871,2.138,-0.68661,1
-1.2759,1.9014,0.98152,0.1237,3.6088,3.3728,2.7335,0.37687,2
-5.5564,1.4921,6.9754,6.8636,7.1668,9.1214,3.2348,6.3781,2
0.26671,2.7938,5.3737,3.2067,5.4769,7.0556,3.8517,7.1648,2
1.2548,1.6811,6.1684,4.1903,4.1645,5.6064,0.14758,7.4819,2
-0.6459,-0.56292,-0.74987,0.81,1.2221,-2.5799,-3.7761,-0.68544,1
0.082481,-1.359,0.95055,-0.69563,0.78811,-1.0298,14.054,0.95747,1
0.56453,-1.2585,0.87962,-1.3609,1.3262,3.4397,2.6244,5.2059,3
3.9463,2.2213,5.847,2.9461,7.0883,6.5564,-0.6685,2.98,2
2.7234,3.4017,4.1009,2.1876,6.2469,-1.2674,5.102,6.4001,2
3.0878,-3.8117,5.873,6.0637,5.6874,-0.10706,0.71801,4.0107,2
-2.2398,-2.0574,5.2594,-3.1459,5.6677,-1.6435,-0.14174,6.5567,2
2.9874,-1.2362,3.4945,4.4176,4.8683,8.9423,2.3857,6.306,2
2.9397,1.3817,6.1473,-2.3028,4.7007,8.2646,-2.9478,7.0686,2
-1.435,4.9913,-1.3866,1.758,-1.3957,6.0697,-3.4155,-1.1035,3
-0.67739,-2.1651,4.0737,2.0294,-0.93109,-1.2906,14.323,-0.52749,1
2.5636,1.1065,4.1289,-4.9703,5.1159,4.1122,5.2449,4.5757,2
0.45244,1.3968,7.3313,3.2627,3.8423,2.3666,4.9243,6.3651,2
3.6602,1.8973,3.4775,2.0909,1.7075,3.5378,3.9569,4.4277,2
-1.7953,-1.8821,2.064,2.2349,0.27934,0.87552,5.7204,1.3478,3
-2.6259,1.0839,6.3199,-0.091371,0.53628,4.2827,-0.37697,-0.72467,3
3.1207,-1.6549,7.0961,0.040525,6.6367,6.9199,-1.2146,5.6673,2
0.19688,2.8793,6.1607,0.64279,4.57,5.558,3.0788,7.1256,2
0.99096,-0.59097,0.4885,0.79482,-0.65156,-0.76226,0.33409,2.3592,3
4.3915,1.4117,1.9153,2.7176,-0.95939,2.9302,2.7854,-0.72322,3
-1.8292,0.13157,-1.1585,0.6523,-1.678,5.8301,-2.6533,2.8146,1
-0.26397,1.2186,2.7578,1.8621,0.31875,5.4719,3.9205,2.4316,1
-0.13999,2.1742,-1.1701,-0.97414,-1.8989,-3.7719,15.342,-0.58781,1
-2.8425,-0.75604,-0.92255,1.7,0.39802,-1.2102,-0.3433,4.0164,3
-1.7906,-2.8519,6.0051,5.7956,7.2853,1.1518,-2.4049,3.6344,2
1.2658,-2.0052,6.0563,4.4144,5.6017,-0.67513,-0.64991,6.0041,2
1.5874,1.9301,2.8925,4.3964,2.7167,-0.60404,0.1018,3.8466,2
-1.0433,-0.16708,1.3873,-1.2869,2.132,7.8193,-2.6888,0.95622,1
1.1396,-1.0299,5.0293,-8.3579,6.7488,3.5969,4.1731,7.3567,2
1.5528,-4.0489,4.306,1.501,5.7103,8.2196,-7.2089,5.4176,2
2.2799,1.8083,7.3731,4.5257,4.6401,7.8359,0.45034,7.9848,2
1.4649,3.0284,1.647,5.2987,5.35,-0.15865,1.7383,5.3312,2
2.6686,0.94005,-0.062072,-0.38988,-0.4349,-1.344,-2.1569,1.6991,3
-2.3895,-0.81433,-0.5393,1.3756,-1.7986,-2.1436,1.7078,-1.6309,3
-0.98885,4.8784,3.1003,1.5856,-0.65755,-0.887,-1.2084,-1.3625,1
4.9616,1.0819,0.61672,-0.46641,-1.2424,-1.9462,-3.5097,5.9459,3
-0.72165,-2.5969,-0.057056,-1.462,-0.19112,-1.2997,6.615,0.11737,3
-0.92807,-3.5624,5.7886,-4.5091,1.6494,7.2369,-3.4909,1.2528,2
-0.083045,-0.35795,7.6793,1.9327,6.2541,4.5405,2.1702,5.9966,2
-2.1054,0.6405,0.027671,-0.058778,-0.41977,3.3469,-2.1147,-0.15113,1
-1.2769,0.13991,1.0213,-0.45118,0.97244,4.2942,0.58474,1.1546,3
-2.4416,0.71446,0.89438,0.51443,0.99415,4.7902,7.0173,0.36223,1
2.0491,1.7433,4.0963,5.1372,3.6868,9.0292,-0.60529,3.5843,2
2.4472,-1.1103,5.6094,0.54961,6.8282,3.431,-8.1968,5.9347,2
-1.7525,-1.3117,1.2573,5.9983,0.40238,-2.84,3.4042,-1.4409,3
5.2622,1.7459,0.2131,-0.85584,-0.82338,2.6177,9.0064,2.7937,1
3.3658,-0.11484,7.1157,-1.9746,4.8094,3.1096,2.727,6.5317,2
2.7169,3.0724,2.9919,-11.114,5.3584,0.47474,-1.5474,6.3898,2
0.74436,-0.73011,1.4313,1.2991,7.8317,5.2791,-0.99352,7.0256,2
-0.78808,-0.30583,-0.26786,-1.3661,-0.87346,-2.0046,-2.1503,-0.45998,1
0.77483,1.329,6.4336,5.4273,5.6873,8.2393,4.9872,6.5713,2
-1.0802,1.7842,1.8165,0.9549,0.8523,10.919,1.8665,0.61429,3
-2.3814,-1.9689,1.4108,-1.092,0.9535,-0.015089,5.1531,1.3446,1
4.9167,0.55073,4.7981,1.9483,0.48529,8.7639,-2.5743,0.29958,3
2.4346,2.0606,6.7747,-4.348,7.0579,7.8483,3.0156,7.4274,2
-2.1921,1.1109,3.2336,1.4994,1.6005,9.2521,-4.0649,-0.025609,3
-0.48263,-0.16889,0.96638,0.086117,3.1842,-3.0826,-2.5768,2.467,1
0.19634,0.37863,-0.13847,-0.76744,-1.2661,2.1347,-1.6474,3.4654,3
-0.61355,-1.4914,-1.4878,-0.77026,-0.032585,-3.1258,0.46187,4.073,3
1.0966,1.9335,7.5599,4.3791,6.9073,7.268,0.44341,3.7577,2
2.4429,3.8479,5.8603,-6.772,4.8822,7.6693,2.8261,7.8213,2
2.1252,-1.4124,1.5372,-1.1791,-1.4539,-3.2138,0.28902,-0.54749,1
-0.47564,-2.013,6.113,-0.35657,4.9499,-7.0048,-1.6375,5.5432,2
1.7181,-0.6209,2.4532,1.8235,-0.75175,-3.2859,-2.4841,-0.83049,1
1.5328,2.2063,4.9343,3.3061,5.2062,7.2293,-6.1498,4.9671,2
4.6982,3.807,-1.3768,-1.8765,1.9515,4.0349,-0.019958,0.43359,1
2.7445,1.6403,2.6477,-1.6753,2.4684,-3.4252,-3.191,6.5691,2
2.9075,-2.3452,2.8986,-3.1719,6.2649,6.008,2.8462,2.316,2
-0.23648,-1.1109,0.7119,0.99914,3.0339,-4.7275,-0.71803,1.1644,1
-2.6935,0.47085,-2.4967,4.2682,5.7084,-2.6199,0.067431,5.8617,2
2.7557,-0.5007,-0.74597,4.8836,0.00537,-4.8002,2.2701,1.3465,3
-0.24018,-1.2587,0.72499,-1.6785,6.2329,-0.40716,4.6105,0.50125,3
-1.8469,-1.9074,-1.6298,-1.7634,2.0029,1.3987,9.8036,-1.7827,1
0.17775,-1.647,-1.2879,-1.5659,-1.2188,5.5962,2.7383,-0.87225,3
0.7195,0.22962,-1.0538,-1.5542,1.6756,4.0561,0.22478,-0.42609,3
-2.2007,-1.282,1.6181,0.37036,2.118,-2.7361,0.13398,4.3257,1
0.14641,1.6711,3.049,-0.65506,3.7692,4.3156,-4.7893,0.82066,1
1.466,-2.6166,-1.4774,-0.046393,0.8523,4.9237,-2.0962,1.6008,1
3.2066,1.8496,5.9039,4.5409,-0.068531,10.266,3.0352,5.518,2
-0.80386,2.257,7.4823,-4.6886,5.1073,9.8403,-1.5719,3.3858,2
-2.1016,-2.4496,0.92978,0.24405,-0.51091,3.3466,7.3515,1.3508,1
-2.0858,-1.3427,0.35119,2.9627,-0.43405,2.4063,0.66758,4.8894,3
-1.4937,1.7802,1.3979,-1.1716,-1.0226,-2.2339,0.2275,3.6239,3
-1.2686,-1.4457,3.306,3.0551,0.83977,-2.3631,4.4444,-0.072857,1
1.78,-1.5948,-0.55686,1.5367,-0.61836,-0.2065,-2.0184,0.22902,3
1.2951,1.5319,4.7563,2.3115,4.1836,7.2628,-0.81523,4.2287,2
2.2786,-1.8037,-1.2101,0.30538,2.0817,-3.1316,0.2031,2.469,3
1.5521,2.1093,1.9128,4.6001,5.6556,-2.7653,2.4965,7.0727,2
2.8953,1.1822,1.4474,-4.3896,4.1193,5.5549,-6.1535,2.7259,2
3.284,-0.69556,7.3617,-0.038092,2.5189,8.645,2.0617,4.9827,2
-3.0404,-0.3692,4.9182,0.13971,5.1532,4.5482,4.157,5.032,2
-1.7698,0.14471,-1.15,0.64924,-0.63496,-1.0641,-0.80627,6.4358,3
3.0417,-0.37616,-0.70262,2.9303,0.33202,1.2615,-1.0625,1.8133,1
-2.4424,-0.71132,1.7707,1.6369,3.8549,0.27515,1.7898,1.0638,1
0.054071,0.77778,3.4407,0.43434,-1.0365,4.6698,1.0832,3.5092,3
2.6317,2.937,4.1773,-2.8818,5.4396,8.3903,0.10126,0.54623,2
0.70861,1.4531,5.8539,4.3946,0.74611,8.3533,0.5707,5.3986,2
-2.2313,0.79846,-1.2909,-0.79455,3.1164,-1.8552,-0.50109,-0.2086,1
2.9687,-2.2521,6.4466,2.0066,4.216,-1.8139,-4.762,6.956,2
-1.0148,-0.39379,1.9057,0.78981,-1.6359,-4.3571,2.6815,2.7045,3
0.41285,0.63345,0.076604,-1.0943,-1.3929,1.2036,-0.71852,3.0591,3
-1.067,1.3521,1.5198,3.8739,0.44486,4.015,8.9916,0.43173,1
0.7221,3.4925,7.1484,1.3662,5.5408,7.3417,0.77928,7.4734,2
0.71149,1.534,6.0948,3.9893,6.5219,9.769,2.2863,7.347,2
0.077871,3.3596,1.3377,0.35728,-1.2248,2.0001,-1.8259,1.4888,1
1.4722,1.6708,0.15905,-0.035486,-0.18396,-1.3311,-1.853,5.2086,1
3.2688,0.27006,-0.1762,0.15437,2.6383,6.9948,0.13911,-0.62665,3
2.0426,-0.57676,5.1805,-4.4238,6.6229,3.3882,2.4768,5.3597,2
1.3953,-1.2975,-0.83162,-0.70947,0.66083,-1.59,-1.2842,0.33869,3
2.4499,0.56455,7.6093,3.8312,4.1001,2.7048,0.58749,0.78486,2
3.2762,4.5408,4.08,3.2454,-1.0147,2.5961,5.8669,-0.94983,3
3.3975,-1.5469,5.6206,-12.148,6.1956,9.6022,4.8247,4.6391,2
3.7669,0.42529,0.031932,1.7167,1.5994,4.8287,5.0002,-0.57805,3
1.9105,-1.6996,4.5847,-3.9058,5.5269,9.5408,1.7781,6.1446,2
1.6669,-1.7695,1.0944,-0.054119,-0.91626,-4.4602,1.1882,1.8395,1
-1.9127,1.883,-0.83497,3.5311,5.5143,2.3317,0.82517,5.0673,2
-1.269,0.63749,5.6957,4.5628,1.9262,-1.5463,1.8095,6.4135,2
2.6125,-0.83157,2.2273,4.08,2.4489,2.0826,1.9666,5.5146,2
-0.96429,-1.1023,4.3712,1.1202,2.9412,7.4125,1.0856,6.2904,2
-0.3383,-2.3976,3.6593,1.7731,-0.34259,0.39411,-2.753,4.0282,1
2.7384,-1.1979,0.14298,2.1937,-1.1151,3.3863,0.60782,-1.2516,3
2.5212,-0.47938,3.8208,-0.2843,-0.75501,4.6948,7.6599,0.070908,3
2.0969,-1.7415,5.6562,0.84743,0.32189,2.8141,-1.8717,6.9141,2
0.44922,-1.3402,0.48799,-0.8633,0.008292,7.3853,-3.681,-1.2702,1
1.3572,2.4283,5.0438,5.0518,6.3244,4.4424,4.1717,5.9307,2
3.1698,0.20957,7.1415,3.3674,7.1225,5.3287,-1.4777,5.9389,2
1.9817,2.5506,2.1004,4.6343,-1.2864,-0.19088,0.45757,-0.5896,1
0.95441,2.1474,7.1876,4.9529,3.047,-5.3006,1.2017,6.3976,2
2.3187,0.82069,5.9434,3.0778,-1.3629,2.8409,-1.0148,0.055672,3
-1.3318,-1.8795,3.3673,-1.3468,0.30204,-1.8821,1.7503,1.512,1
3.6815,-1.0315,5.3481,6.3396,0.41873,12.125,-2.8,0.75062,3
0.15753,-1.2608,2.8521,3.5132,2.5386,-2.0301,-2.0321,2.5976,3
-1.6405,-1.466,0.45328,2.9219,2.9912,5.3401,0.92089,-0.77687,3
-0.26083,-1.6577,0.31239,1.7618,0.16585,-3.9868,-4.8692,-0.48241,3
3.4243,3.3451,0.61578,0.4045,-0.65465,1.648,-1.811,3.5679,1
-0.56502,0.27846,0.26936,1.2896,-0.6063,-2.8487,-1.8216,3.4352,3
0.069324,-1.3026,-0.22631,1.8645,0.3636,-1.1147,0.20503,5.1387,1
-0.10719,3.9552,2.7652,-1.2336,0.11518,2.1052,1.9061,1.7124,1
-1.5564,0.15964,3.4482,0.25457,1.5491,-0.18608,0.15304,4.5838,3
3.2073,0.63158,7.2357,5.2832,4.949,8.2059,0.53185,2.8254,2
-0.67193,-2.6924,0.15376,9.0185,0.1089,-1.9211,1.0797,1.8995,1
2.8912,-1.8127,6.3885,3.4536,4.3157,9.8227,0.27252,5.553,2
-1.9199,0.55822,7.1507,0.024486,4.7923,9.0434,0.028873,5.8122,2
1.3143,-2.532,3.6404,0.90079,-1.2663,1.0737,10.952,0.21792,1
1.4073,-1.3395,4.3934,5.8814,4.8479,7.9141,-3.517,6.4395,2
-1.4232,0.12408,2.4744,3.4131,0.42026,7.8464,1.7825,1.1177,1
-2.1707,-1.1887,0.35786,0.8415,1.182,-4.2838,0.65466,-1.1392,1
-2.0369,-1.8454,1.0057,3.3504,0.094647,-3.6686,0.5854,0.23541,3
-1.5107,1.1421,3.2809,1.6663,4.037,6.9055,-1.6982,6.0516,2
-2.5193,-0.88535,3.8758,0.089429,-0.50011,0.68822,9.8069,-0.022003,1
2.2497,1.5517,3.4395,-0.65849,1.2004,-1.8899,-1.3372,1.206,1
-2.408,-1.5847,-0.25999,1.1956,0.63533,1.0167,-1.8422,1.136,3
1.9304,1.2083,4.9331,3.205,1.6085,4.9509,-1.2358,0.60319,2
-1.6648,-2.1708,-0.33058,0.85553,0.60853,5.4137,-0.94771,-0.18902,3
-0.024529,-2.6037,3.5162,-0.66616,6.6469,3.3192,3.063,3.3832,2
-0.45686,0.46643,1.0149,4.6655,-0.53131,0.32219,-3.6084,2.12,1
0.19056,-1.5579,-0.94424,-0.1221,6.3546,2.3278,3.9289,5.7369,2
1.6193,1.962,5.2314,3.4702,3.8461,9.2371,-4.7948,-1.83,3
-2.5223,-0.47422,-0.4628,4.2206,3.9551,-3.4814,-2.5282,0.90113,3
1.2305,-1.232,0.072668,4.3506,7.7571,1.4593,-3.4777,2.0735,3
3.5692,-2.3893,5.9416,-3.421,5.8033,10.457,4.0287,6.866,2
0.95424,3.0842,6.0133,-10.415,2.7612,10.992,1.5717,7.5536,2
-3.5434,0.78434,5.6246,-3.1567,5.337,3.147,4.326,6.7143,2
0.54309,1.5754,1.381,0.98604,3.2176,-3.7545,-2.3996,0.85452,1
-1.2203,-1.8762,2.3462,-0.38144,1.0084,5.4353,0.65184,-0.29601,1
-0.24997,3.7818,6.3148,5.0666,5.9144,3.5057,-3.7315,2.7183,2
-0.080783,0.96159,7.7739,3.1779,1.5309,-0.076601,5.8258,3.7547,1
3.3455,-1.3413,0.30669,-0.71601,-0.38581,-0.89904,1.2832,-1.3257,3
-1.0125,-2.8759,-0.39694,-0.30767,-1.0237,-3.9335,5.6796,-1.4821,1
-2.872,-0.398,-0.05744,-1.3461,1.802,-0.11992,6.1513,1.2662,1
-2.086,0.75621,4.6765,-6.5918,1.8382,7.2651,3.4727,2.1922,2
2.6545,1.9813,4.0633,0.61076,6.0813,9.6583,1.4373,7.7673,2
2.5391,1.8614,5.8414,4.4501,3.0584,8.9914,2.5493,6.7441,2
-1.8505,-1.7179,2.9752,-0.33057,0.089513,5.3943,-1.4439,0.61078,1
-0.80362,0.84414,-0.58705,-0.53612,1.3677,1.2494,10.796,-0.66579,3
-2.0239,-1.5292,-0.15998,-1.6722,1.0198,-3.9746,0.72691,2.0841,3
1.1808,3.6461,2.4745,-0.18537,4.9948,1.7895,-7.5996,7.7584,2
-2.0536,2.2861,-0.419,5.5461,2.189,0.83354,4.6427,0.14286,1
2.4996,3.4249,-0.6883,1.064,4.8996,4.5182,-2.8467,2.9373,2
2.6497,-1.297,-0.69515,-0.80456,0.33527,0.78029,0.38188,-1.2511,1
-2.0423,4.6434,4.7752,-1.7477,-0.45416,2.9855,5.1779,-1.0163,3
3.6841,-1.2577,3.4886,0.53185,-0.29895,-4.6929,-1.8632,0.19922,1
0.74979,-0.1253,-0.87876,-0.81806,1.3148,4.4118,-1.5772,0.28079,1
5.3774,2.6082,-1.0222,-1.109,2.2865,-3.6122,1.9741,7.2869,1
1.1363,2.3334,3.4133,-1.9245,3.0447,8.8684,4.4568,3.6678,2
-3.2089,2.3613,4.1548,2.2889,4.9691,7.852,-2.3128,4.5508,2
-2.2513,2.0375,2.765,1.0579,4.0782,0.91302,-3.1885,0.2268,1
2.9086,2.5224,2.6884,4.3129,4.1233,7.9004,4.1132,7.0629,2
2.2487,-0.83775,4.9142,1.9804,6.6147,2.3883,1.137,5.9702,2
0.89843,0.022265,2.4665,0.13424,-0.92329,0.21397,4.4236,1.8091,1
0.79696,0.72381,-1.0899,1.0467,1.4023,-4.5808,6.2665,-0.91795,3
-1.8822,0.62279,-0.51748,-1.1625,0.46074,6.6299,5.7426,5.7579,1
4.1203,2.6399,0.16725,-1.4192,7.1787,-0.29546,6.0811,2.6979,1
-1.6658,-0.81826,-0.46425,-1.6053,5.0746,6.0012,16.06,-0.011814,1
-2.9486,0.016772,-1.6002,1.071,3.9012,-0.046261,-0.092294,4.8835,3
-0.83961,0.76524,-0.65356,1.7313,-0.98933,3.6165,1.0334,-0.22553,1
-0.80502,1.0101,-1.4954,1.3708,-1.2042,2.9273,8.0161,2.2205,1
3.5548,-1.2657,2.0664,0.63557,-1.2418,-0.23211,3.3305,-1.2774,3
2.9241,-0.77432,2.8654,6.8116,4.6946,-1.5306,0.78433,3.9059,2
-1.3157,-2.1732,1.743,0.7123,1.3645,-0.93366,4.6821,0.85253,3
-0.53344,2.2633,5.904,4.2388,6.185,6.1013,4.0677,6.1287,2
1.4671,-0.89786,3.9918,5.4617,5.3872,6.4976,-3.6343,7.226,2
0.20027,-0.77448,0.037452,6.5918,-1.4998,-1.2417,-1.1493,-1.8279,1
-1.4922,1.5092,-0.51101,0.94693,-0.28933,7.3252,-3.2391,0.21745,1
-1.9571,-1.8703,1.3912,0.95326,-1.2938,-0.7369,-3.3454,1.9395,1
3.0059,-1.2293,3.02,0.83661,2.2109,3.2927,-3.0411,1.1931,1
-1.9303,0.35206,4.3848,0.4977,4.2255,10.223,2.4593,6.3739,2
3.2393,2.3409,7.6487,-0.96698,3.4226,5.5404,-2.7089,7.5475,2
0.40628,-2.3501,-0.17834,3.1612,-1.5285,-3.4143,0.68428,-0.7958,1
3.3172,1.6185,4.0169,1.9699,4.4401,8.1648,2.3327,6.349,2
2.0629,1.8781,4.114,-0.90133,-1.5835,-7.8997,-3.3462,7.5775,2
0.45506,-1.0509,5.3301,-1.0461,7.0395,9.1291,1.039,4.4148,2
-2.4767,1.1959,-1.6879,2.3297,1.9552,-2.2748,5.2404,1.8812,1
-1.0448,1.288,6.6921,0.29669,-1.1105,0.41277,5.3581,3.0833,2
-1.9749,-1.6821,-0.17242,0.64771,1.2197,-1.3323,15.409,-1.1027,3
1.4237,2.4537,0.84761,-7.1479,4.3766,2.6199,3.3078,6.5148,2
-1.2768,3.2573,-0.57864,1.457,1.255,-1.2398,0.76816,1.5059,1
-7.2048,1.9167,2.8778,-5.6426,7.2554,7.2884,-1.6685,2.1664,2
2.2327,-0.69063,-0.67549,2.0832,-0.67808,0.79472,-3.5808,3.1185,1
-0.56855,-1.865,-1.0326,1.0692,2.275,5.3844,8.8472,-1.342,3
0.24859,1.6228,7.5524,1.8152,5.4264,6.9025,3.5328,5.9188,2
-2.6808,0.53527,0.35106,8.0998,1.3713,-2.0206,-0.37259,0.41208,1
2.9528,0.6203,4.5534,0.79314,5.3069,8.3737,1.1679,5.3576,2
-1.2676,-0.073225,1.6596,0.021256,-0.56398,-1.7254,4.3713,4.8576,1
0.49615,-0.20531,-0.21087,1.5751,0.31,-0.71791,-1.359,4.9026,3
2.1475,1.4371,2.1355,0.76616,0.084812,1.3139,-0.76074,1.075,3
-0.66743,3.0895,-1.9578,0.97408,-0.66534,6.6383,-1.1056,0.9975,3
-2.3435,-2.6033,-0.24638,-0.75825,2.4211,-3.2808,-4.6151,1.0171,3
0.18624,-1.3097,6.302,2.1697,7.4901,6.2049,1.8636,4.7747,2
-2.4666,0.001772,1.8793,6.2902,2.2938,-3.7137,3.4892,-0.47156,1
-5.3076,-2.9699,-0.14624,4.12,7.115,6.4895,0.17313,6.1845,2
2.8437,-0.72659,-1.2881,2.7707,-0.90751,-3.3855,18.781,9.2552,3
-2.8227,-1.7671,0.78882,4.0564,3.2341,0.76543,21.045,1.4858,3
-1.3411,-1.4453,-0.38038,-1.6866,-1.9721,-2.9924,3.5242,-1.8523,1
1.4567,2.3396,2.3914,-0.84803,7.0121,1.0144,3.04,6.4988,2
2.1197,1.6233,7.0815,0.5447,4.1956,-5.9886,-1.1878,6.5485,2
-0.96725,-1.5321,1.6901,1.8499,2.5334,-3.2808,0.40208,5.3606,1
-1.761,1.5697,-1.1588,-1.0803,0.13754,-2.3291,-0.092994,1.0614,1
-0.11106,2.8755,5.6339,5.8208,6.5126,2.5786,3.2193,6.9088,2
3.294,-1.3352,-0.49849,-0.2304,-0.44377,4.8813,0.38585,-1.944,3
-2.4084,-1.1627,2.2563,1.0167,6.043,-3.3779,2.0706,2.9557,1
3.5272,1.5716,7.254,3.1851,3.1168,7.9287,2.281,6.1434,2
-2.4987,-0.043616,1.7004,3.5013,0.24923,3.5833,1.2148,-1.444,3
0.35654,-2.4331,1.4287,-0.5373,-1.9528,-4.8612,4.4992,1.6991,1
-0.59936,2.0182,-1.1149,-0.85056,-1.3269,2.5277,5.822,0.78777,3
3.5409,-2.2667,1.9115,0.72333,-0.6947,-1.7459,3.3388,-0.98369,3
1.2501,1.0517,-0.1645,-0.19306,4.5444,-0.44486,-2.8272,2.4715,3
-0.55479,-1.2669,3.243,2.0137,2.1858,0.83715,4.7406,0.72053,3
-1.9158,0.21346,-0.79789,2.6823,-1.5054,-3.6763,2.8052,2.2432,1
-0.76175,-1.2115,2.799,0.3795,-1.2293,0.73532,2.4639,-1.3927,3
2.2406,0.88509,7.727,-4.2891,6.7223,-1.5795,3.6769,6.1349,2
-1.7479,-1.9945,1.4622,0.84885,-1.4174,-2.0212,0.014451,2.2751,1
-1.8249,-2.1131,-1.4864,1.3136,0.77685,-2.0914,2.8489,2.4674,1
-0.96625,-1.7125,2.1378,3.4597,-1.0088,4.2198,-4.6504,3.3084,1
4.5181,-0.51006,-1.7836,-0.56198,2.4332,4.2674,-3.2945,0.49811,1
-2.0074,-0.83862,0.2954,0.50487,-0.6436,-1.0295,-2.3066,4.366,3
-2.7514,2.6294,3.9794,0.2902,0.098563,-0.67218,0.019885,2.9224,3
3.9443,-1.2617,0.39045,1.1088,1.2099,-1.9691,-0.31881,2.2042,3
0.7903,1.4832,4.0772,5.7159,5.2653,9.1127,2.6137,2.2736,2
-0.12588,-0.58219,0.094396,3.1432,-1.0341,4.8016,8.1299,-0.87148,1
-2.183,0.86803,-1.6925,2.1481,-0.24231,-0.050095,-0.69648,0.39844,3
-1.5233,2.9438,7.6636,5.5375,6.0975,-0.7236,-1.9412,5.5717,2
1.9859,0.7919,6.2883,3.7077,1.6194,5.0947,5.091,3.4226,2
2.0702,-1.0716,2.6341,0.69485,1.7794,2.1008,1.8124,0.54099,3
-2.8619,0.3513,2.7604,-0.30185,0.24308,4.5107,-2.8094,-1.107,3
0.76248,-1.0782,1.2937,0.18041,2.1438,-2.5925,-4.7202,-1.8811,1
1.9557,-1.085,3.8496,-6.7647,4.3394,7.0139,4.6564,3.5349,2
-0.067631,-0.086099,5.2544,2.8485,6.8899,6.4914,1.5059,-0.47545,2
2.8815,-0.86871,3.4422,3.3054,4.4349,1.7425,1.0854,5.8066,2
-1.8159,-1.8448,-0.14688,0.062346,0.18573,7.3319,-3.5872,3.7347,3
-0.087008,-0.7561,3.2093,-0.80057,-0.068178,1.2445,-0.24265,5.5592,3
2.8211,2.8195,4.239,4.6402,6.1413,7.7281,0.067148,6.5021,2
-2.1658,0.017658,0.77261,1.498,-0.2397,1.3016,-0.7684,-0.32751,1
-1.0844,-1.1924,5.6727,5.7507,4.195,-3.0785,-1.6128,6.8716,2
1.0538,1.5557,3.4024,-1.5677,4.9106,7.3665,2.3496,3.7233,2
2.4204,2.2673,4.9313,2.2166,1.2097,-4.9264,4.053,7.6281,2
1.2026,-0.69412,6.1759,-2.4557,5.5187,6.555,-1.4978,-4.0553,2
-0.54688,-2.1036,1.0174,-0.65601,0.3035,-2.7687,0.65028,1.7193,3
0.22689,1.1575,-0.42497,-0.99857,1.4842,-3.5849,1.858,2.5056,1
-1.3106,2.9874,-1.2163,-0.2392,2.5746,-2.4466,-4.2229,-1.5643,3
1.2994,2.4919,3.8091,-0.7002,0.93937,-2.9963,0.007939,1.9424,1
0.8763,-1.8301,2.1085,2.8677,-1.3023,4.7345,-3.24,4.3196,3
-1.6741,-2.1017,-1.8482,-0.47503,0.72107,1.7526,0.005418,2.6603,3
2.5525,1.7642,-1.5382,0.74602,-1.4715,4.5953,-1.9985,0.80635,1
-0.95669,3.0265,0.31154,-0.80115,1.4067,0.49041,6.5667,-0.85968,3
-0.64104,2.8893,1.7187,4.7908,-0.4437,4.4088,1.6157,1.9248,3
-0.63419,-0.11517,4.7629,0.23493,1.0382,-1.6074,-4.2258,5.0107,1
-0.2375,-2.1627,-0.031231,6.4479,0.96477,2.3319,0.22062,0.044495,3
-2.5343,1.7439,1.3395,8.1628,-0.14678,0.095373,3.9959,8.4661,1
2.957,0.58592,5.4572,-2.0857,6.3445,8.3886,-0.62503,6.8783,2
1.8403,1.5601,4.9678,4.8761,6.6918,1.1856,1.01,6.5881,2
1.7812,1.0811,0.33298,3.7382,5.3417,3.0595,2.1732,7.0198,2
0.72598,-1.4144,2.134,1.1013,2.1861,-1.7011,7.9701,4.8693,3
2.7017,-2.2081,1.9827,0.79291,4.392,5.3907,6.6107,-0.081215,1
-1.7683,1.9189,-0.35335,0.006712,2.3474,-1.4845,4.8759,-0.7143,1
-2.8916,-1.3447,2.9329,0.9614,-1.3751,-3.1112,-1.6364,0.77801,1
-0.8464,-2.2757,4.4981,0.59214,0.57265,3.7109,1.0963,3.4151,3
-2.0901,0.43801,2.9332,-0.27592,2.9975,0.30181,-3.1091,-0.11621,1
2.2236,-1.9853,-0.15958,-1.7373,2.5622,-1.6046,5.2237,2.097,1
0.26422,-0.30893,2.4736,3.0629,-1.074,-2.4505,5.6387,-0.74703,1
-0.95472,1.1057,1.6532,0.70046,1.0481,2.378,0.085726,3.459,3
1.0337,-1.0959,3.6069,3.4375,-1.1626,4.7992,4.2723,2.7068,1
1.8586,-0.19328,2.6771,2.1104,3.7872,-1.4949,5.9349,0.9089,3
-0.99584,-0.73278,-0.071947,0.95744,1.9562,-1.7382,-1.6537,1.1354,1
4.0439,1.4201,0.84657,-0.98664,0.97163,-4.207,-2.8264,-0.09097,3
-0.79068,-2.8201,5.2807,-0.15156,0.72589,-1.2959,3.0431,-1.2946,1
-2.0125,-0.80287,3.3026,-3.5339,7.5976,8.5658,3.8886,5.0744,2
6.9477,0.73332,0.42867,1.9766,3.7135,1.7092,0.56761,-1.0291,3
-2.7364,1.1928,3.4028,-0.048145,7.0412,7.867,4.8438,3.9455,2
-2.2392,1.5614,-0.27142,-1.0202,3.0718,4.5951,-3.7107,2.6567,1
-2.4942,2.3964,0.29476,5.2714,-0.73084,-0.91398,1.1164,-1.68,1
-1.71,3.7151,-1.5954,1.0328,1.7408,-4.658,-3.3748,3.9912,3
0.009857,1.9191,1.0064,0.02382,-0.31145,-2.7586,6.714,1.3212,1
-0.59445,1.8657,-0.46164,0.60847,1.0912,-1.5665,3.6621,2.6077,3
0.18183,-1.1285,1.801,-1.6087,0.67287,3.7143,-2.6476,1.794,1
-1.9176,3.7062,6.3581,4.3483,7.2545,8.1392,-0.1174,4.77,2
3.1648,-1.9838,2.0566,5.984,6.844,-1.4778,-2.825,4.1051,3
-0.60459,-1.1076,0.21411,-0.11768,3.4477,5.7452,7.6019,0.49966,3
0.78141,3.9318,3.4835,0.97534,3.6728,9.0608,-1.3805,6.6803,2
-0.30409,0.096935,-0.93161,3.0461,0.2539,-3.8669,0.4541,-1.5682,3
2.5041,1.0729,7.3031,5.0421,6.8107,0.63709,4.2793,4.5883,2
3.0011,2.2559,3.831,5.0236,7.4475,4.4544,1.3128,6.7913,2
1.4314,0.61708,4.3158,2.8198,3.8864,5.2678,2.4316,7.1806,2
7.6251,1.6526,0.068185,-0.35936,-1.0139,2.1776,4.5536,0.12991,3
-1.911,-1.3509,0.85256,2.9783,-0.28401,4.1875,0.58446,-0.14377,1
1.1142,1.3614,4.318,0.98379,2.7459,1.864,2.5903,3.2099,3
-2.8102,-1.6769,5.6617,4.5525,1.0659,-1.7993,3.7946,2.8962,1
0.27265,-1.5806,-1.5114,4.3367,0.227,-0.46503,-2.5195,4.1983,1
-1.24,-0.69522,4.8347,5.1547,2.684,8.4529,1.7612,7.5279,2
-2.7405,1.5163,6.769,-0.91055,3.1197,-3.4371,2.597,5.6115,2
0.14085,1.6637,5.1599,2.5771,0.4104,-1.3928,7.4453,-0.18714,1
2.9998,1.7667,6.9786,2.1861,3.6465,-0.28347,4.7288,6.9896,2
2.3688,3.48,3.9407,-5.4311,4.7718,3.1016,0.32684,5.639,2
-0.89712,2.265,-0.40375,0.11149,-1.6783,0.13824,-1.438,3.7684,3
4.2564,0.21937,-0.6307,-0.032221,1.6448,-0.81769,-0.24292,-1.7882,1
-2.6666,0.098092,5.2789,-1.5206,0.89043,-0.87275,-0.50617,0.66209,1
-2.6236,3.1548,0.39254,-0.62839,-0.14454,-4.903,1.3611,1.9726,3
-1.4266,0.55578,1.5401,0.96399,4.5955,7.6319,2.7503,4.4722,2
-1.022,-1.5596,6.7095,-1.4912,-1.0149,-3.0687,1.5704,-0.41938,1
-0.34451,2.7477,-0.47706,-0.717,-0.022859,1.9753,-3.3265,1.1481,1
0.37915,3.4899,5.756,2.3608,6.8729,8.6678,-0.32045,5.1936,2
0.48131,-0.35547,1.9121,5.8333,0.62972,0.47405,-2.8583,1.1387,1
1.2522,-1.958,-1.3048,-0.087855,1.6503,0.60871,1.0138,-0.67126,3
4.7348,-1.5649,-1.4177,4.1861,4.813,0.77809,-0.51623,-1.5558,3
1.4025,-2.0571,-0.50896,1.2059,0.19392,3.0395,2.0286,-0.64711,1
-0.1396,-1.0825,1.4149,-1.5718,0.32776,0.39328,-0.32852,-0.088097,1
2.3935,3.2608,7.6544,5.7845,3.1276,6.2584,1.3337,6.9042,2
-0.60827,2.3084,0.42252,0.033421,-0.25993,1.6433,-3.3772,4.2585,1
-0.38347,-2.5784,-0.16569,-0.63607,0.077132,9.0957,0.43171,1.8817,3
0.28338,-1.0822,0.34706,1.7212,-0.86247,1.4307,8.8882,-0.059255,3
-2.4377,1.3138,0.024182,-1.6756,-0.0058,-3.6719,3.2131,-1.0702,1
3.1179,-0.5229,3.1018,0.23116,0.87101,-0.29145,-3.2246,3.8932,1
-1.2543,-2.4565,1.7115,-0.38565,1.1194,-3.8904,-3.5273,0.51205,3
-4.503,2.4035,7.0749,2.2047,5.5908,7.8767,5.1604,6.4548,2
0.64525,-1.1185,2.1438,0.79588,2.4983,4.4568,2.1792,-0.583,1
-2.301,0.43443,2.6155,-1.225,-0.37341,-0.34372,-2.414,-0.44184,1
0.36685,1.9791,1.4929,5.2674,3.2031,-2.1521,-1.3516,4.049,2
-0.55758,0.55169,4.1326,-0.95528,-0.43877,1.5414,-3.0328,1.709,1
-0.37019,-1.7408,0.98546,5.9029,-0.15467,-0.36686,-2.272,0.73512,1
1.4695,-2.1393,1.0319,3.5332,0.58084,-1.8757,0.90199,-0.90809,3
-1.4142,3.4417,1.378,0.68357,5.116,7.0995,-1.4993,4.1614,2
-0.90585,-2.6392,4.7221,6.4925,-1.3073,-3.0929,6.0541,1.8636,3
-1.5652,-0.85605,0.092011,3.9426,-0.44767,2.7502,8.7549,2.0254,1
-1.3594,1.5454,3.7314,2.9905,5.5601,-0.20173,3.8224,1.3692,1
1.2661,0.44487,-0.26785,1.152,-1.0102,1.2003,-3.9993,1.1203,3
-1.8109,-1.8492,-0.28772,1.1361,3.8804,6.5079,-3.9208,-1.0772,1
-0.86495,2.8992,5.342,3.1953,7.3587,6.0311,0.97066,6.1756,2
-2.1218,-2.0481,6.7362,-0.3832,1.6663,5.0881,6.4405,5.9586,3
4.7924,0.9901,0.72478,-1.6146,3.5038,0.59523,1.5878,-1.0385,1
1.6968,-2.1034,3.146,0.70896,-1.3192,-0.98367,-4.3053,1.1104,1
0.58903,0.48522,5.4571,3.8011,6.971,6.3351,-3.6664,4.8372,2
-0.43401,4.8958,0.87401,1.3091,5.3761,2.5355,0.92532,1.0951,1
-1.6793,-2.8177,0.53221,-1.8764,-1.0275,4.5497,2.5816,-1.0887,1
1.349,-0.30558,6.3325,3.8922,-0.11737,3.2994,-1.2433,6.4501,2
6.6457,-0.094652,4.2669,0.78955,3.2526,-1.0165,1.6536,3.2426,1
-1.4539,2.2779,1.2984,-1.1878,1.7704,5.3124,0.74321,-0.87203,1
-1.3573,-2.5232,1.3823,-1.1794,0.027211,2.8499,0.51964,-0.55113,1
0.65788,-2.493,-0.43051,1.6949,-0.43044,-4.6691,4.9137,2.2993,3
0.96977,-2.2108,2.4886,-0.13477,0.41805,-4.0763,-4.3754,5.9768,1
-1.5304,1.1614,2.1965,3.6674,3.213,3.4925,3.0855,4.0823,3
2.1351,1.854,5.501,0.83905,3.7269,-0.41196,2.4018,4.6632,2
2.9796,-1.1099,6.3992,-8.0138,7.5941,-4.9905,0.13835,3.3852,2
-1.8032,1.3362,6.2709,-0.62791,-1.1297,1.2873,-1.9212,2.3143,3
0.27764,-1.7895,-0.61545,-0.44514,0.99288,0.51964,4.0839,0.24907,3
4.3227,-0.79704,-0.73876,0.32556,0.34761,-0.45237,0.16426,0.39271,3
-0.91602,-0.94637,0.91271,-0.21838,3.7613,-0.53735,-0.73214,-0.085717,3
-1.667,2.4176,-0.16308,-0.47257,0.70778,0.47441,4.9213,1.7019,1
-1.2054,-0.82416,4.155,2.0771,2.4198,-0.35157,4.1395,0.67071,3
3.5061,3.1391,6.0324,4.6912,5.3891,1.1218,-3.4979,3.6154,2
1.6838,-0.65396,-0.96471,-0.61175,-1.949,11.461,6.4217,-1.6476,3
1.6919,-0.19084,6.3139,1.1412,6.3889,5.8092,-2.7919,3.8794,2
0.22069,0.086368,-1.0921,2.0501,1.2048,-0.53432,-0.73868,0.45641,3
-1.1287,2.6215,6.1763,0.59261,4.8305,6.5992,-5.9366,4.8818,2
-1.3396,-2.6431,-0.26908,-0.7663,1.0879,0.64973,9.1965,1.9308,1
0.037011,0.68184,-0.16295,1.4466,-1.4487,-3.7412,0.30949,2.7933,1
-1.9063,-2.3653,0.79202,-0.44581,-1.2055,-2.4784,0.56794,0.22361,3
1.8676,-1.9278,0.62802,1.737,4.5437,4.0493,6.8339,-1.6113,3
2.3234,2.6477,-0.11207,0.21463,4.4296,9.2308,-0.46489,5.8505,2
-1.4059,-1.4965,-0.95189,-1.1527,-0.19126,-3.1831,-1.7948,0.51423,3
-1.125,-1.3697,0.47476,0.079301,1.5781,-1.5818,4.4374,1.7878,3
0.71924,-0.21041,0.41725,1.9613,-0.9173,10.885,0.85794,-0.60204,1
3.247,-2.0682,-0.95447,-1.3561,-0.44604,4.1462,3.7097,1.6409,1
1.6656,2.3051,1.5086,5.9768,-0.72246,-1.8939,-0.20139,2.15,1
-0.56881,-1.1386,-0.37737,0.14088,0.91487,-3.8725,1.0719,1.1456,1
-1.2759,-0.98857,-1.227,0.2513,-1.3673,-1.0979,2.6049,-1.9179,3
-1.1643,-0.86477,-1.5205,-0.71937,4.7342,-2.5032,5.0105,2.4705,1
-0.058536,-0.21344,5.9208,4.9632,5.5955,6.1014,-1.9334,6.955,2
-1.295,-1.1104,2.6533,2.6981,-0.096305,-3.4611,5.8052,0.47229,1
-2.925,-3.0063,3.333,1.0116,0.18615,0.27863,1.1243,-1.8456,1
-0.58513,1.6044,-1.3829,-0.81285,0.63489,10.785,0.96553,-1.6355,1
-0.59878,0.56789,6.5755,3.1422,4.0183,9.0428,2.4518,7.3802,2
-0.3151,-0.87628,0.44973,3.0001,2.4356,-3.4732,-2.0703,3.8425,3
-1.4175,2.1552,0.92084,0.033728,0.27825,-0.43608,-4.5836,-0.90267,3
0.51938,1.7206,3.3294,-1.3549,0.19549,-1.4099,4.2926,0.18761,3
0.12832,-1.9173,-0.62107,1.9793,-1.6433,3.6512,-4.0788,5.8814,1
0.21204,-0.45609,-1.4414,-1.0214,1.454,10.073,4.196,-0.47549,3
-0.84698,-1.4817,7.1429,2.4627,7.1394,2.6859,-1.0869,4.1351,2
-2.3249,1.3341,7.7942,-2.9033,4.609,8.5867,-6.6762,5.1426,2
1.1988,1.9208,-0.82422,6.5803,4.1632,6.0762,-1.4222,-1.6839,3
2.9811,3.2347,5.75,4.4974,4.3461,7.4178,3.6151,6.5043,2
-0.34527,2.9681,4.958,3.1561,4.5512,9.5903,1.9918,7.4979,2
-0.39148,3.9295,-1.2805,2.8764,4.3831,0.67334,6.3374,1.4648,1
-0.84067,-2.6964,4.846,5.5855,-0.060986,-1.1455,3.5347,-0.93042,3
-2.8372,-4.3621,6.0052,-2.2162,2.8684,4.3882,0.98538,3.8346,2
1.1883,1.4511,4.3319,4.2984,-0.13007,-1.5802,-2.5348,2.5878,1
2.3032,1.6778,4.8922,6.0292,6.3227,7.2404,-5.7273,7.2444,2
0.37153,-0.29114,-1.1528,-0.29001,4.8095,-1.6328,9.0261,0.43112,1
0.70518,2.812,2.4204,0.19978,2.8387,1.3901,-0.86313,2.5648,3
2.6511,0.35813,-2.0301,-0.6163,-0.044595,-1.2775,-2.8331,0.24631,3
-2.2734,0.90854,3.5457,-1.3515,1.8657,6.7501,-0.82112,2.5844,1
-2.5111,2.9406,2.7366,-0.63757,-1.3933,3.9927,-3.3862,-0.9249,1
0.069302,1.078,-1.6743,1.0678,1.5151,-3.9885,2.1997,-0.43198,3
-0.8353,0.30628,0.16183,2.762,-0.80992,-0.70414,-2.4839,1.1288,3
-2.5111,2.9406,2.7366,-0.63757,-1.3933,3.9927,-3.3862,-0.9249,3
1.4189,-1.8531,3.2378,0.46098,0.32552,3.8447,1.2187,4.9784,1
3.1393,3.1044,-0.41944,0.5265,5.1117,5.6889,4.4943,6.6383,2
-0.33096,-1.1613,-0.45428,2.9589,-1.8494,2.1195,-1.4972,1.5866,1
-2.5351,-1.6889,1.57,5.4535,-0.015168,1.2392,1.0124,0.33768,1
0.78439,-2.4628,-0.53903,-0.4449,-0.56968,-1.7387,5.3448,0.42424,3
-0.82819,1.3299,4.8999,-1.1122,-1.2287,3.7775,14.298,-1.1927,1
-2.7389,-1.0548,2.037,-0.63483,-1.367,5.542,0.17699,0.11616,1
0.83776,-2.3263,5.3971,2.6489,2.3765,-3.8623,2.8452,1.6475,1
1.8507,-0.60388,6.8867,0.69968,4.8032,9.7976,1.0733,6.105,2
2.6998,0.093349,1.4399,-0.15737,6.0549,5.5195,3.0583,3.5624,2
3.2428,2.4018,4.2982,4.4514,4.6201,8.8678,2.085,5.5697,2
1.4075,1.9276,6.0738,0.86899,-0.35471,-2.1125,2.5702,5.7529,2
2.6466,-1.8641,-0.33086,0.52048,0.83822,2.4554,-1.6594,1.2403,3
2.2445,3.0299,3.7394,-2.2322,5.6818,6.0291,-6.9117,6.9615,2
-2.02,0.77272,-0.29045,0.067713,0.44986,-2.1772,1.7889,1.1438,3
0.74589,3.611,2.1962,-0.5274,3.646,8.722,0.17353,4.9084,2
1.2336,1.4483,4.4345,-2.1217,6.1308,4.7044,1.6723,6.6811,2
3.0638,2.7221,3.0805,-0.3249,3.7496,-1.0213,-0.99673,7.0504,2
3.3957,-3.2953,5.5461,2.4247,5.7415,7.2077,-0.21172,4.1577,2
-0.46015,1.243,5.9522,2.6578,3.1553,-2.2149,3.8407,-0.79796,1
-1.6567,-2.2941,-0.404,-0.006055,-0.14486,2.4999,2.5722,-0.88926,3
-3.5512,-3.4023,5.823,2.2886,6.4219,4.9813,4.9244,-5.6581,2
-1.8809,5.7941,-1.3544,1.1763,-0.027604,1.8402,-1.665,-0.8736,1
1.8641,2.2324,6.2065,-1.6018,5.5275,3.5017,1.2404,5.1063,2
0.5212,3.1926,6.5708,3.5516,7.5271,6.4281,1.8283,4.1483,2
2.2662,0.38009,6.0013,4.7756,5.8174,8.7587,4.6958,5.3246,2
-0.75555,-1.2355,4.1578,-0.69967,2.2674,-2.8738,-4.466,0.12344,1
-1.4174,-0.071667,5.2561,3.0629,6.8145,10.592,0.85226,4.6526,2
3.2379,-1.6869,-0.33985,0.48024,-1.8023,1.627,1.0794,4.0758,3
-1.2406,-1.3253,3.6381,0.22939,-1.1673,-3.7963,5.4727,6.6375,3
1.1778,0.46446,7.3768,4.9512,6.4954,10.398,4.3418,4.1841,2
0.82499,1.4197,3.4369,4.6486,6.9343,7.2225,-0.63926,7.8223,2
4.3808,-1.264,-1.7807,-1.2147,-1.1084,5.6291,0.84052,0.16023,3
-0.52243,1.8033,3.1007,-2.6112,7.1013,4.6213,2.002,4.4871,2
-2.2473,-2.3632,0.17715,3.6337,-1.1917,2.5833,2.8125,-0.43666,1
-0.54927,-1.4382,5.0831,-1.0662,-0.25433,3.271,6.4119,-0.62989,3
5.8796,-1.0332,-1.3841,5.3892,-0.7563,-3.0761,4.3797,0.54127,3
3.9021,-0.3622,4.9416,2.3858,3.4426,2.6633,3.4517,4.8594,2
-0.69558,-0.84967,3.1136,1.0951,0.10111,2.8337,2.3871,2.1386,3
-0.18477,0.92926,3.179,4.3997,0.32939,0.81901,-0.26338,-0.72471,1
-0.23292,-1.6142,6.6319,4.34,4.1418,5.0744,5.0075,3.5018,2
0.15045,-0.76402,-0.93848,2.8207,0.4676,-4.0617,1.0088,0.02615,3
7.995,0.84271,3.4904,5.2589,-0.45696,-2.5469,-1.8545,-0.070343,1
1.5124,1.0277,1.1596,1.0753,-0.17208,5.3507,1.9501,3.0789,1
3.1354,1.4101,5.9861,5.0064,7.8921,8.6961,4.9904,1.8086,2
-1.1475,-0.53314,1.3477,1.8186,4.992,5.3967,5.298,3.2518,1
-0.020823,-0.11213,1.7146,-0.36097,1.0525,-2.5296,-2.2945,0.86771,3
-0.11436,2.3418,5.7957,-2.8609,4.6972,3.0854,-1.5654,4.0067,2
0.77198,0.55807,-1.0706,0.20434,1.758,10.739,3.9581,0.87599,3
3.5964,3.9177,4.9386,2.158,0.62241,10.678,1.9008,4.9634,2
0.11825,2.6192,3.6578,1.6517,2.4447,-1.5784,-2.0392,5.3126,1
-1.3584,-2.1354,-0.34172,-0.27976,-0.61836,11.792,6.6536,-0.93495,3
-1.1501,0.8625,6.9404,4.1387,6.8201,6.7397,-6.8522,0.93525,2
2.1567,1.9953,5.1735,-7.1834,6.5965,8.3466,1.7913,6.9838,2
0.28604,-1.9665,5.2251,1.8759,2.2984,1.3199,8.6741,3.863,1
0.69533,1.9395,2.337,2.3863,4.9985,3.309,-1.577,-1.9351,3
-1.3423,2.9105,0.46549,-0.2428,-1.6344,4.3023,2.2421,-0.10168,1
0.2246,1.2986,5.9719,-2.1154,6.8472,0.50975,2.7033,5.9146,2
1.7859,3.1831,6.7552,1.3353,7.7152,10.173,2.8401,5.7052,2
-1.8112,1.8257,5.2603,4.7686,5.5611,5.9567,-0.097639,5.206,2
-1.4458,3.5505,-0.34032,0.70783,1.747,-0.51627,7.4899,1.079,1
-0.44398,0.077015,0.15408,-0.42951,1.7675,6.2617,-2.5595,3.3025,3
3.4014,3.1757,5.1949,2.4567,7.2763,-3.2133,5.0593,0.91702,2
2.3297,2.5375,0.22821,3.2554,3.9569,-2.2471,4.531,-0.090274,3
-1.5875,-1.945,3.002,5.7893,0.008384,2.4028,-2.6147,3.0313,1
0.32693,4.159,0.40551,1.6841,-1.4194,-2.2636,12.589,-0.77714,1
-1.1309,2.4104,5.2376,4.8966,5.1876,4.3989,0.71798,4.2378,2
-2.1801,-1.2349,-0.969,1.9455,-0.6887,-0.81566,-1.1763,0.29151,3
-1.0921,-1.4575,7.0148,-5.4058,5.4646,4.8181,4.6393,5.9977,2
1.4971,3.4635,7.2935,-0.045941,4.9256,3.8431,2.8734,-1.0387,2
3.051,-0.85235,5.2914,0.17272,2.07,0.070875,-2.328,0.53056,3
4.8662,-2.0501,-0.024191,0.72591,-0.52708,0.74837,-3.552,-0.087426,3
-2.1718,-0.91316,-1.0039,-0.13337,0.17665,-2.9198,2.1018,-0.42141,3
-0.4982,-2.0673,0.68576,1.065,3.2736,-4.3817,0.30853,2.6453,1
-1.3987,-1.7099,-0.72537,4.1098,-0.76106,-1.966,2.7877,0.53746,1
-0.63547,-0.40002,0.004641,-0.45586,-1.3599,-4.5344,2.6575,3.9981,1
1.1457,1.478,7.2158,-6.9347,4.3388,4.3842,-0.35223,5.2098,2
0.14928,1.6346,6.8735,0.61383,6.3777,5.4586,-4.6632,6.5664,2
-0.21341,0.62348,5.5073,1.3819,2.637,-4.6481,-5.8186,2.0971,2
1.1412,-0.89486,-0.17536,1.5442,0.264,0.69183,-1.5188,3.3473,1
-0.48461,-0.86945,5.341,1.7685,0.65113,-1.5605,0.55051,-0.87222,1
1.8527,-1.062,4.8707,-1.4943,3.0753,-3.8253,4.1077,-0.75236,1
2.8691,2.0372,5.2059,4.6741,-1.4156,10.69,0.8326,6.5066,2
1.4839,-1.8688,0.6435,0.35479,-0.46277,-1.4255,-3.2341,-0.65072,3
-0.23565,0.98445,-0.76706,2.8119,-0.2918,2.7096,7.396,-0.38998,1
-1.4095,-0.46439,0.29521,1.8271,3.3627,3.6506,1.1684,-0.18376,3
0.1234,0.032129,-0.26999,-1.6121,-1.2991,-1.5648,0.10505,0.82461,1
2.8366,1.031,-1.4661,2.3205,1.3702,6.7245,2.371,-0.75289,3
4.6748,1.9608,-0.98879,-1.8195,-0.47122,2.4321,7.2103,0.62818,1
2.3187,0.82069,5.9434,3.0778,-1.3629,2.8409,-1.0148,0.055672,1
-1.1927,1.2626,-0.15899,0.25872,3.1343,9.4556,-2.2157,1.9892,3
1.9817,-0.61921,5.5132,6.7165,6.4407,7.9256,4.5196,6.3617,2
-0.35463,1.5078,4.2611,4.8002,2.6052,8.3681,-1.1052,3.3484,2
-1.8567,-1.7922,0.73761,-1.2493,2.0298,-3.8325,0.9103,3.5442,1
-0.325,-5.4134,3.4146,5.5694,5.8131,10.184,2.9422,2.0476,2
-1.8343,3.0978,-0.25943,1.688,-0.23874,-2.6641,-1.0309,1.4159,3
2.0156,-0.94283,-1.2028,-1.5023,-0.31115,7.9217,2.5953,3.7285,1
2.4407,3.4104,6.0707,-7.8792,1.1105,7.0712,-8.7498,5.7578,2
-2.0499,1.3465,6.6041,3.2112,-5.8033,-0.7106,4.4352,4.0905,2
2.0075,1.2965,6.4528,0.81253,4.7554,4.6433,2.0997,5.7897,2
0.4903,0.15564,4.0121,2.0179,4.2426,8.9062,0.11263,0.90093,2
3.178,-2.1674,1.5169,1.2147,-1.089,-1.6638,-3.8031,1.0975,1
2.1365,-3.0206,2.9846,6.0893,4.3086,6.4432,1.3507,4.7973,2
-1.0191,0.053953,1.2313,2.6247,0.35622,5.0011,-1.1742,1.5298,1
-0.64573,-0.77917,2.6877,-0.35048,-1.037,7.999,-4.1856,1.9543,1
-1.8585,1.3104,7.0665,3.6744,6.6795,2.0384,3.5983,2.7647,2
-1.3089,-0.89722,0.3184,-1.7541,0.043733,3.5568,-2.035,-0.39968,1
-0.70678,-1.7728,1.6377,0.39891,2.4208,-0.48321,-1.6341,-0.45203,1
-0.90195,5.2499,2.7985,-1.4825,0.53678,6.2217,5.4904,0.17445,3
-2.1313,0.55151,4.0504,4.1555,0.43137,4.9199,0.67337,5.9208,2
1.2424,2.1563,3.2492,0.11409,3.1352,7.5308,5.0638,3.6557,2
-2.37,2.5422,-0.056072,1.4378,-0.9727,-0.43467,-2.0206,4.88,1
0.54509,2.3673,-0.97014,-0.86685,-1.1646,2.8415,2.5817,-1.2311,3
0.75257,0.89897,0.30388,-1.3535,-1.5987,1.4406,5.1873,2.2085,1
1.6932,-2.6317,3.1076,1.01,4.9162,2.1475,-2.6902,2.674,3
0.31048,1.9251,6.4312,0.6374,7.0103,7.0214,3.377,1.3548,2
4.144,2.3094,-1.7123,0.84269,3.5578,0.035411,2.1553,-0.68359,3
3.3273,3.7729,5.9579,-1.6376,5.8748,9.0804,1.9788,7.6286,2
1.7128,2.6264,2.6391,-5.6317,7.3169,-1.6449,3.503,6.4018,2
0.81391,-0.74441,0.33293,0.51954,-1.435,2.8618,-5.0048,-0.88831,1
3.1169,0.59216,0.75968,0.27575,-0.32913,-3.0765,1.1217,1.2537,3
0.15598,-1.2457,-0.21811,0.012435,-0.070496,2.6699,-2.8895,-0.39942,1
-0.6459,-0.56292,-0.74987,0.81,1.2221,-2.5799,-3.7761,-0.68544,3
-1.3894,-0.35992,3.433,1.7364,0.69145,3.7817,0.71946,3.2611,1
2.5785,2.61,7.4249,1.0053,1.886,6.8646,-4.6381,5.7656,2
-0.14003,3.8062,-0.65875,3.7986,6.0263,7.4889,-1.0091,6.5231,2
3.229,-0.38299,7.1603,4.0065,6.4627,9.636,2.5576,5.2614,2
-0.72395,1.4978,-1.4659,1.1881,4.5292,-2.7009,-1.8576,-0.77753,3
-0.10604,-1.6261,5.6879,-0.39181,1.3728,4.2962,-3.9265,2.1095,3
-1.9225,-2.4819,1.5533,-1.269,1.4728,0.053823,-2.7421,3.4845,1
-1.0579,0.95061,-1.5882,-0.77399,-0.47067,4.3004,1.8135,0.21132,3
-1.3991,-0.9633,-1.674,2.0977,-1.3183,-2.6497,-2.0685,-0.79212,1
-0.38894,0.71346,1.7744,-0.64297,0.010755,-4.2858,-4.2374,0.36686,3
-1.0244,-2.8886,-1.3997,1.6526,2.1746,-2.5236,4.1994,0.072026,1
-1.8255,-2.6961,3.2688,9.2424,-0.49312,-0.43582,2.584,-0.37743,3
-1.115,-2.6047,3.243,-0.56778,-1.2841,1.596,-4.0961,2.1308,3
0.10305,2.7144,0.33072,5.1616,-0.2791,1.4808,0.16605,3.2581,3
3.1114,-0.63999,6.734,1.746,6.191,1.3286,2.32,5.5174,2
4.8938,-1.3744,2.3793,-0.39264,0.88096,-2.5029,1.1333,-1.3112,3
-1.1664,-0.88808,-1.2486,4.2946,-0.16983,1.54,0.55856,1.5719,1
3.2445,1.3091,-1.0614,1.6171,-1.8564,1.8028,-2.8887,0.10298,1
1.5917,-1.9064,0.65796,1.4089,5.3551,1.4254,4.0439,6.5281,2
-0.29908,-1.3202,0.77747,-0.38845,1.2946,-0.31626,-4.5721,-0.019434,3
0.47416,-2.1653,5.8916,0.059315,1.6389,9.5443,-0.53669,-1.3984,3
-0.11569,-1.7907,5.2263,-0.11116,3.3373,3.7715,7.5483,-0.87368,3
0.25673,-0.99792,-0.3816,2.6551,-0.24506,-0.74385,-2.9479,5.5769,3
-0.51443,2.8559,1.2903,-0.84161,1.1557,-1.7483,-3.137,2.0296,3
-1.9427,-2.2089,4.6926,0.77091,-0.76389,2.8796,-4.6152,-1.8523,1
-1.634,2.0013,0.25337,1.9696,2.7525,-1.6658,-0.89845,1.795,1
-2.1452,-1.7566,3.7351,1.2689,0.048314,0.74529,-2.1795,2.1274,3
0.48474,0.065293,4.691,3.2266,3.9142,2.5602,-5.9297,7.314,2
-2.2306,-0.3344,-1.8675,1.3995,0.23281,-0.13856,8.3495,-1.7067,3
-1.5396,-1.769,-0.66083,0.4564,-1.1499,-2.3997,-2.1434,-0.02189,3
-1.1436,-0.68498,1.318,0.71541,3.1964,-1.9402,2.573,5.3106,3
2.0374,-1.8909,6.5007,-1.4883,1.9298,5.0263,2.2242,3.7895,2
-1.7801,-1.3819,2.1455,-1.4464,-1.1197,14.589,-1.4186,1.7343,3
-0.85144,-0.1423,-1.4558,-0.63665,-0.051744,0.75172,-2.4356,-0.70441,1
0.40229,-0.23669,-1.1325,6.5252,-0.17074,1.8074,-4.0994,5.1774,1
0.33067,2.5164,4.6333,3.3805,2.4217,8.2696,1.2824,7.6324,2
-2.3343,-1.6416,-0.89257,0.39528,1.2023,1.4484,-3.3763,-0.07667,3
-0.49106,1.4571,3.4102,2.509,3.742,5.2198,-1.1605,7.3046,2
1.8523,2.4666,1.1108,4.1011,5.8769,2.9163,-2.1662,7.7349,2
3.9186,-1.2082,-0.35574,-0.38367,3.7308,2.6617,4.4764,4.7635,1
1.8472,-2.292,-1.0261,1.0599,1.0249,1.8121,3.3792,-0.15019,1
0.75828,2.2409,6.0321,-1.1901,5.9163,4.9402,-0.86656,6.7292,2
-0.26155,0.54941,-0.092389,-1.9327,1.1576,2.0513,17.378,8.0517,1
-2.7807,0.81747,2.9847,-0.14061,1.0847,1.2349,-3.9093,-0.44598,3
-2.0592,1.0891,3.6573,-0.18806,0.51894,2.1997,4.5773,-1.3478,1
-0.1509,1.5288,-0.59668,1.221,0.035029,-4.8361,0.40271,2.5234,3
1.4168,-1.4943,1.7382,0.79583,-0.47459,0.005638,-0.77174,2.7022,1
-1.0209,-0.31737,4.1138,5.5466,3.8848,7.3595,4.0068,6.5541,2
-2.6314,-1.1898,3.0693,4.296,7.2404,0.73344,-0.85602,-0.01489,3
-1.3079,1.5694,6.1126,3.0721,6.9178,10.441,1.4428,3.8144,2
-1.9667,-1.9602,1.2974,-0.12175,1.503,9.3586,2.5299,5.1917,3
2.6703,-1.5258,3.4066,2.5529,-0.094511,0.74964,0.83647,0.285,1
0.72676,4.5268,4.6189,2.0225,0.89749,10.147,-1.5742,1.6688,3
-0.46881,2.888,4.4892,-1.8039,1.1316,8.2858,6.8423,-0.63075,1
2.0258,0.28025,4.0835,-3.673,4.67,9.2783,5.1526,6.6467,2
2.4192,0.26278,1.528,0.28016,1.2855,0.54605,-0.72016,0.86418,3
-1.709,-1.451,2.6861,0.86577,6.7567,13.685,0.45043,0.87165,3
1.0016,-1.4292,1.3238,-0.13911,-0.59345,-0.678,-2.7747,-0.45727,3
0.47698,0.90727,-1.8155,-0.97574,-0.90188,0.1813,1.4351,2.8888,1
-0.73669,-1.4854,-1.4689,-0.13211,0.41053,-0.46319,-1.9403,1.4046,3
6.3676,1.9303,-0.45045,0.69399,0.35995,1.5401,5.5449,0.76065,3
-0.46001,-2.0581,3.6081,2.7441,-0.65185,-2.4934,-4.2036,0.019518,3
5.3625,-2.1436,-1.6263,1.5544,0.5487,-4.7978,-2.7708,1.1275,3
1.2059,-3.413,4.837,-2.1359,6.0576,-1.7254,5.088,6.3982,2
-2.0726,-0.20022,-0.41048,0.59983,2.4706,-3.3132,10.888,2.3547,1
0.39702,-1.062,-0.10652,4.0755,1.4314,6.6559,-3.5205,1.4633,3
-1.0922,-0.62407,-1.5459,0.16293,0.73368,-3.5311,4.1427,2.2828,1
-0.077099,1.8554,3.7884,3.2865,3.9135,-4.5078,2.7529,6.3022,3
0.95381,-0.89219,0.4584,5.5165,5.9556,-1.0725,4.4942,6.5146,2
0.69967,-2.374,2.3398,8.5507,-1.6729,3.0211,-3.3625,1.9717,1
-1.1173,3.8612,-0.96213,-1.4239,1.083,-0.16418,-0.80408,2.5634,3
-1.5482,2.5459,6.6789,3.6405,6.3353,1.3445,2.1583,6.8643,2
0.83124,2.5217,2.2298,6.2522,6.0857,2.5068,-1.1548,4.8477,2
-1.7691,-1.5663,-0.20379,4.8642,1.119,-1.7232,3.7043,1.6093,3
-1.3831,2.2505,2.5682,1.2999,0.7534,2.0797,4.2507,-0.078655,3
1.8599,-2.2691,-0.35055,1.1822,0.32853,2.6839,0.37208,4.6455,1
-0.23135,-0.33606,0.40269,1.1971,0.56869,4.1541,0.72973,2.099,1
-0.64647,5.4868,-1.4451,3.2222,-0.49759,14.755,15.493,-1.3287,1
0.040185,-1.1761,2.5161,2.856,-0.37754,5.6951,2.4689,2.1303,3
3.1481,-2.8065,1.0201,4.099,6.0945,5.8227,4.6279,4.6813,2
-1.9994,0.62231,3.051,1.3567,2.3587,-2.999,6.028,0.41386,3
-0.53056,3.4695,3.9259,-0.10316,-0.40172,-0.70877,6.5442,0.035445,3
-0.55393,0.69359,1.7146,1.0738,-0.98509,0.35204,7.0145,2.2728,3
-2.2456,0.83724,-1.297,-1.1045,0.683,-0.4059,2.7776,-0.87427,3
1.8423,3.7219,5.5216,-3.3297,0.83904,7.2201,-2.6824,5.1833,2
2.3667,-0.27612,1.5026,1.7509,2.0515,-0.93655,-0.44638,-0.10212,3
-0.36005,0.69708,4.8626,0.23234,1.4228,9.3386,0.72992,2.3643,1
0.17536,0.65881,0.5111,2.4244,0.37606,4.6931,1.4877,-0.82217,1
2.0537,-2.2926,0.92863,1.6827,1.9671,-1.5805,-1.437,0.23062,3
-0.14631,2.0388,5.3015,-11.838,0.098155,7.7887,-2.1797,5.5175,2
-0.16257,-0.32984,2.2509,1.9381,1.1505,-2.72,-4.4892,-1.8169,1
-0.61742,4.9168,-0.87191,-0.87982,0.81258,-2.8634,2.4637,0.43784,3
-0.59633,1.1955,-1.4893,-1.2032,1.6383,-0.25003,2.8567,-1.562,1
0.77463,-0.10758,6.2669,2.8085,-0.79508,1.0908,-2.0895,-0.71506,3
0.79081,-1.7761,4.2154,2.2377,0.55246,-3.8743,5.1548,-0.59629,3
0.66036,-1.2071,1.0175,-1.2586,1.1454,4.5365,4.8783,0.033327,3
-1.1582,0.732,4.3442,2.9343,6.7072,3.0864,5.1703,4.3785,2
1.7775,0.73055,1.5639,1.855,1.4873,-2.1205,0.11413,0.86487,3
-0.12535,0.14681,1.4617,1.9024,0.57206,12.082,4.032,0.76166,1
2.9439,-0.072668,4.9286,0.23548,5.5393,7.1432,3.2069,5.1157,2
5.2123,0.058452,1.1985,2.7526,-1.5955,5.9745,-4.1804,-0.80876,1
0.40922,-2.48,1.735,-1.8163,-0.54623,1.3361,-4.3536,3.4414,3
0.22361,-2.4837,-1.8209,1.8095,0.1453,-0.68041,3.5187,-1.4206,1
3.0311,2.2776,7.6311,-2.4756,6.6352,8.922,2.6444,-1.3523,2
1.608,-2.339,3.7726,-0.71026,0.41327,-3.8691,-0.36332,1.8918,3
2.7959,0.16027,6.2847,-5.6889,3.5729,6.8054,3.5254,-0.10298,2
5.149,2.6555,-1.2113,0.048437,1.3249,1.0713,3.959,6.272,3
0.99769,-0.24618,5.2283,3.864,3.8924,7.657,3.4142,6.9947,2
-1.5951,-2.1508,0.59757,0.90417,4.8385,-2.3905,-4.538,-0.5641,3
-0.41544,-1.2042,-1.2267,1.1585,0.22799,2.8723,7.5136,3.3932,3
-2.8271,-2.2104,3.1713,0.83739,-1.3231,0.91985,-1.6428,-1.5957,1
-0.37825,1.8451,-0.71971,-0.13996,1.9143,3.2794,3.3375,2.7851,3
1.9908,1.9568,5.4862,2.0981,4.3184,6.9563,3.6308,4.9912,2
1.9547,-1.4401,2.8735,-0.85202,3.8535,4.7081,-0.51509,1.4156,3
1.5596,-2.2029,0.35086,1.8359,0.51616,-3.2942,-3.3259,-1.6232,1
1.6224,-1.7591,-0.070458,-0.37479,2.5318,-2.1042,3.03,-0.5952,1
-1.1205,-1.8948,1.8468,3.3428,1.5734,1.0438,-1.403,-1.3183,1
-1.026,0.74438,1.8822,-0.20107,-0.27243,10.121,4.1755,-0.81166,3
-2.5367,-0.36776,-1.9364,-0.69641,1.3819,1.074,4.7644,0.005026,1
3.679,2.4704,4.9783,2.8184,7.0436,-1.4864,3.9874,6.3847,2
-2.8536,1.6361,3.1044,0.42199,1.3768,2.9284,2.7067,6.2682,2
-0.060369,2.741,-2.05,4.8828,6.7146,-9.4103,0.36253,6.6527,2
-1.9797,2.4651,1.4796,0.067487,0.58025,-1.4199,1.4878,-1.3172,3
1.9959,1.6335,1.6387,-0.73875,0.20173,2.1495,-4.3232,1.8368,3
-1.7235,-0.55607,-0.60679,-0.085309,2.7459,-3.2747,-3.6937,8.1192,3
3.0677,-2.178,3.2964,1.6635,2.2441,7.2935,-4.6867,6.2583,1
-1.7624,-1.207,9.2675,0.74078,3.9394,1.3105,-3.9319,-0.14741,3
-2.3382,2.6288,-0.47546,2.9602,-0.16589,0.86361,-2.7638,-0.85349,1
1.3111,3.2854,2.67,-0.73714,-0.77247,2.7597,-1.7734,-0.7244,1
-0.33659,-0.79508,1.091,-0.17744,-1.8398,-0.27082,-1.0994,0.96296,1
3.4066,3.5516,3.9278,4.0274,5.5496,0.23035,-8.4341,3.5376,2
1.743,-1.23,0.8631,-1.7224,1.8358,5.0541,3.6667,2.3934,3
-0.72933,1.1109,0.88186,3.5712,7.0407,4.5291,-2.1266,6.0169,2
1.2095,2.824,7.5828,-1.2277,7.534,3.8526,3.7153,3.6801,2
1.0299,0.42783,1.0119,-1.7559,0.1747,-0.66462,0.83246,-0.78264,1
3.6881,1.913,7.6737,-3.2805,6.6645,9.8131,3.6854,0.45642,2
0.12868,-0.89231,-1.2659,1.5736,1.4948,0.43441,8.7253,8.8348,1
4.3845,-1.7458,3.0865,-0.033194,0.58915,0.25801,1.9004,-0.093604,1
-0.93215,-5.9301,6.5166,1.3848,5.8117,8.1477,3.761,4.249,2
-0.47986,1.4032,1.4142,-1.2553,7.7077,8.4196,3.6135,5.1684,2
-1.9358,5.0976,0.69493,-0.15887,2.6613,2.8553,6.8354,3.4463,1
-1.624,2.3644,-0.5116,0.15768,1.0326,6.5773,-2.2724,3.8593,3
1.6839,0.3398,7.5389,-4.1659,7.3126,2.4419,-1.3864,5.4793,2
-1.7543,-1.6016,0.28285,4.241,1.4395,-4.3474,0.2866,-1.2798,3
0.33583,1.7574,6.8557,5.1331,5.2358,4.9971,1.3133,7.0006,2
3.6753,2.6947,6.3714,-10.557,1.61,6.6746,3.6027,6.2564,2
-2.4745,-1.2394,0.96358,2.5998,1.7046,7.5511,-3.4823,3.8772,1
1.2921,-0.99009,1.6493,5.2797,1.908,5.2845,-1.2554,2.7916,3
1.85,0.032485,7.8834,1.9331,2.6851,8.3886,1.9651,7.3158,2
-2.6546,-1.1333,1.6638,2.0462,-1.4441,3.5094,2.0559,0.57075,1
-0.18263,1.2948,-0.94967,-0.40297,2.8915,-4.149,-0.12816,-0.52314,1
-1.1835,-2.5798,0.72025,1.58,2.2472,5.937,-0.40232,1.5504,1
1.9732,3.0516,7.8672,-8.2919,6.3755,2.6023,0.476,3.3026,2
-1.956,-1.2083,0.22759,-0.53031,3.8976,-0.66452,5.0329,-1.5025,3
-1.7209,-1.3038,1.9651,0.41857,2.7096,-3.2363,8.7128,1.6773,3
0.47698,0.90727,-1.8155,-0.97574,-0.90188,0.1813,1.4351,2.8888,3
1.4538,1.2771,4.148,-1.8583,2.9834,8.7729,1.6145,6.0645,2
-0.65296,2.1109,-0.9774,3.8278,-0.62809,-0.29512,-3.1636,4.8974,1
-1.1582,-1.2831,-0.083064,-0.37749,-0.71173,-2.4322,1.207,-0.80557,3
-0.18531,1.7736,5.7132,6.6738,6.3128,3.8603,3.6618,7.0039,2
2.019,-2.5284,1.9706,-0.68161,1.0488,0.79056,4.5923,0.89136,1
1.5242,4.3672,1.4065,1.2606,1.3637,0.85608,-2.754,2.6903,1
1.687,0.1419,3.7701,0.35429,5.5899,8.5162,1.1304,1.9093,2
0.80506,0.32543,5.3848,-0.69896,-1.4488,-0.80285,-0.13291,-0.60429,1
-2.4167,-1.9204,5.7396,0.85272,3.2341,-1.128,7.8965,1.1725,1
-3.7516,1.5401,5.4732,-0.46133,6.9531,7.7386,-2.2691,6.691,2
-0.68866,0.93537,7.587,-15.636,6.5602,7.4585,-0.22411,7.4654,2
1.9971,-6.9537,6.5953,5.6161,3.6646,2.3852,-3.6343,2.909,2
-1.157,3.4299,7.5299,-0.013665,6.1437,5.0768,2.1444,6.7736,2
-0.39995,1.2355,5.8733,3.777,7.5963,5.703,-1.0338,5.2509,2
1.8271,-4.0735,6.895,3.0783,5.8575,1.7635,4.4189,7.0164,2
0.90473,0.4543,-0.57259,1.7582,2.7791,1.41,-1.2689,-0.18399,1
-2.6476,-2.3934,-1.309,4.8683,0.69148,3.5189,-2.5418,-0.96337,3
1.4157,0.48596,0.82567,1.9378,1.4492,-4.8645,7.4247,1.5734,3
-0.41161,0.99095,6.3822,5.3804,4.5275,5.0287,0.62108,3.8016,2
-0.031451,-3.7434,4.6711,-0.31942,7.7392,6.0214,2.9763,3.2974,2
1.7863,-1.528,1.3132,2.3097,0.83763,-2.9777,-0.09059,2.4074,1
3.4703,-2.3403,1.6285,1.1684,0.82603,-0.61538,4.6336,-0.22741,3
1.0564,-0.58859,7.6383,4.7793,3.6769,2.9745,-3.0118,2.5661,2
-2.3111,-2.4323,0.12756,-1.0337,3.4485,-0.77356,-2.0199,-0.51784,1
0.024064,-1.1513,0.67624,2.1972,0.034183,1.418,6.2081,-1.0434,1
-0.30724,2.3534,0.30088,2.3165,0.90039,-2.8879,-0.14076,-0.084331,1
-1.4468,-1.9081,-1.4462,-0.68068,2.2388,-0.75661,-4.1925,0.11102,3
-0.58962,-2.493,-1.2166,0.2265,0.23863,-3.9999,-3.0844,-0.75027,1
1.2267,-2.902,3.1135,1.9063,1.1224,-2.9378,-3.6663,5.0147,1
0.48977,2.4101,-0.14523,4.9676,-0.3253,0.52632,-3.8413,0.80011,1
-0.49434,-2.5981,1.396,1.3243,2.3822,4.9629,-1.8086,1.784,3
1.4454,1.4576,-0.46235,0.76321,1.7662,1.3699,1.8022,0.17578,1
1.9607,0.18557,1.117,7.4053,4.4425,12.429,1.0846,2.3193,1
-2.2132,-0.38216,-0.40583,0.52153,-0.62506,12.476,5.5155,1.9506,1
6.3932,-2.1765,3.366,0.95022,-1.4436,-4.4367,3.3699,-0.8607,3
-0.74038,-1.0489,-1.1378,-1.494,-0.1262,-1.3644,9.0724,1.6049,3
3.7788,0.25524,1.2808,-1.1261,2.9731,-3.2106,5.3113,-0.32185,3
2.2427,1.5391,4.3412,5.5914,3.6072,8.2779,2.395,-1.6208,2
2.583,1.2826,7.0222,5.3943,6.7256,-1.3099,-0.22635,3.6525,2
0.42849,1.2902,-0.31857,-1.8247,2.1735,-1.762,0.96974,1.6475,1
2.8463,-1.6886,3.7344,2.3249,4.3429,5.8979,-2.4158,6.5382,2
-0.613,3.8721,3.6651,-0.59095,1.765,-2.7812,13.312,-0.95318,1
2.3379,-0.98524,2.5997,0.30991,2.1815,0.26167,5.1833,-0.75518,1
-1.1778,1.12,6.1054,-0.15992,6.5044,5.6153,-1.665,4.8509,2
-2.1492,-1.961,3.0564,0.61182,0.62423,2.572,4.5055,1.4723,1
-0.96046,0.74497,1.7024,-0.087564,3.3046,0.77269,5.1079,-0.91341,1
0.17304,0.50785,1.266,0.72242,3.3515,2.0818,2.4465,3.0939,1
-0.25464,1.8844,-1.3576,-1.5304,1.6612,-4.3121,1.4575,4.362,3
0.91285,1.6305,6.87,-6.3526,2.1056,4.7584,2.083,-2.7152,2
2.3912,-2.4034,0.70246,-1.4261,-0.007884,0.27374,-3.2557,1.6253,1
-0.089362,0.37035,1.5632,0.91993,1.2708,5.57,-3.7027,7.4432,1
-0.18016,2.9131,5.2933,3.5585,4.9841,5.8918,3.6477,6.7567,2
1.1755,2.3927,2.9428,-1.0062,0.11597,-0.75552,-0.32965,1.0148,1
1.6227,1.3263,2.3178,6.6028,6.2561,9.673,4.3361,6.5635,2
0.80889,-2.5891,6.074,-6.1452,3.1459,6.6066,-3.0216,4.1815,2
-0.3691,0.19084,0.17474,0.79654,-1.5036,-2.3909,12.732,-1.7923,3
3.2258,3.0213,3.8861,6.0618,5.8514,2.7953,5.2719,3.1546,2
2.1206,0.60028,2.9784,1.5323,3.9122,3.2694,0.13772,2.4224,3
0.48129,0.087576,-0.05573,0.63835,-1.7323,-0.88257,0.68276,1.7959,3
-0.7728,0.27176,1.4305,1.0301,0.21737,5.3158,9.5883,-0.14244,3
3.3997,0.91371,5.1191,2.7942,6.8146,7.8232,-2.3278,5.6859,2
2.2022,5.8998,-0.95384,-0.62194,-1.0423,-4.6706,2.794,-0.4532,1
1.9606,2.1255,5.3811,5.1602,4.8466,0.70858,4.9525,5.0708,2
3.7331,-1.7899,7.192,-5.9109,6.5178,5.0611,1.1543,7.1262,2
-1.4036,1.4759,3.6867,0.72891,0.85288,2.1171,0.61131,0.8776,3
-1.7066,3.8267,-0.79058,1.0769,1.0697,2.1416,-2.4362,-1.0857,1
4.6976,-1.6659,1.5931,0.60194,-1.0026,-1.6867,2.8316,-0.19006,1
-2.679,-0.5872,5.6397,-0.84223,-0.83459,0.7382,4.8462,-0.12075,3
-2.1715,2.1339,-1.0774,2.4165,2.6262,-3.2258,1.5179,-0.39921,1
0.41043,1.3723,4.1586,3.1179,5.1327,4.8928,1.5352,5.1383,2
1.2585,1.9599,1.1096,0.57574,0.49894,-1.4591,-2.6599,-0.8989,1
-2.4454,0.36076,6.6909,2.5509,2.6181,-1.7983,5.2364,-0.92509,2
5.3966,0.198,-0.33726,0.98038,-0.042141,11.75,3.6676,-0.041011,3
3.7685,0.55797,-1.5271,0.40431,2.7201,-2.5827,7.1857,4.1315,1
1.6068,0.77184,3.9087,1.1401,5.3262,1.4162,1.1167,0.86051,3
1.2575,-0.34101,-0.24724,-1.1734,-0.30344,-2.7701,-2.7102,-0.17006,3
3.6421,-1.7729,2.8514,-0.068885,0.82146,3.4872,6.552,0.65767,1
-0.81956,-0.19405,1.4744,5.726,0.29305,-0.51594,-1.7285,2.8711,1
5.0307,-2.7743,0.24856,0.74613,1.5923,-0.67535,0.0066,0.90619,3
-0.046354,-2.9471,-1.139,0.70248,1.3332,4.4908,-1.2703,-0.93201,1
-1.4749,0.32061,-0.77724,1.5913,1.8461,7.8696,4.0496,2.4725,1
1.0421,1.9638,6.814,6.4839,6.9657,4.385,4.7603,6.7062,2
0.90551,2.4693,-1.4499,-1.7307,-0.21564,1.1015,1.0826,0.47326,1
-2.2743,-0.80042,-1.1244,0.44381,-0.27666,1.3516,4.4399,2.2439,1
2.0878,0.70443,2.6081,3.2841,5.5895,5.8599,4.1281,6.4282,2
-0.93792,-0.016549,0.76782,-0.84748,2.6014,0.93315,-1.117,-0.98177,3
-2.1586,-1.3485,-0.008627,-1.3823,-0.21769,-0.37268,4.9573,2.988,3
1.9927,0.64427,4.8789,2.0422,0.71613,-0.75673,7.6445,-0.49771,3
-0.12273,0.85435,5.6535,-2.0428,7.6134,8.378,-0.83583,6.7738,2
-2.0466,3.6615,-0.1412,2.2129,0.97568,-3.4532,-3.0516,0.5707,3
-6.0979,2.4796,1.7902,3.038,3.0173,6.032,2.7203,0.28738,2
-1.396,3.5209,-1.7807,-1.0542,-1.11,-1.4768,5.108,3.5455,3
2.1684,1.7439,6.7093,2.9586,4.1168,5.5127,5.0099,1.2819,2
-1.3594,1.5454,3.7314,2.9905,5.5601,-0.20173,3.8224,1.3692,3
-0.49874,-0.53912,0.15219,7.0912,-1.2346,-2.0769,0.085118,2.4179,1
-1.8136,3.0363,-0.12898,0.91314,3.0353,-1.9005,-2.6773,0.98287,3
-0.43695,0.82485,6.3381,2.5297,5.4455,8.1231,5.2893,3.7553,2
0.71481,2.517,5.586,0.53637,4.7188,6.0182,3.3845,2.2725,2
0.95863,-0.57724,1.3485,-0.91454,3.4999,-1.5175,-1.1286,1.171,3
2.5817,2.4927,-0.91834,-0.33469,2.2103,-4.9383,4.105,1.1762,3
-1.0613,-0.91136,5.7397,4.842,4.5244,6.4986,-3.4992,4.2854,2
-1.2966,-0.70194,2.9386,3.8967,6.3124,10.347,1.3972,7.2109,2
2.1318,0.7601,7.8865,1.9533,0.72815,-3.484,2.0451,3.7679,2
-0.29014,-1.1222,0.52589,0.8556,0.3989,-4.0339,-0.42167,-1.7549,1
1.5046,2.9196,4.1823,-1.1292,4.1468,1.4195,1.246,6.0171,2
2.4135,-2.5543,-0.14171,4.9628,5.9982,4.9686,2.3853,5.5359,2
0.15708,2.2953,5.5499,-3.1151,5.6424,5.6746,-2.4594,6.8885,2
0.66674,0.82483,1.5074,-1.0607,5.5525,-3.4635,-0.19065,1.4778,1
-1.9143,3.7007,0.24357,3.1829,-0.28734,-2.1241,2.337,3.3688,3
1.1018,-2.6788,2.8163,1.0889,0.65748,-0.31968,0.92944,3.1596,1
-1.5915,-0.5578,2.7992,0.678,-0.6361,0.94199,2.1845,1.281,3
2.8758,0.63018,-0.025369,3.6772,0.8655,1.7275,-0.094222,3.4862,1
-1.0765,-1.3179,1.3526,0.56578,1.6492,0.96234,-4.9073,0.88048,1
2.37,2.9958,5.7419,-2.0045,4.9704,4.2027,3.1108,7.1454,2
2.4161,-0.16366,6.5063,-0.84777,-0.62323,1.7151,0.29347,2.3834,1
-2.0774,0.46973,-0.20689,-0.25465,-1.2664,-4.4687,3.9431,1.5235,1
0.89733,2.3223,2.6233,-12.114,5.0049,8.4983,-4.5851,7.0892,2
-1.2011,1.019,0.23296,3.6284,1.401,0.40914,-2.4768,1.7773,1
0.37615,-1.6248,-1.0618,1.2367,2.2953,2.8654,-2.3565,1.4073,3
-1.7715,1.9416,7.9269,-5.1578,6.3554,5.2673,2.2759,6.9241,2
-1.2779,-1.5363,6.955,-0.31439,5.0566,7.6669,3.8741,7.6317,2
-2.0424,2.7448,1.3312,-0.77276,3.1247,8.2977,2.9498,-1.3159,1
2.0355,-1.6983,5.8739,3.9619,4.5616,8.6511,-8.8787,7.0939,2
-2.931,0.24124,1.6338,0.1393,1.3321,5.594,-0.079747,2.5974,3
1.995,0.73575,6.8478,3.4497,1.6425,7.6007,4.374,-0.1821,2
-2.4947,0.55371,7.7847,3.058,2.6572,-4.1201,3.5541,-1.602,3
2.5458,-1.1064,0.18252,0.41553,-0.03198,-1.3616,-0.055162,-0.62507,3
1.2851,-1.1442,0.48598,0.37835,1.3587,7.1323,-1.5603,-0.16843,1
1.4459,1.8535,0.58347,-1.5548,-0.092015,-0.79686,-0.40697,2.6594,1
-1.7315,-1.071,-1.0057,5.0527,-0.80759,0.029707,2.6938,3.4099,1
-1.3353,2.4878,7.5878,-0.61307,4.2872,1.3254,2.9952,5.3251,2
-2.2397,0.69739,-0.42785,-0.13036,-0.47146,-4.0986,-2.2562,-0.10894,3
1.1491,2.3352,3.6863,5.3007,5.2533,6.3679,2.1668,6.3805,2
0.73629,-2.4415,-0.80908,-0.57101,5.0785,-2.5796,0.96759,3.587,1
-1.7865,4.453,1.5507,-0.51663,2.2284,7.8927,-1.94,-0.3334,3
-0.75062,5.8726,-0.21953,1.3266,2.701,1.0383,-3.8957,6.7748,1
1.4943,2.6906,3.9832,2.7622,3.1952,2.4395,4.7854,5.7139,2
-1.2203,-1.8762,2.3462,-0.38144,1.0084,5.4353,0.65184,-0.29601,3
4.1694,0.50798,0.55981,5.3487,3.9265,13.283,-0.63878,1.8715,1
3.4425,-1.9203,0.41496,-1.5541,1.1996,-0.98828,-1.8434,-0.98784,1
-1.4864,-2.4081,-0.51263,1.6596,-0.23661,-4.6008,4.1461,3.3162,1
-1.7488,-1.4958,0.75755,2.8659,2.1751,3.0843,7.4534,-0.4624,1
3.0969,0.5289,1.4052,1.877,5.7007,9.425,3.7117,5.456,2
1.7482,3.1002,6.052,-0.22017,4.1054,8.1071,1.0308,6.6257,2
-0.47098,0.18807,-1.8176,2.3557,1.6473,6.8265,-1.2496,-0.56489,3
-1.7519,-0.3956,-0.61931,-1.6318,1.1616,6.2049,2.5651,0.62696,3
3.2657,0.9848,0.31592,1.7669,2.2554,-1.3281,1.2001,-0.85343,3
-1.4464,-1.1432,-1.3359,-0.70833,1.1541,1.2303,0.13167,0.42552,1
2.3049,0.39534,1.674,-1.7979,7.4373,3.0954,-3.7139,5.2753,2
0.53595,2.7192,7.1871,-4.7882,2.8265,7.6988,0.69334,0.002695,2
-1.5751,0.92004,4.7247,0.9196,-0.95389,-2.9333,4.684,2.7319,1
1.5353,-1.4586,-0.64161,-0.48838,6.5107,13.371,-1.5221,0.39547,1
-2.3638,-1.0793,-1.198,1.4088,-1.728,2.0742,-2.3624,-0.54667,3
-1.9595,0.4487,2.8102,-0.29807,2.2943,7.4989,-1.7818,-0.24084,1
0.51267,-0.059089,-0.34428,-1.8726,0.097583,-2.7616,0.4226,-1.1491,3
2.3319,0.95216,-1.4382,-0.84734,-1.1145,0.12157,-0.98823,-0.61154,3
0.86229,-2.2651,1.2036,-1.6694,3.8329,12.126,2.1208,1.9542,3
0.68413,-1.7671,-0.63716,1.6183,5.1849,-2.2633,9.5858,3.2286,1
1.3836,2.801,4.2687,-10.547,6.1814,7.7435,0.54816,7.3895,2
0.7092,1.1197,-1.8366,-0.30659,-0.26727,1.9212,2.274,0.73978,1
-1.3894,-0.026401,-0.036566,0.98057,1.3354,-3.7901,-2.7768,2.8245,3
-1.9966,0.74423,0.19057,3.2562,5.3793,-3.6987,1.0624,-0.15728,1
1.9856,1.8651,3.5061,1.0626,5.3324,2.9966,-3.0729,5.9795,2
1.0549,-2.4695,-0.47318,3.3409,4.1671,-4.3346,-3.123,3.7543,1
1.3052,0.78808,0.80399,2.4897,4.4044,-0.84565,1.263,0.48746,1
2.6457,0.2309,3.2305,-1.4735,3.8717,10.268,3.0792,3.7278,2
-0.75055,0.41749,7.4648,-0.46985,5.3807,3.1633,-0.040949,5.2256,2
-0.61396,-0.49081,1.4634,-0.018187,1.1518,2.1158,4.646,3.3346,3
-1.2751,-2.7839,2.3724,3.0935,1.6339,7.3169,-0.36082,-1.5376,1
0.83346,2.117,4.1156,-1.8951,4.5571,2.5279,2.7841,6.6235,2
-0.46861,-3.3751,1.4675,4.2148,2.5796,8.34,0.89083,2.6217,2
3.6255,-1.3973,3.6977,0.29194,4.6507,3.4472,1.7916,4.2796,2
-2.179,0.69371,2.1123,-0.086264,2.6623,2.0474,3.5883,2.2456,3
-0.088915,1.5471,1.6347,0.98021,5.245,5.1509,0.77802,-1.2253,3
3.6036,3.6861,2.0021,-2.753,3.3534,7.5144,2.6645,2.1838,2
2.4909,2.9905,6.6388,-6.8754,7.7152,-4.5352,-1.1826,7.6703,2
-1.8836,0.28785,5.5346,4.1712,0.68267,4.9198,-1.5402,-0.072453,1
1.8856,6.7559,-1.1992,1.2268,1.397,0.13448,-1.0089,3.0706,3
1.5594,0.75614,4.777,-3.0461,6.9247,8.4678,1.9364,4.0096,2
3.3674,2.2886,1.237,1.3289,1.1014,1.6582,4.7983,-0.77817,3
3.1459,3.7979,6.8584,1.2794,3.0478,5.6407,-0.062924,4.8971,2
-1.1811,3.2119,-1.9944,0.23236,4.4615,3.4648,6.7131,-1.6577,3
-2.5086,-1.6726,3.6388,-0.37622,0.40344,0.19397,1.6137,-1.199,3
-1.7566,1.1811,-1.2858,0.07175,3.5692,-4.3626,11.503,-0.46081,1
-1.491,-0.064985,2.6113,1.1602,3.6367,6.761,-4.6888,-0.27099,1
-2.9702,1.582,4.4876,4.9729,7.4102,8.2029,4.4445,0.7505,2
0.96559,3.1087,0.1712,4.8507,1.5428,-3.557,7.4146,4.0868,1
0.077385,3.6548,2.2279,0.51067,2.777,-0.99968,-2.531,-1.8993,3
2.4475,-1.4386,6.6193,3.0467,7.424,3.9718,4.5982,5.666,2
3.1703,-6.009,3.8397,-5.3284,3.5935,3.9722,1.6263,7.3409,2
3.9387,2.1976,3.5922,0.59735,7.179,-5.6175,-2.1036,3.0031,2
2.2447,2.7989,7.2101,1.1755,5.672,10.461,3.0757,-0.92911,2
-0.76892,0.002265,1.573,-0.51852,2.9803,-1.1686,-3.8095,1.736,1
0.66897,2.4278,7.5755,1.1021,2.432,6.5538,3.7037,7.6389,2
-1.1257,0.59962,2.1369,1.0772,1.862,3.035,12.605,-0.31122,1
-2.3629,-2.8564,0.60259,-0.061257,2.3479,0.77623,1.4721,1.3654,1
-1.4281,-1.2647,-1.0038,3.0675,-0.37857,4.9268,-0.19462,3.5899,3
-0.90095,0.51661,-0.53415,5.912,3.4007,-0.39872,-1.1664,1.4343,3
1.413,-1.4463,4.9663,2.589,5.0455,0.48553,-2.3512,1.284,1
-0.75062,5.8726,-0.21953,1.3266,2.701,1.0383,-3.8957,6.7748,3
1.2851,-1.1442,0.48598,0.37835,1.3587,7.1323,-1.5603,-0.16843,3
4.9132,0.14959,-0.16712,-1.7312,0.89948,2.9847,1.3902,3.3483,3
2.3123,4.1392,0.12568,-0.54802,-1.2959,-0.85242,-1.2869,4.4313,1
2.1803,-1.2671,-0.41187,0.45127,-0.54325,0.16791,-2.1156,-1.3806,3
-0.034799,0.035303,-0.17321,1.1828,1.0008,-3.7384,-0.003672,-1.4523,1
-0.023486,-2.2288,-1.1324,2.1197,0.42568,2.6855,-1.1732,-0.4843,3
-2.133,2.3191,0.41688,-0.4622,-0.52955,3.8902,2.0242,-1.0478,1
-1.4915,3.1461,2.1594,-1.2582,4.5602,-1.2918,-2.0879,-1.1525,1
-1.4315,-2.5296,1.1909,-0.7321,0.69307,4.4562,5.9319,-1.1519,3
-1.4823,-0.17323,-1.8564,-1.0435,4.5055,-2.5479,-0.065706,-0.5135,1
2.1941,1.6247,5.1423,3.1625,4.1502,9.3986,-3.3023,3.5393,2
-1.2597,-1.2462,1.8146,0.13973,0.9099,3.1438,10.657,-0.8946,1
-2.3924,3.8312,7.1213,-12.238,1.8055,4.7965,2.4898,4.1984,2
-2.3261,-1.1464,-0.90218,-1.0311,2.4331,0.54576,0.73935,-0.31512,3
0.042614,-1.0648,-0.56663,-1.713,2.9472,0.31147,-3.7392,0.86452,1
0.49465,-2.5555,-1.4714,0.59868,2.0169,-3.1986,-1.9734,-0.85889,3
-1.3368,1.8492,1.2621,4.1577,-1.1231,2.9388,-2.9451,-1.2229,3
1.7909,0.062944,5.9682,-1.806,2.3826,7.8213,-1.5158,7.697,2
2.7561,-1.2962,-1.1119,-0.046209,0.63882,5.0603,-0.46266,1.9252,3
-2.1326,-1.6596,2.8225,0.062256,-1.9451,-0.63792,-3.6152,1.7095,1
2.7058,2.8175,7.1841,5.9773,6.6423,4.3757,0.82936,6.8738,2
3.2471,1.2327,6.5465,1.925,5.7225,4.073,0.064437,4.8553,2
2.4075,-1.4875,6.1183,0.064976,-0.008331,0.41175,3.3108,0.095681,1
0.26654,-0.50549,-1.1422,1.4068,-0.062015,3.214,4.3894,2.3347,3
0.53882,2.905,6.6524,2.5743,5.4636,-0.12149,4.229,7.3792,2
-2.7185,2.9913,7.7764,3.2128,6.2301,10.842,3.405,3.7024,2
1.0472,-2.2648,4.3857,2.3773,1.9275,0.3072,4.2143,0.4763,1
1.4622,-1.6096,2.0326,3.398,6.0568,8.8481,0.78372,4.2794,2
3.2077,-2.0361,3.3589,0.004959,4.9235,3.9746,-3.5414,1.1048,1
-0.84895,1.1955,0.31634,-0.12597,-0.071979,-0.48028,0.55727,6.6136,3
-0.20739,1.1373,3.0671,3.0145,1.8449,2.5293,-2.4591,-0.065149,3
0.078159,0.85301,-0.29279,1.2522,-1.1199,-0.82402,0.27448,1.0552,3
2.7394,0.4517,0.33958,-0.083347,5.4252,-4.0056,4.2242,0.27101,3
1.5633,-1.0061,7.0539,-0.93998,5.6069,9.8501,1.8723,6.196,2
1.0946,2.2388,4.5919,-2.6129,6.5591,8.1973,4.7704,6.9623,2
-0.86121,-1.5086,2.9861,0.27245,-0.29807,-1.5082,0.42579,2.236,3
-2.5793,2.4463,7.2735,2.3591,7.202,0.005453,5.3586,5.6458,2
-0.2189,0.22747,-1.3105,1.2898,-1.1459,-4.9001,5.1407,-0.81711,1
2.493,-2.3409,-1.54,6.3029,2.326,8.1411,0.17585,-1.4711,1
1.2678,0.67082,0.30423,2.4383,8.1255,-1.655,1.7887,2.4397,3
1.2515,-1.9896,0.48302,-0.36255,0.028617,5.6299,-3.3416,-0.25761,1
0.6275,-0.69115,2.2761,-1.0821,-1.2932,-3.4687,-3.3552,0.36414,3
-0.90362,-2.4252,1.9204,0.9302,4.9332,-1.0347,-2.8717,1.2646,3
-0.59695,2.1098,-1.1399,-0.26519,3.9527,-0.003953,-2.363,-1.3106,1
-0.87938,-1.7931,3.1491,-0.092563,-0.97618,2.6874,1.1886,2.0122,1
3.8277,-0.57354,1.843,1.3992,4.7461,-0.44178,3.1114,-1.6976,1
-2.7281,2.566,3.6886,2.8308,-0.11669,-2.3964,2.9041,-0.65273,3
0.20654,-2.9579,0.32757,3.9075,0.20265,12.058,1.242,-0.15979,3
-2.1212,0.54672,0.31776,-0.90877,0.7626,-1.234,-0.93577,1.2503,3
-0.85002,0.032486,-0.31781,-1.1736,3.7611,-2.3796,3.5015,-0.40484,1
4.303,-1.3306,2.2515,2.3649,-1.4314,-2.101,-2.532,2.4326,3
-0.79064,-2.8453,4.7722,4.0322,0.39796,4.0549,0.71884,0.4708,3
1.1562,3.2373,0.46687,-0.87159,3.0442,-1.3204,3.4684,2.3127,1
1.641,-1.2466,-0.34655,3.6686,2.7202,0.17575,3.4717,1.566,3
-0.27775,1.1655,6.5898,4.8721,4.1102,-3.693,3.0327,7.067,2
2.5483,-0.81131,2.3586,6.6061,-0.23584,-3.8757,-2.6695,-1.0612,3
3.3983,0.59598,0.000206,2.5822,2.5994,3.402,-3.0651,4.7953,1
2.5653,-1.7039,-1.6342,2.5322,5.0724,0.37105,1.8601,-0.079233,1
-0.81863,1.3472,6.1154,2.7424,5.0965,-1.5813,3.3596,7.0481,2
-1.652,-1.3924,1.013,-1.2516,-1.2415,-3.011,-3.5921,-1.1264,1
3.1829,0.37849,3.6885,-10.624,6.2407,7.1208,-5.1117,3.1241,2
-1.1379,1.3718,6.0507,-0.90918,1.168,-4.6203,-3.2758,-0.44162,3
1.3144,2.7474,1.4869,-0.58904,-1.9319,6.8208,9.6908,-1.005,1
2.2805,-2.4414,-0.11402,-0.71947,8.1823,-3.147,0.11724,2.6774,1
-0.16856,-1.7803,1.2671,2.3882,-1.8348,-0.54579,10.029,1.0074,1
-2.3981,-2.5259,0.81148,-0.87002,2.4003,3.9765,3.399,-1.1816,1
3.267,4.0867,4.6969,-0.17657,5.0976,-2.9081,6.056,-0.49423,3
-1.601,4.9933,3.4599,2.5495,-0.20158,1.637,-2.4892,1.189,3
-0.44126,-2.3248,-1.5767,0.10713,0.61813,-2.0081,6.0505,-1.0312,3
2.562,-0.90183,5.6736,-7.0443,7.8187,7.6806,2.4742,5.1922,2
0.81646,-1.548,-1.3382,1.4016,-0.34452,-0.80754,-0.87183,-1.0762,1
-1.8447,2.4279,-0.48866,-1.2746,-1.3478,-3.45,0.21783,0.43298,1
-0.70509,5.2044,-1.0347,2.2761,0.21452,3.947,-1.6403,-0.37044,3
3.0541,0.61637,4.1218,5.2358,1.7491,4.7636,-1.6963,6.2097,2
2.6742,0.51693,5.9352,1.2675,6.6049,9.4872,2.8072,3.5966,2
-1.3842,-2.9929,2.5373,1.5056,3.0859,-1.9185,3.5752,3.4075,1
1.1992,2.9968,2.8983,1.5896,7.044,9.3346,4.5005,4.5741,2
-0.15797,2.2173,4.4022,0.54917,-0.59693,9.2528,0.98176,2.7677,3
5.1348,0.49083,1.611,-0.51508,1.1768,1.4938,2.5862,3.1877,1
-0.96274,-0.5382,2.562,6.9026,0.71592,3.4229,-2.7461,-0.087382,1
2.2829,-1.4336,0.40463,-0.12454,0.51936,-3.5599,3.5337,5.5562,3
0.78785,1.7528,-0.27553,5.7021,-1.4007,-1.4583,14.742,3.4604,1
3.2534,-0.23685,0.29924,0.96374,1.76,3.8222,4.0005,2.4409,1
-1.0386,-1.184,1.4442,-1.823,1.3089,-1.5461,-3.1174,0.81111,1
3.1939,3.6764,3.9953,1.7603,3.5094,6.8873,-0.084165,-1.4354,3
2.24,2.4156,3.1645,3.8548,4.2784,7.5615,-0.098217,6.3985,2
-0.50766,1.9668,4.4449,0.19016,0.5998,-2.9734,-3.4147,-1.0203,3
3.4449,-0.26292,3.9179,-1.0391,5.2957,6.268,1.2996,5.4661,2
-2.0189,-1.4051,-0.29854,4.3805,2.3544,-0.29449,-2.3649,-0.24752,1
2.7561,-1.2962,-1.1119,-0.046209,0.63882,5.0603,-0.46266,1.9252,1
3.0503,-0.090878,3.425,-0.007684,5.3761,4.8832,2.8464,5.7478,2
-0.037743,-0.42802,2.9765,4.0579,6.0038,2.8658,0.79162,0.32862,1
0.31177,-0.43708,-1.082,-1.8881,-0.4715,-1.0786,-3.8264,3.3429,3
2.7454,-0.19409,6.0531,0.86396,2.1013,0.97058,1.7791,6.8854,2
2.304,-1.2337,7.5092,-0.11701,4.7898,6.2947,0.52614,0.2291,2
-0.24942,0.68626,-1.344,2.4547,-1.7371,-0.6332,-2.7688,0.90313,1
4.8497,-2.9186,-0.72909,-0.28458,0.17756,0.61128,-2.2265,-0.70294,1
-0.95105,1.9353,2.0442,4.4444,-0.1251,-2.6944,8.601,0.65617,3
-1.6701,0.66945,-1.4293,8.9242,3.1424,3.8451,-1.9345,-1.8938,1
1.6466,1.7648,5.8269,5.7605,6.6281,2.783,3.6218,6.2247,2
1.4454,1.4576,-0.46235,0.76321,1.7662,1.3699,1.8022,0.17578,3
1.0792,-1.0998,-1.1002,2.5894,-1.1764,2.6562,-2.0904,0.61206,3
0.59137,3.6272,2.3042,-0.10201,7.5666,5.7801,1.7753,1.9349,2
0.41302,-0.61722,3.295,-0.10506,0.24638,-0.96778,-0.35437,-0.88937,1
-2.8839,-1.1722,0.75572,1.9759,0.44003,-0.80766,5.6931,2.0727,1
3.2467,4.3122,1.2247,0.30241,-1.7559,5.0153,4.8079,-0.87257,3
-0.23511,1.8986,-0.56229,0.88281,0.081197,-2.6948,7.0004,-0.97277,3
-1.2819,-2.0889,1.7001,4.6457,0.63149,5.2608,5.5763,5.4461,1
2.8012,2.1139,5.892,-2.2887,3.7089,5.6442,0.004338,6.0645,2
0.35735,-1.2252,7.0313,6.0824,1.0096,2.1588,0.033214,0.44987,3
3.077,-0.61641,2.6684,-1.2803,0.10582,8.9564,-4.4172,3.81,3
0.70417,0.073771,2.2074,5.7342,1.4254,6.3709,-2.4351,-0.88146,3
-0.38884,0.62711,2.0861,1.2899,4.118,4.9322,-0.44692,1.9715,1
3.8626,1.6015,6.2246,2.4027,5.5797,1.6624,2.1888,7.2426,2
2.8532,0.62825,7.9163,4.7891,6.8703,5.6354,0.043118,7.3389,2
-0.34216,-1.9446,1.3513,-0.36216,0.54023,-2.218,-0.99466,0.030911,3
0.52249,1.7872,1.5728,-0.77251,0.76329,6.5534,4.8198,1.8476,3
4.9616,1.0819,0.61672,-0.46641,-1.2424,-1.9462,-3.5097,5.9459,1
5.0384,-1.5836,-0.77889,1.6326,1.0137,-1.4382,6.7448,3.1824,3
-0.4515,1.7669,0.41307,-1.1004,1.4533,-1.2605,5.6405,0.26577,3
2.8909,-0.13275,1.7573,1.1165,-1.9572,9.5057,0.38829,6.7642,2
-0.87982,-0.55403,3.0973,0.11096,-0.69166,-4.3956,6.2938,1.2747,1
1.6898,2.1696,3.1306,3.4023,4.8932,1.505,4.8605,3.8577,2
-1.047,-0.79724,1.6555,-0.38212,0.43233,7.4508,-0.95251,0.159,3
3.3594,1.3147,2.4738,-2.3639,5.4742,7.5427,4.8394,6.9786,2
-1.3748,-0.30933,2.0649,1.7249,1.2986,4.7043,5.8283,0.43833,1
0.14184,1.3592,2.523,0.003818,0.24825,-0.62777,2.0942,-0.46609,3
1.9522,-0.057507,5.9388,2.4477,6.7737,3.0639,-1.8567,5.1515,2
-0.87602,-0.32319,2.0453,-0.32554,4.2371,-0.98587,14.018,2.4558,3
0.73973,0.68944,0.024783,0.12567,5.7107,0.68466,4.7966,1.8293,1
0.27565,-0.34002,3.6553,-1.9205,-0.11884,2.2085,-3.4609,-0.79514,1
-1.9769,-1.1315,-1.8823,0.28804,1.9334,3.1405,5.2235,3.8655,1
-1.3874,-2.321,-1.1078,4.4239,1.322,-3.0513,7.8176,-0.016815,1
-0.91512,-0.23462,3.9624,-1.101,1.5814,5.8968,1.1407,0.20538,1
0.89813,2.227,3.7166,5.5761,5.6305,7.3714,-4.6099,5.1886,2
-1.4217,0.38891,1.4091,2.2568,3.827,0.35387,-2.0708,-0.10658,1
-2.0703,2.7683,7.3398,2.7457,-1.3515,-0.39413,2.9437,3.815,2
-1.1984,2.5317,-0.96453,-0.53357,-0.4904,0.48837,-0.016881,-1.4478,3
0.92765,-2.8536,5.7688,4.5578,5.9941,9.2667,4.2744,5.7703,2
-2.7809,-1.816,2.3896,4.4112,-0.43935,-4.2927,7.5118,-1.627,3
2.5026,-1.7954,4.523,1.1022,0.22585,-0.64953,0.86495,4.0245,1
-2.9303,-0.38769,7.0901,0.94232,6.0251,9.2427,2.1986,4.545,2
-1.1931,2.3377,2.3936,0.885,2.4873,-3.2426,2.0461,2.6938,1
-2.0844,1.5192,6.6227,3.5073,6.2905,1.9661,-5.8303,3.2731,2
3.6471,-1.5263,4.134,-1.6816,1.1642,7.0164,-2.3716,4.8634,2
0.7895,-0.28834,-1.7944,2.5673,1.4605,1.6099,-4.292,5.0189,1
-1.8528,0.16302,-0.5497,3.516,5.662,-0.079665,-3.6238,0.036124,1
-2.1634,0.30568,2.491,1.6189,2.5721,10.431,1.4364,3.8777,1
1.0608,0.99441,5.4617,-4.909,2.5008,9.2557,3.2233,1.8046,2
-2.9294,-1.8788,-1.8558,-1.1182,0.53548,12.022,-1.8675,-0.37293,1
3.7534,-1.4916,4.1922,1.2737,-0.09573,1.5651,8.2393,-0.8322,3
-1.0561,1.2429,7.0934,-7.0363,1.0973,2.0426,-2.1393,5.5876,2
4.9079,-0.52988,0.98604,0.14534,1.2777,0.5423,2.0517,1.576,3
-0.01548,4.3443,-1.0295,-1.3636,0.32923,-0.60785,-3.9753,0.82595,1
-0.59445,1.8657,-0.46164,0.60847,1.0912,-1.5665,3.6621,2.6077,1
3.0448,-1.8997,-1.1026,1.0721,3.7429,-2.0426,0.087943,2.6601,3
-0.33547,-0.30754,1.8669,0.14452,-0.49123,5.4331,-1.3812,3.826,1
-1.4294,-2.449,-0.97938,0.45056,-1.2664,-0.73351,-3.954,0.70132,1
-2.0723,-0.55159,-1.3335,1.7962,2.4763,-2.0539,9.5164,-1.207,1
1.9668,0.066646,7.4775,6.0614,5.0716,7.2666,4.5695,5.9694,2
-1.365,-0.74412,0.91979,-0.33963,-0.31471,-2.8804,-3.6064,-0.25044,3
-0.98271,-1.7919,-1.1268,-0.35329,-1.8066,1.3665,2.2757,0.29904,1
-1.858,-2.3073,3.3426,0.46922,4.9059,4.9292,-0.19822,3.4982,3
-2.2397,0.69739,-0.42785,-0.13036,-0.47146,-4.0986,-2.2562,-0.10894,1
3.0799,2.2311,-0.71194,2.111,-1.4081,0.38393,3.9893,0.077547,1
2.3704,-1.7686,3.4693,0.24091,3.5455,0.84951,-1.4524,2.9167,1
-3.6352,3.0414,5.1748,2.4933,7.1283,0.2523,1.6504,6.4462,2
-0.61993,0.73936,0.17648,0.44593,0.96937,10.831,-3.7553,2.6794,3
5.1087,-1.4403,2.4799,0.23314,1.8889,4.9358,-2.5823,-0.41812,1
-1.5207,0.97476,-0.61538,-0.54377,2.5619,-2.9222,1.7674,6.4899,3
0.38723,0.58757,4.5685,-0.079743,3.8121,1.7144,-4.5379,5.1646,3
0.45265,-1.8549,-0.61454,4.4012,2.1452,0.74455,3.6008,-1.4765,1
-0.093412,-1.8256,4.219,-1.7791,0.91394,-0.35,-1.8703,0.32459,3
-1.3573,-2.5232,1.3823,-1.1794,0.027211,2.8499,0.51964,-0.55113,3
-2.6276,-0.17003,-0.5287,-0.68113,2.655,4.443,-2.0081,-1.148,1
-1.1053,-1.5676,1.1271,2.743,-1.8001,6.9547,-0.58178,0.37349,3
1.1467,-1.1297,1.3476,-1.3589,-0.12219,1.4412,13.063,2.13,1
-1.5564,0.15964,3.4482,0.25457,1.5491,-0.18608,0.15304,4.5838,1
-0.41823,0.76288,-1.4833,0.48174,4.5049,-0.57144,2.4262,1.9102,3
-1.3156,0.35861,6.8813,4.3891,5.8708,9.2815,2.6213,2.7595,1
0.49251,-1.2573,7.6652,-0.41439,-0.52408,-3.6657,10.793,1.6673,3
1.3989,3.6322,-0.03944,1.356,0.64542,-2.6092,-4.3749,6.1666,1
-1.7551,1.2172,5.5043,2.0434,4.0996,7.9787,2.6238,5.8318,2
2.4366,-2.8821,4.8684,4.0923,5.7585,7.5794,3.2701,5.4495,2
-0.52373,5.8488,-0.71822,2.6565,-0.20254,5.4239,9.0893,-0.49296,3
-0.8787,4.2732,0.17306,0.95814,-1.4305,-4.1397,-0.14868,1.5403,1
2.7826,1.5333,3.8364,0.017054,2.8643,5.0505,-4.0298,-1.1958,2
0.2407,-0.56585,0.058109,1.7657,0.67555,-0.001752,-2.1159,0.68077,3
1.3126,-1.8976,5.4069,-3.4512,6.5,0.52414,2.2516,4.0255,2
-0.63123,-1.1313,5.8904,0.93941,5.1452,0.20329,1.5346,3.4771,3
-0.10626,3.8079,-0.86885,4.1839,0.99865,0.30311,3.2748,0.75706,1
-2.3714,-2.0791,-0.59358,0.82666,2.3628,-2.3159,-0.72959,4.1921,1
-2.5587,-0.17366,0.421,-1.7283,2.9618,3.441,-3.6628,-1.6094,1
0.032073,2.2814,3.3864,0.038676,-0.83619,0.15512,2.8005,-1.5677,3
-2.5518,2.7699,-1.4848,4.5619,-0.1868,-2.5596,-2.2289,2.0456,1
2.2707,3.3513,3.1719,-18.431,7.2674,1.8559,2.3803,5.6154,2
1.0236,-0.1674,2.6743,5.9362,7.1248,5.3235,1.0008,4.8191,2
2.6226,3.3324,5.9182,3.3045,4.7699,7.1579,-6.5655,5.1293,2
-0.39788,2.6474,-0.73366,2.7761,1.2224,8.0474,0.016952,-1.007,3
-0.1448,1.0699,-1.1749,-0.39917,2.3901,2.4299,-3.3338,-1.461,1
-2.4641,-0.46374,-0.36803,0.47068,1.358,0.99445,-2.9234,6.7627,1
-0.12152,-0.51823,0.21487,-0.70114,3.5984,5.4177,0.67338,1.0191,1
0.083158,0.65179,1.8662,-0.15827,0.51524,0.29019,1.7514,1.707,1
0.29209,-0.065862,1.0457,0.051372,-0.23906,-1.7214,4.6056,-1.8746,1
-2.2178,1.5662,0.41619,1.032,3.4232,-0.82697,-1.3276,1.4302,1
-1.3696,2.0602,2.6274,0.74501,2.342,-0.29011,-2.8808,1.0617,1
-0.87583,-2.2024,2.4831,-0.36324,2.0546,-1.4728,-0.46735,-0.76517,1
-0.6578,0.52327,-0.66325,-0.57978,-1.6437,3.5617,-2.9398,-1.1667,3
-2.1059,5.0842,-1.6971,4.4235,1.8038,2.1502,3.4499,-0.61312,3
1.3482,2.2034,3.8765,-2.7434,4.8709,10.127,-1.7485,2.6374,2
-0.55612,-0.51048,0.060883,2.297,-0.38768,9.8439,-1.2633,-1.0053,3
0.88628,-0.90174,0.19866,-1.0344,2.7756,-3.0125,3.2028,0.23828,3
0.20069,3.4294,1.2421,-1.8488,2.6005,3.2532,0.89671,6.4927,2
1.1237,0.2743,-1.2539,-0.029232,1.8533,-3.2068,5.7323,-0.40415,1
1.4097,2.6693,5.331,-3.8614,5.8064,3.1467,1.3516,7.5712,2
0.63775,1.2922,2.2335,1.2981,3.2667,-3.414,1.647,1.3321,1
3.3087,3.4982,1.2816,2.5512,-0.62018,-2.1488,-3.7882,2.3255,1
-2.508,3.4529,3.3516,-0.25061,6.0216,8.4915,0.95605,5.3477,2
-0.55612,-0.51048,0.060883,2.297,-0.38768,9.8439,-1.2633,-1.0053,1
0.2569,1.5104,7.6803,-2.6483,4.1468,5.0392,3.8249,6.5199,2
2.199,2.1452,2.1072,-5.7702,6.5565,10.756,5.1371,4.0143,2
-0.095332,0.73196,1.9357,-0.81247,-0.059439,2.1325,0.57871,0.025684,1
1.133,-1.2856,-0.225,0.9563,2.7508,0.083156,-2.9422,-1.1554,3
-0.017515,-0.1769,5.3462,-1.4386,2.617,6.5004,3.4581,7.7197,2
1.2381,1.9033,3.404,4.9124,6.2508,8.5176,0.86584,6.2788,2
1.6547,-1.6453,0.52674,2.7512,-0.65329,0.78739,7.3282,-0.058125,1
1.163,3.7201,7.0446,1.8352,4.2809,1.9884,-0.18477,4.5086,2
1.837,-0.007515,5.7105,3.1024,4.9865,6.6447,4.469,3.0673,2
-0.90712,2.6428,1.1466,-1.113,0.13252,6.5886,8.5961,3.9942,1
0.30798,2.2964,6.0261,2.8201,6.2176,7.7225,1.4092,6.1354,2
-1.9712,-1.669,-1.2936,-1.2517,0.72558,-2.234,6.8235,0.7208,3
0.25524,2.4732,6.2528,1.6184,6.852,-2.2216,0.78972,2.3351,2
-0.76505,-2.466,-1.6962,1.1298,-0.26952,-0.8388,2.75,2.1637,1
-1.398,-0.78131,0.72711,1.5054,1.2511,7.5921,-1.4301,-0.53953,3
-2.7077,0.82077,0.056876,5.9053,-0.027534,-0.98989,9.2698,2.9285,3
2.091,1.5799,6.0826,4.5806,3.9395,1.5868,1.243,6.2137,2
0.53347,-1.5028,0.51988,0.57634,4.5039,-1.8667,6.5862,0.83422,1
-2.5023,-1.829,0.98311,-0.79246,-0.20535,-2.1092,1.7535,1.5902,3
3.2652,1.9641,5.2312,6.1318,4.3789,5.5927,0.28377,6.0406,2
1.1754,1.3047,-0.95426,1.0748,-0.74426,0.24435,3.5733,-0.65187,1
-1.9603,1.0089,-1.6726,6.6654,2.8904,-1.2821,-0.47048,2.314,1
0.82419,-1.3561,-0.97128,1.1118,1.9605,-0.87407,-0.51547,0.16788,1
1.3382,1.0999,1.1096,3.5026,-0.95631,3.0223,-0.42099,3.7154,1
0.36899,5.5519,0.61879,-0.83516,1.8463,-1.7129,-2.8566,-0.19537,1
-0.8099,0.89512,3.399,-1.2127,3.212,6.5899,-3.5137,-1.0213,3
-0.22043,-1.3262,-0.26593,0.42274,0.13052,-1.8777,-1.1551,-1.7238,3
0.35951,3.5902,4.0432,-1.3615,0.81885,-0.89874,-1.969,-0.94112,3
0.91274,-2.8621,-0.92516,1.466,6.3536,2.6249,0.00781,0.13878,3
0.33618,1.3452,6.4111,1.2801,5.9735,7.9279,3.5172,5.7569,2
-1.4078,-1.4807,1.3332,-1.0926,-1.4191,3.5541,-1.211,-0.98761,3
-1.0466,-2.6885,2.8862,-1.028,4.4916,1.3145,-1.3752,-0.64636,1
1.601,-1.7677,-1.684,0.336,4.18,16.214,-0.16651,1.5278,1
-0.7878,0.041657,6.018,-1.6939,2.9015,7.6691,0.45983,5.1268,2
-1.7336,-0.84827,1.7085,3.744,-0.67662,5.0962,0.89676,0.48668,1
-0.35555,1.004,7.0945,0.94576,0.87012,-2.3394,2.5806,4.6019,2
-1.3173,4.0266,1.1481,0.66589,-0.23148,1.54,-1.1725,0.006683,1
-2.0702,4.2757,2.3194,4.0514,1.1276,1.4547,-1.0586,0.3539,1
0.57926,-2.2555,-0.4195,-0.27996,2.0897,3.6298,0.71951,-0.64564,3
3.638,0.025838,-0.1194,0.63685,1.8715,3.8721,5.7577,2.111,1
-0.3897,0.97704,2.3724,5.1616,0.57005,3.1617,-2.7207,-0.13578,3
-2.644,-0.75367,1.8911,0.74462,5.0983,-3.9239,-3.5289,0.55435,3
0.69789,-1.148,1.0893,0.82008,-0.50704,3.0102,-3.6976,1.6105,1
3.1586,1.0598,5.7144,2.9678,6.7817,6.7278,1.4961,5.4666,2
5.2093,-2.0427,1.2888,-0.64802,1.5357,2.1411,0.31823,2.0024,3
1.841,1.9209,3.7654,-0.7033,4.8124,8.6648,1.827,7.1807,2
1.8565,-0.045278,4.5599,0.23999,6.2721,7.6766,1.7687,3.8371,2
-1.0782,-0.46153,1.7861,0.2024,2.1311,7.6694,-0.20722,0.32631,1
2.2055,1.2585,-0.29975,5.9956,-0.76953,-4.5304,0.08309,3.643,1
0.68144,-1.562,4.9824,1.1781,4.1443,3.1162,1.0981,5.0502,2
1.6328,0.95921,-0.74696,-0.031996,1.0912,-1.2856,-3.0438,1.002,3
-0.096504,1.866,6.5549,-3.6633,5.5702,10.936,-0.98371,4.0712,2
1.6859,-1.8087,3.5134,-1.8956,0.97493,-2.8579,-1.433,1.9665,1
-1.2768,3.2573,-0.57864,1.457,1.255,-1.2398,0.76816,1.5059,3
10.688,-1.1944,-0.94306,7.7809,7.118,-0.36541,-4.5426,-0.17327,3
0.41445,0.32031,5.0014,1.962,1.3445,-0.17407,-1.3207,0.43362,3
1.4161,-1.5742,1.1609,-1.0127,3.758,5.5571,5.4465,1.9277,3
-1.2789,2.5976,3.6936,2.8366,4.493,8.4202,1.3832,2.6734,2
-1.9431,-0.97384,-0.35582,-0.17893,-1.2536,-3.7331,3.4549,1.9823,3
-1.5855,-1.9233,3.659,-0.5792,-0.98047,-3.5142,-3.6374,0.63626,1
-0.40845,-1.2483,-0.54333,2.1856,0.56602,1.4314,-1.3887,1.0304,1
-1.585,-1.1927,1.2696,3.8461,-0.8218,-0.12463,-2.3217,4.9557,3
-1.1977,1.6222,2.9206,-2.511,5.1686,9.1762,1.2732,5.812,2
-0.89922,2.7676,-0.052711,-0.91331,1.9033,-2.431,-0.39859,2.3576,3
6.0002,-1.3094,1.0162,-1.1921,2.2101,3.452,-2.209,1.9705,3
-1.892,-1.2694,0.67024,-0.49654,6.2613,3.9561,7.1195,-0.63662,3
3.2006,-2.0568,1.1199,2.1448,-0.68128,-3.4679,-2.3816,2.1729,1
-0.96275,1.0538,0.21596,-1.6651,-1.0359,8.689,-0.62328,3.9319,1
3.6339,-2.4446,1.1322,4.9357,-1.4266,-1.5779,-0.66903,-1.1555,3
-0.90263,-0.74619,-0.69769,-0.67161,4.1549,-0.34679,3.4726,-1.3572,3
4.2374,3.9342,3.274,-1.6411,1.4959,0.001201,-3.8479,-0.65913,3
-0.31292,-2.0357,-0.92452,4.835,5.3651,-1.8098,-4.4793,-0.21291,3
3.8161,1.2822,6.1444,0.37508,7.0697,-4.4123,4.6023,4.7156,2
2.3498,-1.6726,2.6056,-1.9399,3.9723,5.1411,0.034361,-0.20956,1
2.331,1.2819,7.2202,0.49359,4.4521,2.8315,1.6254,3.2199,2
2.9735,0.057847,4.206,1.8198,0.7095,-1.1199,1.3106,-0.97884,3
-1.6468,4.2139,-0.86608,-0.85706,2.0831,-0.42965,3.8826,2.8093,1
0.81364,3.4107,-0.51246,1.0358,6.3804,6.8415,-1.2912,3.0539,2
3.5778,2.2153,3.5398,4.829,6.8624,5.0712,0.45927,6.6646,2
2.7562,-1.7802,5.5147,-0.80438,2.5726,-4.1197,-1.2786,1.1583,3
1.4455,2.3121,4.6883,-4.1047,3.0811,2.6732,-1.0298,6.9424,2
-1.7244,-1.4243,-0.88639,0.19996,0.86124,-2.2675,0.20896,-0.45558,1
2.7708,2.2957,5.841,7.0064,5.5373,4.2327,0.12533,-2,2
2.5181,0.86557,5.2411,2.3013,3.8427,7.6465,-9.4986,4.9966,2
4.4523,0.92789,3.3554,1.1348,0.30619,-4.2363,0.64007,-0.70024,1
0.12117,0.001449,0.52713,1.3398,0.56606,-4.879,5.0502,-0.35068,1
1.3827,0.71173,3.4945,-0.85922,-0.17044,-1.601,-1.1454,-0.41685,3
3.3734,-0.22464,7.0146,4.2221,3.7731,8.614,-1.7541,4.4842,2
0.65959,-1.0913,-1.5918,-0.97807,-1.54,-1.3766,-0.57853,1.7406,3
0.012122,-1.0875,1.1431,-0.64307,-0.073691,1.2145,-1.7286,-1.3739,1
-1.3134,1.4781,-0.97031,-0.34223,-0.63998,-0.76391,-3.0536,8.7045,3
-0.83278,0.5379,0.37377,-0.090682,-0.22941,-3.1751,-2.5097,-0.18151,1
2.9976,1.8041,6.0249,3.5136,6.1197,8.9225,-3.3044,6.8808,2
2.8131,2.7199,2.8351,5.9046,4.3778,8.4546,-4.7101,5.5926,2
-0.54503,-1.9841,1.6916,-1.1675,-0.012104,-3.2042,6.1014,-1.3589,1
-2.2057,1.6449,-1.2747,0.033235,-0.31567,5.4086,-2.7361,-0.13341,1
1.0584,2.1892,6.6075,-3.1733,0.051371,5.1844,3.2485,5.2337,2
-0.98209,1.0433,0.21416,1.4721,-1.8024,-1.9666,2.2801,1.5602,1
-1.6564,0.93098,1.1111,-0.85339,3.4733,-0.66503,-3.9986,-1.3244,1
2.8953,-1.0503,7.9858,5.2692,5.0685,6.0959,3.1125,1.3767,2
-0.077099,1.8554,3.7884,3.2865,3.9135,-4.5078,2.7529,6.3022,1
0.017415,-2.0659,2.9474,1.4925,6.6478,7.4046,0.4454,5.8136,2
1.4786,-1.8783,0.023654,-1.0425,0.09853,1.9629,5.8935,1.8596,1
-4.2805,-1.6977,4.9197,-2.6958,5.8507,3.138,-1.2042,6.4158,2
-1.7928,-0.61547,1.4123,-1.8816,-0.35951,0.77781,-4.0598,-0.7941,3
3.5894,0.19522,6.411,0.36494,5.4641,5.432,2.4159,1.9562,2
1.5509,0.62791,0.67549,-1.3168,2.0056,4.9591,-4.1408,1.5924,3
-1.8542,0.053628,0.75569,0.1506,1.2152,3.8162,4.1107,4.4563,1
0.23185,3.5369,5.7793,2.0636,4.7829,9.5206,3.1936,6.9808,2
1.0056,0.81102,3.1778,-8.8888,7.631,6.4288,-3.1325,6.8964,2
-1.7464,-0.66223,-0.51426,2.9057,2.881,-2.2339,-1.2058,0.33813,1
0.21331,-0.23264,-1.6413,0.90575,2.7546,3.4278,1.9699,0.92921,3
-1.2895,1.9424,-0.13901,2.6988,3.9849,-2.5583,6.0984,1.728,1
2.3234,2.9543,5.8607,4.9089,3.9237,2.0161,1.621,7.0422,2
3.618,-4.0958,6.3995,0.061379,4.7116,-0.5372,3.3001,-0.20497,2
1.8805,3.669,6.4393,1.1177,4.5952,0.86771,4.0865,5.5983,2
1.8817,1.2083,3.1155,-0.95372,-0.95267,-4.8361,-0.40594,1.2468,1
-1.6749,0.94664,-1.0366,2.0271,-1.5348,5.3607,4.3854,0.11081,1
1.5955,-2.7922,4.1396,2.8143,6.9015,4.9008,-2.0303,4.7128,2
0.82566,3.1097,4.5194,1.8384,6.0229,5.4631,0.058122,6.9541,2
0.96109,2.2354,6.7956,0.65148,7.5076,8.3464,-3.1033,7.286,2
-2.2014,0.000751,0.82944,-0.27388,-1.2323,1.1052,6.0172,0.63955,3
0.70319,-2.5723,5.4563,0.74422,-1.1608,-0.72572,9.0455,0.36784,3
-0.1058,0.16646,1.7348,1.6505,-0.50001,4.0299,-0.48963,2.8752,1
-2.339,-1.3677,1.6487,-0.9431,-0.68346,8.0235,-3.958,2.4724,1
3.2324,0.33287,4.7708,2.473,6.3728,6.5906,1.1998,6.7716,2
3.3803,0.010117,-0.51801,3.7225,-0.015647,1.0455,4.2109,0.50883,3
-1.7549,0.11351,-0.76299,1.7279,1.3753,3.6621,4.1368,3.8895,1
-1.2889,0.9462,0.51275,0.97266,-0.77437,-1.583,1.4297,3.3564,3
1.0075,2.751,5.5323,1.6789,6.3357,4.8518,1.846,4.2721,2
1.5662,-0.61884,-0.18012,0.53303,-1.2558,-4.8627,-3.8155,1.6289,3
0.97699,-1.4564,2.4388,2.5366,1.0426,-2.3247,7.7642,0.092194,1
-1.4069,2.0998,1.258,-0.79084,-0.13226,-2.5137,-0.8313,-0.019639,3
-0.79381,-0.98843,1.9817,0.85597,-1.5524,-1.5039,-2.944,-0.67355,1
1.4762,3.2545,6.2514,-1.3575,6.6207,4.0161,5.0161,5.5404,2
-1.6991,-1.6999,-0.12806,4.6825,0.54635,-1.8674,-3.9476,-0.36174,1
0.42242,-1.2173,4.1164,0.30136,-0.47491,0.022756,-0.31613,2.2589,3
-2.9907,0.36177,0.36399,-0.69417,3.6286,1.63,2.0401,-1.0581,1
-1.375,1.5376,7.1864,5.6995,2.5138,0.97567,1.3475,2.2775,2
-0.62685,1.7201,0.38084,5.9085,0.008195,7.8013,-4.5475,2.5044,1
2.6197,-0.29458,0.71503,-0.97793,5.316,2.4317,-0.86821,-0.47419,3
1.2822,-1.1368,4.9301,2.4441,5.9345,2.3427,4.3155,5.1704,2
1.9641,0.98022,4.1055,-0.57287,0.008986,-1.4957,-3.8161,-0.94486,1
0.31734,-0.46937,2.7099,2.3515,6.1765,3.1295,-3.0767,5.4695,2
-0.66958,-0.10077,1.4196,-0.22271,2.1751,-0.03878,10.505,-0.75408,1
0.20525,4.2597,2.6955,0.89016,3.614,-1.782,-3.2436,2.26,3
2.5981,2.8935,4.1976,1.8065,6.1295,7.3197,1.0571,6.8541,2
3.3629,1.818,3.7558,-0.62284,6.2845,-8.8351,2.5128,6.4777,2
-1.8292,0.13157,-1.1585,0.6523,-1.678,5.8301,-2.6533,2.8146,3
-0.86834,2.974,0.56542,-10.73,3.934,0.76826,2.6856,6.193,2
0.76963,-0.75596,0.6292,-0.84816,6.2181,9.8607,1.6075,3.4657,2
-4.1183,0.72137,5.5788,2.3339,2.5758,7.763,2.6082,4.6705,2
0.70119,-1.2057,1.2305,2.2141,5.7591,0.96106,0.83544,-1.4752,3
1.9051,-0.9213,-1.3619,-1.9114,-0.25615,-3.8072,-2.8497,-2.0256,3
-1.9224,6.1382,-1.1961,9.2151,0.071714,1.9365,11.944,-1.239,3
-2.4368,-2.208,1.4577,0.38706,1.5186,-2.0987,-1.4965,2.333,1
-0.12894,-2.7713,-1.136,0.37255,2.0801,2.5026,-0.64633,1.7732,1
-1.0298,1.9412,7.9455,1.7317,4.1137,-1.6786,3.692,3.7549,2
4.0442,-0.12563,2.4513,1.7945,4.1451,2.0052,-1.7329,-0.82172,1
-1.363,-1.8195,5.2989,-0.94908,1.8964,5.3625,-0.01136,2.4623,3
-0.95474,-1.1954,3.2419,4.745,-1.2856,0.41466,12.945,2.1943,3
4.5767,-1.3339,-0.18159,2.2432,-0.68137,-1.9422,5.7631,1.346,1
-2.4596,-0.97054,-0.94658,-0.51196,5.5761,-2.8507,10.102,0.59093,3
2.2296,2.4038,5.5634,3.1259,3.9392,10.032,1.6108,2.8749,2
3.007,3.6799,4.2439,-4.127,5.0545,5.9318,3.2806,6.2413,2
-1.698,2.9226,1.5369,0.37127,0.98269,8.1122,-2.1517,-0.99429,1
-1.3193,-0.27754,6.1318,4.2623,4.3123,2.0874,1.4228,0.41314,2
-0.14838,3.3322,-0.24796,-1.5791,-0.73222,-0.22863,-1.1125,-0.10474,1
1.6882,2.6714,7.3667,-1.9577,1.8973,8.9929,3.3994,6.1816,2
-1.2853,1.0159,1.0995,2.1258,5.1518,0.87458,-1.8796,-0.4341,1
0.34686,0.84863,6.8361,-8.8371,6.1767,6.7814,3.4063,5.3136,2
1.8335,0.73224,-1.0609,0.93602,0.90118,-2.7178,-0.82692,4.0016,3
-1.3599,-0.71949,1.6946,-1.8988,-0.80526,3.6108,7.9101,-0.39505,3
-0.87622,0.25358,0.53487,-1.0878,6.5184,-0.3677,-3.4205,0.77305,3
0.22275,0.3016,1.2713,-1.7348,-0.43515,3.3745,7.0861,1.704,3
-1.1809,-1.756,1.1174,0.6882,-0.45122,-0.63108,-1.9871,0.052198,1
-0.70154,-0.033205,-0.12952,-1.3045,2.1653,-0.49953,-3.6901,-0.21788,1
-1.5134,-1.9235,1.6318,4.9795,0.53912,4.8061,10.628,2.9721,1
0.43762,1.4416,3.9861,5.1192,5.6352,9.3209,3.1007,6.7586,2
-0.69156,-1.8933,0.24453,0.31756,0.95116,1.7151,-4.0425,-0.9492,1
0.81989,1.0748,-0.40353,3.8425,1.1487,6.4267,-1.9789,-0.028854,3
-2.706,0.39944,0.25425,3.4828,0.78082,1.7735,-1.2765,2.7894,1
-0.51644,-1.7995,-1.2292,-0.2677,-1.2959,-3.4759,-2.5605,3.8686,3
2.3003,3.8362,7.3252,1.4486,3.078,-8.5543,0.79293,4.3693,2
-1.4272,-1.9682,3.9229,-0.56066,-1.7337,5.994,-3.7926,2.6663,1
3.5609,2.6184,-1.6718,3.612,-0.72701,-0.058793,0.83922,-0.87835,3
2.7008,3.6826,0.093705,-1.0031,-0.82018,0.75247,-3.3064,-1.1735,3
2.9065,2.3152,4.8125,0.92072,4.4681,1.5306,3.2911,0.89302,2
2.7303,2.3935,3.4373,1.6584,4.7364,5.8464,2.3741,2.7894,2
0.98867,-1.6345,1.3356,-0.9757,-1.4027,3.7626,0.43742,-1.6093,3
-1.4283,3.564,-1.2019,-0.78191,4.5552,-1.7416,-3.4439,-0.70288,3
-0.84207,-0.48066,-0.29157,1.4411,4.9471,0.12703,4.1561,1.7789,3
-1.7457,9.0462,-1.7423,3.2565,2.1886,-4.5998,3.9007,-1.3564,3
-1.2647,-1.3975,0.81774,0.57313,3.8543,6.1542,2.004,-1.3206,1
1.6897,-0.57661,0.1492,0.95403,-0.13606,5.3567,-3.958,-1.6296,3
3.706,-1.178,3.7663,2.4201,1.7689,1.2998,0.94728,4.49,1
-1.0999,-1.3582,1.7824,1.0378,5.5712,2.9336,-2.8334,0.16294,1
-0.46035,0.047089,-1.5085,3.914,-0.25308,6.2712,3.8866,3.1063,1
-2.454,3.2548,1.665,0.72886,-1.5197,-4.8879,-1.7896,-0.91675,3
-0.38673,2.4373,-1.0968,1.9806,-1.0024,3.0757,1.1374,1.4434,3
-1.8192,-0.1345,3.6733,-0.85219,0.41494,2.6278,4.2879,-1.2239,1
0.19,-1.3052,-0.81634,-0.96667,-1.1887,-1.4421,3.4224,1.16,3
1.6193,1.962,5.2314,3.4702,3.8461,9.2371,-4.7948,-1.83,1
0.64567,1.9278,7.451,-7.2684,6.5867,1.5917,0.10109,5.5856,2
1.4946,3.6483,7.0666,4.2055,7.2092,10.215,-3.4884,7.4514,2
1.4047,0.58261,5.013,1.2761,-0.23736,11.747,-4.0528,0.5831,1
1.4912,-2.5783,1.1577,1.1617,-0.46763,-2.6147,5.3107,0.30688,3
1.1258,-1.1561,-0.94772,1.6947,2.0313,2.2252,5.4601,1.8972,3
1.5386,-1.9048,5.0592,5.8326,1.0068,4.3674,2.3491,2.0935,2
1.6641,2.3515,6.5877,5.8426,6.1646,9.6639,4.5524,4.4076,2
3.353,-0.72874,4.1266,2.1418,6.4087,7.3248,4.6167,3.4905,2
2.9705,-0.74497,1.0558,-0.80454,-0.59502,6.2878,6.3364,-0.14154,3
2.3569,1.5448,6.154,4.7215,6.5294,6.6514,3.9322,3.2784,2
0.68227,2.8026,7.257,-1.4683,7.1093,-5.8752,0.9102,1.4111,2
-2.2104,-1.7925,-0.978,-0.53364,1.3085,0.82958,5.8332,-1.2627,1
-2.2025,-0.53965,-0.79971,2.0187,-1.2479,5.3607,-3.378,3.8399,3
-0.37811,-2.6403,2.2703,-1.4172,0.8525,3.7749,-2.9662,1.386,3
-0.27752,2.0555,-1.3581,1.4849,0.20016,-2.2019,1.8084,0.25915,1
-0.32061,1.7843,2.7262,-1.3918,4.2076,1.829,3.5956,3.0618,1
1.6291,1.7014,1.4608,0.47353,-0.368,-0.29687,-2.6127,2.6376,1
1.7585,-0.6534,3.1869,2.6687,2.2533,-1.4761,4.7542,-0.4599,1
-0.79395,-0.84856,0.57055,-1.3854,4.7658,2.025,-1.8488,-0.92065,3
-2.0764,1.2398,1.0682,-0.29491,4.3225,3.4141,0.20563,-0.65605,1
3.4611,0.15059,5.3065,-7.2717,6.6371,5.5,-0.88786,3.0151,2
3.713,-0.77615,3.7984,-0.90254,-1.3853,0.092707,-3.4931,0.1648,3
1.3461,-2.0362,2.3463,5.1974,2.4948,-0.34745,0.51241,3.3465,2
0.81854,3.7072,6.1804,4.4101,7.3003,-1.9315,2.6218,4.2829,2
-1.0045,3.0023,1.634,-0.86532,0.26101,-2.1732,-0.92275,-1.7952,1
-1.4192,-1.6387,-0.17662,2.2621,1.0848,0.10139,4.2452,-0.93927,1
1.2315,-1.312,-0.97538,0.73257,-0.25992,7.9609,2.3509,-0.78842,1
1.7028,-0.31045,2.8282,2.5183,2.6091,8.066,-0.1355,6.4283,2
1.433,-1.5495,3.6987,5.3758,7.4498,8.4821,3.4246,3.051,2
-2.1635,-2.363,3.5417,1.627,-1.0058,8.677,0.59596,1.6005,3
1.8106,3.1213,2.7279,-1.2001,-0.36421,5.4613,-2.7206,2.6827,3
-1.7325,0.59337,0.74109,5.267,0.001828,-3.5332,-2.2768,3.7696,3
3.397,-0.83213,0.44337,1.6777,0.13717,5.6175,-3.7368,-0.08937,3
-1.8218,1.1466,3.9076,-1.9782,6.8449,4.5966,5.2957,-0.27766,2
-0.69976,-0.95843,-1.5315,2.034,1.693,8.9798,-0.38095,0.45794,1
-2.3383,2.0391,3.014,2.2861,-0.50324,-4.442,1.025,3.3371,3
1.3613,-2.0196,3.2123,2.1664,-0.81992,-0.87653,-4.6957,-0.89348,1
-1.3,-1.2157,0.89448,2.9633,-1.4806,-2.6117,1.4324,1.1129,1
-0.53937,1.641,-0.16144,3.7156,1.8088,0.6858,3.6267,-0.80399,1
-1.5448,3.5551,4.6262,3.7578,7.1136,8.5916,2.0066,2.772,2
1.3111,3.2854,2.67,-0.73714,-0.77247,2.7597,-1.7734,-0.7244,3
1.7058,1.3846,7.0361,4.3974,0.004075,4.846,-3.0528,5.162,2
-2.351,-0.74555,1.0849,-1.835,-1.0146,7.6975,-2.477,4.9681,3
1.5054,-1.9379,6.0331,5.0267,1.5121,8.658,4.2694,7.4126,2
1.5771,2.3877,1.5443,-2.712,5.6441,9.8466,3.7217,7.2706,2
0.58051,-0.064233,3.3838,-4.5368,-0.23018,6.9106,3.3794,5.8937,2
-0.43568,-2.0537,1.2574,-0.017212,3.0288,1.206,2.1759,4.0691,1
2.1751,2.3845,0.61175,-12.406,7.7015,8.1745,2.3457,4.6778,2
-1.6433,-0.53492,-0.9521,-1.1668,-0.35479,-3.1956,4.7469,1.2831,1
0.50163,0.52642,7.2605,1.6424,7.3518,6.0592,3.9172,4.7622,2
-0.38523,-1.8413,2.5911,1.5522,4.0877,-4.0228,-2.2376,0.98834,3
0.82986,-1.4146,-0.99402,1.9822,0.28006,7.3158,0.36273,2.5464,1
1.9513,1.5991,5.5827,-0.76209,6.3019,10.705,3.7864,6.9869,2
2.6514,-1.2414,0.90263,3.2587,2.5069,1.464,-0.47746,1.5126,3
3.6586,1.1673,0.69197,-0.49087,3.6933,-0.48483,-3.4611,-1.5632,3
-2.7078,-2.1057,-0.77967,3.4503,1.2243,-1.3034,-3.8035,1.0515,1
0.43445,2.2967,2.7806,2.2936,2.3986,8.2884,4.0888,7.8529,2
-2.036,4.0852,-1.337,-1.5537,-0.2946,-4.3616,-1.5013,-1.2348,3
-2.9098,-1.5169,3.3769,-1.3854,1.969,-0.4597,-2.7276,-1.4835,3
0.2041,1.3421,0.84694,3.9285,-0.30873,-2.9946,-1.3583,5.6205,1
-0.044226,-2.8227,0.95093,1.393,0.10923,0.19836,-0.67664,-0.55495,3
-1.6287,-2.5122,0.7163,0.7443,-1.1476,-1.4123,-1.0735,0.020276,3
-2.7308,-1.1123,-1.4218,0.5802,-1.6436,-0.22565,2.6275,-0.33362,1
-1.1192,3.334,1.0797,2.6499,3.3715,1.6825,4.0946,6.8073,2
2.1709,-0.002834,6.0499,0.079642,3.637,8.6517,1.5572,6.3093,2
3.267,4.0867,4.6969,-0.17657,5.0976,-2.9081,6.056,-0.49423,1
3.0568,4.9635,-1.3728,1.2798,2.1262,4.8517,4.3671,6.1045,3
2.9399,-0.82045,5.7998,-0.52891,0.082784,3.178,1.1539,3.8878,2
0.81031,-1.2951,-0.60532,1.7164,0.56998,-0.81975,-2.1438,3.8736,1
1.238,0.060532,4.6456,5.7517,6.6317,6.9443,3.4096,3.6097,2
-2.6737,-0.74776,-0.41205,5.3183,3.525,-0.66711,1.4054,0.53501,1
-1.853,2.7077,2.2368,1.2918,5.9997,2.2502,0.68681,5.414,2
2.0536,-2.5319,6.3987,-2.1951,4.4875,-0.41971,-5.8994,2.9664,2
-1.1415,1.6733,0.60535,-1.1196,7.2551,5.122,1.9142,-0.3221,1
1.0939,1.0656,-0.11707,-0.74574,3.7897,-4.124,1.2704,-0.20104,1
2.0076,-1.5927,0.49933,-0.62089,6.5925,-3.5717,5.2439,1.0231,3
1.821,-1.6237,-1.7848,0.085142,0.64302,-0.37858,0.38346,2.6895,3
1.3266,0.32765,7.2845,1.4844,3.3715,7.9159,-0.38134,6.82,2
3.4644,0.95241,1.6661,0.73336,6.0687,0.80576,0.086693,1.8326,2
0.047667,1.0602,7.2318,5.3449,3.1331,7.0301,2.3363,1.2457,2
1.0452,3.7573,4.0536,3.6142,5.385,8.1616,0.74211,5.2044,2
-0.21491,0.48618,1.2566,0.52691,2.4031,1.9969,2.4814,0.068243,3
1.517,-2.3952,-1.1852,1.7475,-0.29307,-0.2894,8.4602,1.0291,3
1.6281,-2.4012,2.8091,4.3023,3.3744,0.4509,-3.1527,3.1045,3
-0.01255,-2.088,-0.87896,-0.34372,0.67028,8.1078,1.9977,-0.57236,3
3.4442,2.2967,5.646,-4.0077,3.1736,6.3314,4.6028,5.9676,2
2.6437,-3.8701,7.3774,0.74602,6.5644,6.9537,2.692,-3.5867,2
-1.067,1.3521,1.5198,3.8739,0.44486,4.015,8.9916,0.43173,3
3.8234,0.9358,5.3354,1.4478,2.7129,2.7962,0.48668,2.6929,2
0.022935,-0.72573,1.9202,0.43585,-1.3831,1.5911,0.47795,5.6837,3
1.2359,-2.5871,0.37201,-1.0323,1.0329,-2.8253,-2.9937,-0.99824,1
-0.74324,1.8486,-1.9962,2.5359,3.9556,-0.6947,4.2091,5.3446,3
2.1248,2.4465,3.8522,1.3908,3.3154,-6.1639,-5.3452,6.7185,2
-2.0423,-2.3139,4.6777,2.5751,0.16322,-3.9755,1.7248,-0.97295,1
-1.219,0.14937,-0.12854,3.3365,-1.534,5.6555,-1.318,2.0403,3
3.6513,-1.19,1.6204,-0.90352,3.0952,9.1946,5.227,0.64873,1
1.7075,-2.1512,3.159,4.5702,4.7764,9.8517,4.4676,7.6033,2
0.79702,0.91615,-0.61785,-0.005799,4.0584,4.1848,5.2337,3.0749,3
1.3464,-0.87921,0.10741,7.1069,-1.5157,2.3976,-2.6118,2.7416,3
-1.7005,5.6042,-0.14392,1.0067,7.2336,-1.153,5.4898,-0.25693,1
2.4118,1.2199,3.3525,3.0544,-0.5259,-3.5294,5.3383,2.8904,3
2.4117,1.4833,4.0605,-0.12568,1.6629,-0.88601,-2.9265,1.4696,1
-1.1967,0.11914,-1.6244,-0.44213,1.21,-1.1383,3.4903,6.1024,1
2.8789,3.4041,3.7564,-3.0287,4.0331,7.5843,2.6859,6.8465,2
3.5985,2.472,7.4279,-2.7568,4.736,10.538,5.1763,5.5341,2
2.0167,0.059197,5.3693,5.2684,7.2489,8.1773,1.5774,4.2459,2
2.453,3.8421,5.3225,5.0212,0.59349,8.5425,4.3713,3.6154,2
-0.93414,-1.2644,2.1151,1.0091,-1.2036,0.66303,0.65926,-1.7399,1
-2.7389,-1.0548,2.037,-0.63483,-1.367,5.542,0.17699,0.11616,3
1.2949,1.9053,4.1905,-2.5048,6.0973,-0.24994,4.1196,2.4334,2
1.7131,-0.73346,1.9915,3.4942,-0.39077,1.082,-1.8419,1.304,1
0.098233,-0.74479,-1.6394,-0.24934,3.1292,1.7966,-1.7194,-1.7944,1
-1.028,1.7643,3.2318,-0.53219,5.2021,10.449,3.5944,5.8316,2
3.0196,-2.4686,-1.5963,-1.1684,3.6956,-0.9935,2.8664,5.5759,3
-2.3746,3.5424,0.026227,-0.12615,0.80366,1.161,5.498,-1.4245,1
3.3088,-0.52072,7.0554,-4.0416,3.9281,1.4863,4.2757,7.7526,2
-2.706,0.39944,0.25425,3.4828,0.78082,1.7735,-1.2765,2.7894,3
1.214,-2.5997,0.15154,-1.0641,2.0841,-3.325,-0.46057,3.6283,3
-0.96834,2.9628,5.5349,3.7963,4.5723,7.9756,4.802,2.5648,2
-0.94838,-1.164,-0.44341,0.81381,5.6281,5.4701,3.6358,1.2799,1
-0.94571,0.8988,3.2315,1.8469,-0.45477,5.0835,1.2216,-1.0736,1
-1.6772,0.98534,2.8443,4.5645,0.26583,-2.7211,5.6651,0.386,3
-0.98457,-2.136,2.6826,2.3735,-0.95883,-1.7924,12.26,5.4482,1
4.1372,-2.5519,1.6853,1.0217,2.8208,1.5083,-3.9199,0.083471,1
0.10659,2.5213,4.6955,-0.3128,-0.74723,-4.7873,4.2342,0.66202,1
-0.82141,3.3687,0.92917,-0.96138,2.3668,1.1431,2.7338,1.6615,1
-0.55354,0.92916,5.3481,0.19992,-1.6218,2.3876,-2.7956,-1.4304,3
2.1788,-0.39265,-1.3623,0.15608,-0.41499,-2.0114,-0.62804,3.2755,3
1.4708,-1.3136,-1.1044,-1.2825,2.5657,9.0625,1.5246,4.1545,3
-1.6239,-0.52368,2.6281,-1.153,0.14963,-1.8456,1.741,5.4558,3
2.0789,-0.84504,-1.7141,3.8776,4.4594,5.8463,-2.2617,2.211,1
-0.89576,-2.4884,-1.6254,1.8269,-0.47995,4.0488,1.97,4.1872,1
0.70339,2.962,2.7161,1.2647,3.1716,10.38,1.3835,4.5407,2
3.2638,1.7917,5.0445,2.4245,2.0894,9.8934,0.23548,6.5365,2
3.5542,2.6301,4.4303,-0.72454,2.7929,4.1577,1.2334,0.99385,2
0.9106,1.0271,4.887,-0.96195,7.2984,5.9929,2.5378,-3.9585,2
-0.85431,0.56244,1.4637,0.19072,-0.73172,6.2917,6.1806,-0.85798,3
-4.878,-0.46844,6.4543,-6.8361,4.8282,-0.37874,-0.46212,6.8687,2
-2.0935,1.2654,-0.029963,1.605,-0.1557,0.26976,0.32214,-1.4111,1
2.5202,2.059,-1.2073,3.9569,0.6692,0.73657,8.904,-0.49105,3
-1.6261,-0.3179,7.7818,4.5904,0.9169,6.2728,0.30571,6.2096,2
1.6386,3.2393,7.7561,-3.8395,6.4643,8.0112,1.5661,5.3745,2
-1.1976,-2.0216,2.5458,0.21499,-1.0063,7.7829,-1.3453,3.8411,1
-1.9556,-0.38514,4.9687,-1.0884,-0.21985,-2.6267,-0.44863,1.4449,3
-0.96949,-2.2527,0.59866,3.9274,2.8045,5.6137,9.2872,-1.2621,1
-0.29484,-0.57946,4.9078,-0.84825,3.3693,2.9856,3.4204,7.4321,2
-1.339,0.49309,3.426,-0.97852,3.5868,-1.9566,1.8655,2.2672,1
-2.7685,3.159,5.5949,1.2359,7.0569,9.7307,2.3426,6.0094,2
-1.6741,-2.1017,-1.8482,-0.47503,0.72107,1.7526,0.005418,2.6603,1
6.1049,2.2539,4.4443,6.4932,-0.57176,-1.8678,-0.9046,-0.27897,3
1.7567,-1.161,6.9503,1.5879,4.5117,4.8677,4.0247,6.1605,2
-3.5224,-2.7912,3.1987,-2.8687,6.6614,5.5918,-5.795,5.5037,2
0.91478,3.6308,7.629,-5.6793,1.0938,10.209,4.0265,1.7209,2
0.68569,-0.81764,0.56758,2.1619,1.6985,-2.7847,8.8547,-0.1515,3
0.3564,2.3934,0.80341,-1.1956,-0.38478,-4.7683,-0.50775,2.9048,3
0.84679,2.6538,3.9315,2.8094,5.7191,7.5263,2.3986,4.9391,2
-0.016699,0.088094,0.82334,-0.09763,-1.1219,6.6776,-1.2551,0.23907,1
-3.697,1.3633,3.5898,5.0755,4.5379,5.9034,2.8459,4.7961,2
0.77334,-1.8868,0.66933,0.82387,-0.41999,1.3984,3.7078,7.3507,1
3.657,0.007385,7.841,1.916,7.2676,6.8462,2.9696,2.5856,2
2.493,1.7985,4.8348,5.2645,7.1802,6.6668,3.2335,4.0463,2
-0.56139,1.441,1.6006,1.2724,-0.13968,-0.1037,1.8264,-1.0561,3
2.385,2.4105,4.8144,-3.5459,2.8039,8.4127,3.1208,2.6395,2
3.6983,2.0372,5.1557,3.9695,5.6617,4.1534,4.5698,5.8012,2
0.9862,-0.48145,5.3888,-5.3095,5.6867,8.9738,-3.6553,5.118,2
2.6792,1.9681,7.086,0.71273,6.598,8.5993,1.7005,4.2124,2
2.5076,-0.59702,0.35139,0.47,-0.2254,-4.0749,0.31723,2.5941,1
1.1117,-0.83889,0.15328,4.0755,6.367,8.0202,4.7904,2.5799,2
0.95418,-1.5308,4.6108,2.9661,-0.16788,3.3647,-0.92993,0.40136,1
-2.1648,-1.8572,1.4785,7.964,1.7994,3.4129,2.0303,2.9214,1
-1.045,2.9764,1.8024,0.17114,-0.35507,-2.4397,-2.9968,1.254,1
0.18936,1.8777,7.109,2.6894,7.6281,3.2641,2.7603,3.386,2
-0.92798,0.098189,0.95205,1.4653,1.796,5.2381,-1.2971,1.6187,1
-1.7854,-2.076,0.60039,-0.44284,1.8788,-4.324,4.4833,-0.60172,1
-2.2456,0.83724,-1.297,-1.1045,0.683,-0.4059,2.7776,-0.87427,1
1.8302,-1.9615,7.8558,-5.3764,1.5798,9.8402,1.9022,1.8983,2
0.21993,4.3134,1.9086,1.2548,-0.078988,-2.6749,-2.0609,1.1231,3
-0.87743,0.31504,-1.858,2.8129,-1.2015,3.5285,1.2189,1.5344,1
1.8539,3.7803,-3.6126,0.97866,7.1929,5.9825,0.63049,7.623,2
-1.2192,-0.48215,-0.16225,0.20722,-0.50712,1.9553,1.0342,1.4223,3
3.8102,-1.7303,2.1103,1.4603,-0.25458,0.90428,0.61624,-1.5558,1
-1.949,1.1702,2.5123,3.1917,-0.24431,-3.89,-0.72698,-1.9861,1
-2.2311,0.12449,0.26689,-1.9928,-0.088879,-3.7553,-4.0091,0.31989,3
-2.4629,-2.1284,0.58474,-1.1557,-1.0704,-4.0057,-0.70467,-1.3459,1
1.2316,-1.8602,0.21223,-1.3661,2.738,-0.62348,12.213,-0.10737,3
1.702,2.9906,5.4222,0.39961,3.983,10.257,2.3438,6.7375,2
3.8319,2.6505,5.664,-3.1386,3.1173,4.2131,-1.8144,3.8122,2
2.5611,2.8282,6.4761,-2.6923,5.5902,2.7118,3.8677,1.3325,2
-0.54834,-0.58937,0.064975,-1.1462,0.71566,1.0774,0.84805,0.88602,3
-0.75886,3.814,-0.30057,-0.52613,1.606,-2.2605,-1.6188,-0.37769,3
2.6565,-0.30672,0.8313,0.82769,-0.18398,-0.89499,-4.1221,-1.0901,3
-0.93956,1.6099,0.26803,0.34484,0.11067,-1.7731,-2.1547,1.3158,1
-0.67527,3.2815,-0.31262,2.1161,2.2747,-0.094464,1.349,1.5445,3
-0.65776,-2.6206,-0.7663,2.1483,4.0298,1.257,-4.936,-0.88629,1
-0.45861,0.00708,5.1459,2.995,-0.37911,1.2557,-4.8441,-1.1661,1
2.7471,0.9536,-0.36837,-1.4948,-1.879,-0.42415,13.804,5.4031,1
-0.82749,0.040205,2.1133,1.1033,-1.2799,-1.7396,-3.0928,4.7638,3
0.93892,0.82952,4.5806,-5.0678,1.0937,-5.0233,4.5625,6.9652,2
-1.723,-1.7031,0.60806,4.0842,4.2062,2.7678,-3.8071,-1.6673,1
2.5583,0.42472,0.55603,0.48936,-0.31589,-2.9722,-3.2574,0.29746,1
2.0849,1.8088,7.6383,6.2329,3.4852,-2.9076,3.9874,6.655,2
3.4166,-0.83105,2.4436,0.41312,7.0134,3.4272,3.3987,6.1691,2
7.1255,-0.73326,0.04923,0.75767,-1.3696,-3.8643,2.5276,2.1557,1
2.1376,-2.2488,4.8742,4.9194,6.2112,1.9039,2.2269,1.3112,2
-2.5059,-2.0028,3.1583,0.15535,-1.5389,0.71346,9.8437,5.4584,1
-0.2281,-0.70768,-0.80879,-0.17209,-1.5407,1.5107,-1.7315,2.6689,3
-0.74708,-0.58779,4.468,3.3761,-0.17213,1.8709,0.42681,0.61549,3
-2.6138,0.58374,1.5411,1.6475,1.7022,-0.88158,9.8838,-1.2311,1
1.3522,0.10789,-1.5703,-0.97386,1.7039,2.1357,-3.2591,-0.030309,1
0.47496,-2.5997,-0.014365,0.4034,3.564,8.1628,3.9646,0.37706,1
-1.6312,-0.021907,-0.45423,0.92152,-0.10762,-3.8421,4.6237,0.57605,1
-0.54927,-1.4382,5.0831,-1.0662,-0.25433,3.271,6.4119,-0.62989,1
-1.2794,-1.4176,-0.97932,2.4449,1.8331,7.6216,-3.2007,-0.93418,1
-1.8895,-0.3222,4.1406,-2.0501,4.5068,1.0816,2.3501,3.5168,2
-1.0962,-0.60782,-1.4597,-0.68499,-0.65719,-1.4039,-1.6386,-1.1254,1
0.67332,-1.6431,0.36699,-1.2625,0.53629,-0.10778,-3.3413,-0.75723,1
1.7637,-2.6511,-1.7461,1.0923,2.2776,11.492,0.82926,4.6939,3
-1.5333,-2.7439,3.723,-10.293,7.5818,4.7161,3.3646,1.6942,2
-2.0864,1.1189,1.6619,-1.3774,0.28558,1.4431,-2.8468,2.4702,3
1.3548,0.75168,0.63828,6.1408,5.5877,7.9873,-0.93482,5.3393,2
-7.2576,-1.783,6.304,1.8125,2.6972,6.4192,4.8806,6.8644,2
-1.0984,2.2102,-0.094062,5.8868,5.3176,6.3142,-2.5664,1.8368,1
-2.3228,1.3553,2.7807,1.4894,3.5402,-1.1612,10.001,-0.17128,1
-1.0652,-2.6029,-0.76258,-0.71417,-1.5176,-1.907,-3.7101,1.8863,1
-2.1729,0.86956,2.0359,0.28975,-1.0907,-1.1217,2.533,-0.72744,3
1.9215,2.9841,5.0569,2.0881,7.9554,10.288,3.1454,6.6655,2
-2.1746,-2.42,2.5315,-0.70678,-0.96794,-1.3618,0.69277,-1.3362,1
-1.5861,-1.538,5.1524,-0.062227,-0.75323,5.8402,-2.2082,0.96735,1
1.1001,-0.51055,1.5752,-0.95195,1.219,3.9408,-1.5286,0.66136,3
1.9628,1.679,4.3662,-4.4027,5.5476,4.116,-2.297,0.52986,2
3.2564,2.405,7.343,3.1565,6.4416,8.3847,3.7403,3.9345,2
2.9971,-0.57474,0.64117,-1.5495,4.3397,-1.0836,2.3048,-0.43318,3
0.067997,6.0466,2.1306,-1.5835,1.0858,-2.6389,1.8954,-1.5634,3
1.0782,1.0838,7.2208,-12.674,4.7291,2.1482,2.5869,5.5195,2
-1.7538,1.5067,2.5276,-0.7119,7.3083,2.2916,4.8094,4.7192,2
-0.53407,-0.004455,3.4905,4.0414,5.4456,5.9167,0.2192,1.8619,2
-1.748,0.95439,-0.16715,1.2308,-0.36898,-1.3088,-1.3551,-0.15596,3
3.4726,2.8785,6.1829,3.3888,4.4152,7.4118,5.0033,7.4299,2
1.5323,0.24212,2.1502,1.5427,-1.151,6.654,3.2415,-0.21949,1
2.8208,0.75935,7.682,5.2505,4.9657,-1.6098,0.84829,3.3666,2
-1.3039,-1.6416,-1.4175,4.6224,-1.1109,-2.7109,-0.84399,0.96038,1
-1.2531,-1.7452,5.5195,-0.98427,2.0039,-4.4991,18.157,1.5747,3
1.1791,2.4859,3.1547,0.85264,5.7339,-2.3765,-3.2935,-0.13182,3
-1.3003,-1.9547,-0.11796,-1.9339,4.0183,-2.5775,2.3248,-0.995,3
-0.58012,1.1824,-1.3949,0.24739,0.55422,-1.9857,6.4424,-1.5164,3
0.79392,5.2059,0.87696,-1.4626,-0.053308,-0.54784,3.4827,0.84369,3
-1.41,3.9926,-0.79924,0.74634,1.0894,-1.3913,1.4787,2.2535,1
-0.07479,1.0397,1.8713,-1.4444,2.0794,3.8731,-4.4147,3.1092,1
-0.56455,-1.9236,0.36945,-1.9149,3.0156,6.1229,-1.5734,1.2652,3
-0.81956,-0.19405,1.4744,5.726,0.29305,-0.51594,-1.7285,2.8711,3
-0.43707,-1.5963,-0.23574,-0.98813,-1.2483,-0.53733,-1.1037,0.88603,1
1.6593,0.010858,3.9797,2.3374,2.5024,-7.4553,2.525,7.4014,2
-2.0112,0.33957,0.76819,1.6665,-0.82054,-2.1058,-4.5364,0.24066,1
1.7524,-1.3458,6.9952,0.31728,2.1492,-0.016478,4.461,6.3579,2
-0.79064,-2.8453,4.7722,4.0322,0.39796,4.0549,0.71884,0.4708,1
3.1654,1.7475,5.196,2.8942,-0.18908,-4.2687,-0.17416,0.47229,1
2.1154,-0.72084,0.17146,-0.98856,-1.8465,-1.7662,-2.2621,-0.96661,1
-0.60586,-2.3481,2.3854,2.3915,6.7234,0.60483,-3.7757,5.8061,2
2.8466,0.16727,3.3786,-7.5125,3.9361,6.843,2.878,4.5,2
-0.41841,-1.592,5.0782,-0.82838,-0.67092,0.79566,-3.9926,-0.55977,1
1.0328,-2.2441,2.9679,-1.3968,-1.2062,1.3017,10.902,-0.10352,3
2.0213,2.9799,6.2237,-0.090784,4.3603,0.86204,1.525,4.2892,2
-1.6065,1.0443,2.0006,1.8475,0.12765,-1.022,-4.6973,2.8394,1
-2.8873,5.5857,3.6765,6.0618,-0.12233,1.4517,6.4337,0.57493,1
1.5792,-0.81215,3.4799,-0.56432,2.2895,7.5659,0.88309,-1.6752,3
-1.5152,1.4584,1.1163,-0.34374,0.024539,-1.0671,1.2457,-0.94694,3
2.2392,-0.6663,-1.6644,-1.2346,3.4428,-1.4968,-4.0219,-0.57684,1
0.043646,-0.62453,4.4829,0.70648,6.8923,8.1655,-0.76659,-0.34727,2
2.5712,0.15856,-0.49179,2.8424,1.1477,4.3802,2.1128,6.7482,2
0.97413,-2.1617,1.7146,0.17969,0.72958,-2.7933,9.8907,2.5653,3
-4.134,0.89426,3.5616,-0.066731,4.6173,5.0354,-0.005903,3.6643,2
-1.5603,-1.9773,5.6958,6.9772,5.3883,5.5334,0.81587,4.7486,2
-0.007801,-1.8853,1.1803,0.64143,2.8116,5.8079,7.0454,0.75872,1
0.52842,1.0199,1.6806,-0.2825,-1.4621,4.4388,-2.8485,1.6744,1
-0.31035,3.4231,-0.76455,3.8996,4.9131,7.5177,3.2875,5.9752,2
-2.29,-2.0478,-0.42837,-1.1516,-0.29989,2.5671,-4.2051,2.6572,1
1.2975,-1.4521,0.12628,-0.31313,-1.1404,0.32463,-2.9826,0.86335,3
-2.6455,-1.0385,1.074,-0.6806,2.8794,-1.199,6.7607,2.7166,1
1.8472,-2.292,-1.0261,1.0599,1.0249,1.8121,3.3792,-0.15019,3
-0.67977,-1.4334,2.1322,-1.0996,2.4744,0.26376,1.0038,0.028416,3
-3.6933,2.4237,1.0823,0.86372,6.8596,10.929,-7.0845,5.4255,2
2.7336,-6.7268,7.7135,0.5489,-3.2205,3.6667,1.0232,4.2752,2
-0.3677,-1.6995,0.40373,0.31855,-0.84074,8.7219,-0.84395,3.3877,1
0.48131,5.0556,-0.10259,2.3156,4.0348,1.2497,-3.5994,3.6879,1
1.9665,1.9792,3.0214,-1.5097,1.7369,1.3866,-3.1337,0.28097,3
1.7477,-0.35258,5.8382,-0.76895,4.2466,-1.9871,-4.1788,-0.33121,3
0.40888,5.9578,-0.43525,0.50387,-0.80264,-4.195,-0.27938,-1.0916,3
3.7336,0.36625,0.2674,3.2739,1.1101,-0.73894,2.6191,1.7731,3
-1.5889,-1.429,-0.72562,0.026828,-0.423,11.157,-1.8725,-0.57068,3
0.79275,-1.6895,2.8677,0.056974,1.5528,0.41224,1.1602,3.2495,3
-1.71,3.7151,-1.5954,1.0328,1.7408,-4.658,-3.3748,3.9912,1
2.9976,0.42138,1.7938,-1.4233,-1.0265,-1.4657,-3.6062,0.85061,3
0.34157,1.21,3.7862,-1.5711,-1.5691,-3.4389,2.6313,0.022114,3
-0.51506,3.521,1.1624,-1.5518,5.0574,1.905,-1.7943,3.1771,1
-1.3343,-0.10394,4.0348,-0.10474,0.80944,2.9144,4.444,6.678,2
1.1593,2.2514,2.6773,3.9438,5.9492,8.7028,2.2084,-0.99545,2
-1.6564,0.93098,1.1111,-0.85339,3.4733,-0.66503,-3.9986,-1.3244,3
2.4341,1.8829,5.0856,2.4622,-0.30438,5.8967,2.1485,6.0003,3
-2.7439,-0.82962,1.1774,-0.076877,-0.12438,-2.6816,0.98235,0.24228,3
-1.2917,-0.53617,-0.66685,0.084886,1.1647,-2.6922,-1.1713,0.39237,1
1.5051,5.8101,-0.38332,6.4255,0.65381,1.7516,-1.9572,0.99571,3
1.8594,1.6271,4.6038,1.478,5.7606,7.7903,0.66185,7.3936,2
-1.652,-1.3924,1.013,-1.2516,-1.2415,-3.011,-3.5921,-1.1264,3
1.5105,3.661,4.6991,-1.5703,5.9918,5.1932,1.3023,5.6698,2
0.39885,-2.1233,2.2228,-0.88485,1.8188,1.4484,-1.5815,2.9119,1
-0.40862,-2.3094,-0.5376,7.2305,5.3238,-0.55218,-0.28166,-0.62443,3
-0.88116,1.961,-1.3602,-1.0174,1.5305,4.3536,-0.5496,1.2863,1
-1.0125,0.0144,-0.72416,-0.47652,3.3158,1.6472,3.0205,0.063174,3
3.8853,-1.9728,-1.4699,-0.59056,4.6776,-2.0654,-2.7735,0.95865,3
-1.4482,-0.94265,-1.2662,3.2325,-0.75313,0.041499,6.4038,1.112,3
-1.9677,-2.0267,3.4247,-0.95976,0.97855,-3.7362,2.0784,-1.1733,1
3.3155,3.1544,7.0945,-0.26821,2.9453,-0.082455,-0.16141,6.9547,2
3.8015,2.1979,2.2454,3.2984,1.2371,-4.1105,4.8931,-0.10245,3
2.8191,1.1198,5.8327,-0.29725,-0.79293,-2.5093,4.331,2.8176,3
-1.3903,2.8994,5.1197,-0.18851,6.5104,7.6389,-6.5566,5.9525,2
1.0688,2.3326,7.8281,2.0499,6.1059,10.317,4.5596,7.166,2
3.8602,3.2494,5.9653,6.8899,5.4494,1.0261,0.071892,5.3367,2
0.66969,-0.38893,5.4157,-2.0109,6.7991,8.2369,1.2554,4.8869,2
0.32684,6.7235,2.1429,4.9776,1.5475,6.4265,-0.080192,-0.6618,3
-1.4987,0.28548,4.9154,1.8848,1.0864,-2.7041,1.6433,3.2206,1
-1.7813,-1.475,5.7542,3.0407,6.653,-2.4964,-4.9293,3.2039,2
-2.0045,0.48096,1.0175,3.1516,0.37124,1.0059,-4.0943,-1.7206,3
3.4726,-0.43325,6.0777,3.193,4.1325,7.1231,0.90821,6.084,2
-1.1681,-0.31142,-1.3719,1.1075,0.0103,6.9876,-3.3058,-1.575,1
-2.5636,-0.51031,-0.48788,-0.79875,5.0509,6.07,6.2024,-0.7082,1
-1.3136,1.487,-0.65733,5.6734,-0.19219,1.911,5.2639,-0.36161,1
-1.6764,2.0066,1.3463,-1.2367,1.9605,-2.9526,-1.8145,3.2225,3
-1.0675,-1.959,3.5097,-0.22188,-0.31074,1.1257,5.0831,-1.812,1
1.3515,0.5734,0.80075,2.9173,4.3674,3.2563,-1.9287,-1.4522,3
1.5328,-0.70139,1.8625,-1.4827,4.3063,7.489,-0.62047,6.1198,1
-0.7819,2.0892,1.7776,-0.27967,-1.2418,-1.2226,-4.7042,-0.1673,1
1.5446,2.3953,5.6776,2.0439,6.1371,3.8483,3.0665,4.4723,2
0.73973,0.68944,0.024783,0.12567,5.7107,0.68466,4.7966,1.8293,3
1.3515,2.3877,-1.0945,4.678,-0.27305,-3.3546,2.9486,-1.1982,3
-0.66958,-1.4085,2.9077,0.51986,-0.079006,5.0351,6.3587,-0.22557,3
-2.5994,0.076328,0.99393,2.9885,-0.045653,1.9057,-1.3223,-1.3768,1
0.96123,-1.2116,2.2994,4.4508,0.26318,2.5958,-3.0879,-0.8128,1
1.9876,3.3332,6.7041,0.98223,7.4137,6.4896,2.6779,5.4838,2
1.9311,3.0286,3.2775,-1.3348,7.3345,6.3159,-1.8392,6.2339,2
3.7505,-0.11227,6.9208,-3.9732,7.0288,6.0923,1.6751,6.1645,2
1.963,-2.369,6.2789,5.3286,3.0451,5.2865,0.27903,4.8829,2
1.1033,-1.5189,7.564,-7.9594,2.6066,3.0118,-4.5122,5.6299,2
2.6367,3.4575,5.9152,1.5026,3.7238,-1.4779,2.3656,6.7147,2
1.444,1.3553,1.3747,-1.2378,0.87705,4.4892,-1.508,1.6965,3
3.3753,-0.26166,0.28205,1.4787,-1.68,2.9332,0.64025,2.0727,3
1.6373,-0.70145,-0.99077,2.2514,-1.5808,3.0693,6.6738,1.1951,3
-0.78299,2.2175,4.2621,3.2899,2.3903,1.6771,5.0913,2.6272,2
-1.6693,-1.8561,5.3518,1.3009,5.934,-2.6754,-1.683,6.9427,2
-2.7894,0.032341,3.5571,3.4922,2.592,2.8356,-3.5954,1.0005,3
2.84,-3.8931,3.2442,5.3915,6.2749,0.28754,4.3816,6.9097,2
0.19634,0.90463,4.8841,-6.6833,4.0761,-3.9052,0.48514,5.0594,2
7.9315,0.29149,0.20925,3.5587,-0.43703,-4.0509,-3.5268,2.0331,3
0.89826,-3.9865,5.6002,0.22515,5.5878,8.1559,3.7422,4.746,2
1.5627,2.4182,2.8966,3.1199,4.3738,4.7635,1.2513,3.3176,2
-0.42706,-0.47384,-0.40175,-0.42921,1.3231,-4.2239,1.569,-0.27871,1
2.7522,-0.47173,6.1887,-4.1254,5.299,8.2788,-0.30634,4.889,2
-1.5739,-1.0749,-0.90073,0.44304,-1.4956,5.2841,-2.4951,1.4414,3
-1.1543,0.20486,6.2529,1.1237,2.8573,6.7437,0.15712,7.1753,2
-1.3339,1.6581,-0.50704,2.2289,-0.78918,0.8137,-2.5948,-0.18881,3
1.2077,2.188,4.14,3.5316,5.7272,0.16461,-2.9222,6.0272,2
0.186,0.62499,2.9491,-1.9442,-1.5684,-0.66391,3.3035,0.601,3
-2.8466,-0.45198,4.946,-1.5577,0.87928,-1.6056,-2.7763,0.67412,3
1.4176,0.21107,-0.88435,-1.5925,2.3331,6.3446,-3.7901,1.2248,3
1.097,3.5436,5.7295,3.4647,5.1402,6.8613,3.6026,2.2507,2
3.0365,-0.88745,11.349,-0.53251,-1.0536,0.37968,0.50547,4.3366,3
-0.45586,-1.628,0.46478,7.237,2.5007,-2.8125,1.4134,0.44615,1
0.29579,-1.4515,2.9748,3.0307,-1.4155,2.9802,7.016,1.5755,1
-0.2375,-2.1627,-0.031231,6.4479,0.96477,2.3319,0.22062,0.044495,1
-2.6666,0.098092,5.2789,-1.5206,0.89043,-0.87275,-0.50617,0.66209,3
1.3264,2.0036,0.21168,-0.37164,3.6434,1.3871,-4.1509,0.096478,3
2.4341,2.046,6.8956,4.0674,5.9497,1.8546,3.9224,3.8469,2
1.4044,-0.32735,-0.76597,-0.33555,5.1075,0.040179,1.1282,3.0111,3
-0.3165,-2.3622,-1.5816,6.8457,2.2719,-0.85183,3.1678,-0.008707,3
-5.2205,3.5285,3.2469,-6.9444,3.889,3.4394,-9.4942,5.4505,2
-1.5641,0.33509,0.03261,0.97848,3.1376,-1.1172,-3.3107,3.2419,1
2.1294,0.40816,-0.6291,-0.75402,2.1351,-3.0784,7.0187,-1.3233,3
0.44789,0.53593,0.67802,4.1099,4.2495,-3.3291,-2.2018,-1.8529,3
-1.0007,-1.8853,-1.2834,0.72215,-1.3564,-4.6951,-4.1573,1.0426,1
0.047089,-1.776,2.1527,0.17013,2.2422,-1.1302,7.3838,-1.0979,1
1.9335,0.45724,5.8676,5.977,6.6315,0.68142,3.9431,4.1056,2
-0.1663,-2.6478,-1.3339,0.79869,-0.1541,2.9741,-1.6515,-0.84755,3
0.018937,-1.3776,1.2501,-0.0234,0.95482,-2.3146,4.8141,-1.1012,1
2.3226,0.4265,2.1623,-0.99431,2.2469,2.1892,0.78263,1.4491,3
1.6225,0.35551,0.42678,0.17935,-0.6471,-2.9925,-0.2098,-0.91373,3
3.247,-2.0682,-0.95447,-1.3561,-0.44604,4.1462,3.7097,1.6409,3
2.7314,0.22527,7.8326,3.1378,1.5617,2.7855,4.43,7.5325,2
1.4513,3.101,3.1697,0.89583,7.4862,5.6146,1.9885,-0.62075,2
-1.2759,0.90009,0.28468,-0.060322,-0.032571,0.44701,-3.9698,-1.3698,3
-1.7838,0.99783,1.116,-0.55587,2.6923,6.3846,-2.5742,0.87842,3
3.2371,3.3321,-0.20994,1.8538,1.1813,9.9254,0.85087,1.0983,1
-0.85956,0.054553,-1.3963,0.002282,4.7723,3.4239,-3.8871,0.002682,3
-1.8305,-2.214,1.185,0.85024,-0.18561,-1.1762,2.2456,-1.4647,3
6.0262,-2.4224,-0.001054,-1.8103,0.18049,1.8736,0.26493,2.243,1
0.3342,2.227,6.1252,2.1707,7.8898,4.3883,2.6831,2.0635,2
-0.10514,2.9351,2.8778,-5.8374,5.2826,8.6538,-3.4378,5.9583,2
-2.3144,-2.1948,-1.7488,-0.65928,-0.78345,-1.3483,-3.9667,0.99708,1
-1.7495,-0.93163,1.3282,3.4826,-1.2839,2.6173,-2.3336,4.3549,3
-1.9545,1.0955,6.6271,1.683,3.2298,5.4536,2.818,4.3349,2
-1.8822,-2.6497,3.2188,-0.83468,4.1132,-4.7353,-0.42223,-0.26001,3
0.7012,1.5481,6.4857,-0.4965,7.5246,-6.7653,2.4125,6.2191,2
0.51872,2.5469,5.1429,3.8772,3.6384,8.7156,-7.1123,5.6813,2
0.71638,-2.4411,0.49028,-1.196,0.039975,-2.8283,-1.1081,-0.1315,3
0.7555,7.9888,2.0578,0.38932,-0.77274,-2.0047,2.943,0.37376,1
-2.5672,-0.93756,-0.7414,0.63077,0.11018,-3.0833,-2.5727,2.8785,1
-1.3367,0.45092,3.9526,3.6006,3.7129,3.8469,-3.4636,-0.5558,3
0.055562,-1.3281,1.2991,1.9804,0.18639,-1.0947,-0.5235,3.3922,3
0.12598,2.1967,4.5726,1.4497,5.6818,6.2975,-0.45343,-0.67353,2
3.5223,1.6243,5.6094,5.4235,4.184,-8.4644,3.1526,6.5364,2
1.9111,2.4331,5.1428,-2.3321,4.9617,5.8548,-0.84032,6.8314,2
1.6885,-2.0997,4.0415,0.57041,2.5004,4.6782,4.8105,-0.4211,1
0.53252,0.078255,0.074361,3.2236,4.1179,3.9756,6.5471,-1.0924,1
-0.8353,0.30628,0.16183,2.762,-0.80992,-0.70414,-2.4839,1.1288,1
-1.8326,-1.5444,3.3102,6.8426,5.6766,5.6987,1.1564,4.8284,2
-2.2308,-1.7066,5.9858,2.6486,5.8531,8.4111,-2.3067,2.185,2
2.5438,-1.1619,5.6471,-0.26672,0.9757,16.446,-0.89444,4.7066,3
-1.4336,-1.5176,3.5743,0.13213,4.7481,5.2701,3.9782,4.7418,2
-0.49593,2.6536,7.5488,1.6498,3.9971,6.8162,1.593,1.9175,2
-1.1276,-1.138,1.3533,1.2483,0.88058,-3.0073,2.7469,2.7055,3
-0.69982,-1.7295,0.72199,-0.63501,0.37321,-2.9352,0.1522,-0.70393,3
0.057248,0.87429,2.8652,-0.53927,7.6675,9.6189,-0.67056,5.9946,2
0.78868,-2.5231,2.8386,-0.31656,0.96968,-1.0162,-3.6913,2.4375,1
3.3252,2.3258,5.9736,4.8617,6.3826,3.6744,3.8448,6.1498,2
-2.7741,0.57393,-0.88001,4.5936,-0.47814,3.3523,2.7864,0.71661,1
2.5737,-1.4921,-1.4491,4.8553,-1.1145,-0.007632,-3.0418,-0.78615,3
-0.44722,-2.0056,0.64473,0.45845,-1.7359,1.4805,0.58311,3.4818,3
-1.3696,2.0602,2.6274,0.74501,2.342,-0.29011,-2.8808,1.0617,3
2.8096,2.4064,3.6443,3.4245,7.0302,9.3657,2.6528,5.8895,2
3.9145,0.19964,-0.28335,-0.059975,1.3537,-2.3213,-4.1777,4.3397,3
5.5492,-1.8147,-0.16124,-0.2146,2.2024,2.4938,-3.3399,2.2937,1
0.2545,-1.3126,-0.77221,-0.31767,-0.5068,1.605,-1.6349,0.62098,3
0.035411,-0.38058,6.5964,1.7395,6.2599,7.0881,0.65951,6.1156,2
-1.533,3.1546,0.11538,-1.344,2.6636,2.7381,0.29974,-1.7407,3
6.0002,-1.3094,1.0162,-1.1921,2.2101,3.452,-2.209,1.9705,1
0.082743,-0.99696,4.9969,-5.9308,6.5846,8.0745,1.9243,7.4783,2
1.9088,3.3609,-0.58248,0.81949,3.603,-4.1128,6.9209,1.8271,1
0.023408,-1.1421,2.8855,1.649,2.8889,2.5702,-2.579,1.1299,1
1.4046,-1.3489,7.204,6.46,3.5084,9.8563,4.2707,7.0433,2
1.559,-1.2154,-1.3696,-1.4228,1.6681,-2.5165,-1.0507,4.1555,3
-1.1403,-0.26199,0.70481,-1.1608,2.9525,-1.3544,-0.8061,3.3947,3
-0.21401,6.6898,-1.7857,-0.47933,1.1544,-3.0446,-4.1422,5.4421,1
1.9474,-0.9468,-1.4794,-0.27611,-0.13472,1.4494,-1.1421,-0.016416,3
0.597,3.0804,0.048699,-0.006111,0.80926,-0.7473,3.1915,-0.45708,3
1.5799,2.7631,4.8622,2.8937,6.9607,8.7386,1.3185,6.0769,2
2.225,-0.20364,5.0871,5.4856,1.3081,-5.3962,2.5482,5.3611,2
-0.31939,-1.0649,-0.62179,0.52633,4.0752,0.5748,10.576,0.14823,3
2.1842,2.4949,6.6219,-0.58117,7.5556,9.9923,3.7973,3.5686,2
3.0873,-3.4618,5.6443,-0.60412,4.5122,5.1207,0.40436,2.86,2
-0.65182,0.38983,-1.0168,-1.0527,3.8648,0.65734,-2.035,-1.8084,1
2.1466,1.4489,4.2144,1.621,-0.35739,9.7336,-2.0202,2.4577,2
0.40263,1.9433,5.2866,6.1947,5.3123,0.41545,2.8164,6.5102,2
-0.88596,0.30337,0.81569,-1.4249,2.9752,5.8628,5.6025,2.4519,3
-0.50424,0.95217,7.4099,1.3022,4.9276,8.536,4.8409,6.4366,2
3.8637,-1.2638,-1.1392,3.3489,5.3476,2.6434,1.1631,4.9343,1
0.15527,-2.1939,0.54083,-0.69745,-0.59355,7.3941,2.1924,0.92909,3
-0.57344,1.5854,-1.3438,-0.27091,0.04627,-3.7419,13.93,4.4395,1
2.6703,-1.5258,3.4066,2.5529,-0.094511,0.74964,0.83647,0.285,3
0.22564,-0.32054,-1.7665,3.4849,-0.93223,-3.6988,3.6924,0.91133,3
1.0847,2.4575,-1.6864,-1.3375,1.7971,0.21538,1.153,-1.1138,3
3.8482,0.48831,6.2667,5.325,4.4033,7.4194,-2.5418,6.0866,2
-1.6673,1.3133,-1.1595,1.3601,1.9612,-1.1934,1.3453,4.8581,1
-1.3568,-1.7769,0.55045,-0.67314,4.0325,2.1612,12.793,-1.7011,3
-1.8404,3.0772,6.6618,1.1295,5.5048,10.407,0.030288,7.6009,2
0.31558,-2.8667,-0.37889,0.6076,2.8795,3.0092,2.7506,0.75471,3
2.0994,-1.8947,3.7863,-6.3847,1.7506,7.0114,3.1428,7.2625,2
-2.2662,2.3456,5.7147,5.2878,6.7662,2.858,2.0143,5.4694,2
0.15674,3.6682,5.3569,1.6509,5.0219,4.2375,2.2726,5.7812,2
-3.5342,1.3497,4.2132,1.381,5.7849,6.7382,0.89414,7.7928,2
0.18755,1.5369,3.5456,2.7884,4.3779,5.387,3.4859,4.9581,2
-1.0249,-2.2994,-1.1331,0.23756,0.11921,-0.56462,-1.8348,0.57333,1
-0.12716,2.6012,4.2104,0.32958,0.2012,4.6566,-3.5637,1.1405,1
-0.008924,2.6143,7.6946,1.3037,7.6142,3.4992,1.6156,3.8283,2
2.6201,-2.2433,3.8569,-0.39922,-1.5725,-1.8688,9.3334,-0.64906,1
2.6119,3.2208,6.635,-1.1644,3.0074,6.2806,0.54529,1.2559,2
1.6634,0.48482,-0.17694,0.73569,-0.32249,-0.14298,-4.487,4.7897,1
-0.35991,4.1858,2.584,0.20023,-0.50208,-1.9658,1.7116,0.10924,1
5.5321,-2.8129,-1.82,2.8504,3.579,-0.070726,0.34978,0.94656,3
-1.6538,4.5557,1.0043,-0.32832,-1.2368,-4.305,0.7617,-0.83188,1
1.3292,0.70079,-1.4609,-1.5707,-0.63512,1.3905,7.3842,6.2485,1
0.044276,1.1499,4.3929,0.23098,0.50147,-0.9468,1.1195,-0.24942,3
-1.6027,-1.7023,-0.25109,3.781,2.5809,-0.25154,-4.5917,3.4972,3
-2.1497,1.0499,2.3746,0.5574,2.3633,-0.41049,-1.9115,-0.91703,3
8.4592,0.36952,1.9229,2.3422,2.4893,-2.1872,-3.9574,-0.36766,1
1.6627,2.3663,6.4385,-0.66136,6.9263,5.1141,-3.5585,0.9026,2
-0.27283,-2.1966,0.47904,-0.32327,3.5546,-1.9355,-1.6079,3.8871,1
3.7667,3.7091,6.9416,4.4094,3.9683,7.7641,1.1709,6.5331,2
1.48,-2.5125,2.4818,-0.37116,1.126,-2.7428,-1.109,-1.1998,1
-0.67086,2.8153,-1.296,-1.9638,1.4026,-1.7923,2.4572,-0.53748,1
-0.64016,1.0318,0.14027,3.2031,2.0799,-0.19755,1.3553,4.7922,3
-3.7145,0.18286,5.9142,-1.1821,6.8565,7.6201,2.3778,2.3027,2
0.43815,-1.5969,-1.7041,2.0931,-0.40692,-4.4488,-0.10227,0.91014,3
1.2325,1.8102,4.1072,4.1863,5.0858,-0.41135,3.202,6.6255,2
1.3445,-1.7546,1.1167,0.087158,-1.1228,3.0281,2.0744,4.3404,3
-0.84879,-1.7427,0.61551,2.3902,0.48532,1.5895,8.3949,-0.19532,3
-0.70666,-1.2647,0.60724,1.109,-1.5134,1.1335,-0.17389,-0.055718,1
0.70348,-2.1309,2.5698,3.5642,-0.62983,4.5057,-3.1115,-1.0496,1
-1.0586,0.48759,-0.074049,2.0046,3.111,-0.12855,11.53,-0.48058,3
-1.5171,2.4796,2.6394,-1.0668,-0.84598,0.26102,-3.922,-1.3377,3
2.4291,-1.5585,4.9646,5.1635,4.181,3.5288,-0.83318,5.7771,2
-1.8718,-0.449,-1.3119,0.18232,-0.75717,-4.3924,-2.3473,-0.7898,1
0.4486,0.25164,2.4157,0.74885,1.3846,2.1938,-0.85477,-0.25776,1
-1.2966,0.75959,1.9857,-1.6476,4.0451,-5.0018,-3.79,-0.27314,1
0.28028,-1.7504,-0.35772,4.5299,0.2607,1.8503,0.47151,0.99062,1
1.9635,1.6728,5.7936,-3.3064,3.8801,10.166,1.951,7.8326,2
1.4856,-1.6153,2.0713,-0.83624,-0.9622,-2.297,-3.3387,-0.78133,3
-1.6372,1.2504,0.074678,-0.15222,3.4961,4.4575,-2.6085,4.7953,3
-0.70338,-0.5497,-0.51131,1.2671,0.28257,-3.8503,2.346,0.62096,1
0.79702,0.91615,-0.61785,-0.005799,4.0584,4.1848,5.2337,3.0749,1
2.1171,-0.44483,6.3314,1.7154,6.0199,6.5725,-0.8817,5.9736,2
2.3839,3.1866,6.7784,2.472,5.385,3.1908,-0.97356,4.817,2
5.3762,-2.0243,1.0472,-1.5493,-0.43843,-3.4,4.9958,-0.61141,1
-0.50776,-1.689,0.67586,0.43733,3.7574,-2.6635,-0.36453,1.1276,3
3.4905,-0.10908,2.8888,2.5835,6.3284,6.44,3.9948,6.6107,2
-0.01093,1.0835,7.3219,0.47448,4.834,5.0982,2.1096,5.6595,2
1.0506,-0.28019,2.4863,-5.2826,6.4597,8.1005,-1.2687,7.4317,2
5.5895,-1.6857,4.0228,1.1179,4.2884,3.3252,2.1715,0.75183,1
5.5952,-0.61629,3.5465,-0.40569,2.5281,-1.5266,-0.7055,4.8679,3
0.93446,-0.11129,0.27413,4.9234,0.26109,-3.106,-0.81906,1.5041,1
-0.003976,-1.0927,-0.62784,1.8157,2.4735,0.66812,2.9394,0.15403,1
0.55344,-1.9024,6.748,-1.5446,6.9575,1.9355,-1.8466,6.259,2
0.97144,-2.5025,-0.26512,0.34339,2.5248,-1.5723,-0.65894,2.72,3
-2.3544,-1.1282,7.1691,6.7175,4.7651,-1.2129,1.9115,-0.44533,1
-4.1041,2.5068,3.7281,3.0703,5.8832,3.9411,3.9921,6.046,2
2.7108,-0.80234,-1.2487,1.8285,4.5466,-1.6024,-2.7982,-0.34835,3
-3.4652,-3.6896,4.1097,0.19133,5.7741,8.5912,2.9223,4.9063,2
-1.125,-1.3697,0.47476,0.079301,1.5781,-1.5818,4.4374,1.7878,1
-0.30349,2.9511,7.1835,5.8949,7.1742,1.2441,-2.1362,6.5335,2
-1.9967,-0.82265,1.2813,-0.61856,-0.24132,4.1446,5.5764,1.4069,1
-0.28316,0.011473,0.19719,8.3555,1.3901,-2.6905,-4.8235,4.7479,1
-2.3111,1.7761,1.9183,3.348,1.3452,10.812,-3.2791,0.97257,1
2.8073,-1.2679,1.7965,1.6528,4.1659,8.0409,-1.7448,-1.2757,3
0.91028,1.2748,3.587,-6.5178,6.9483,10.801,-5.0539,5.3411,2
1.2765,-2.0638,6.8652,4.6096,3.9864,4.3116,4.1685,3.4155,2
-1.5796,1.8723,-1.2686,0.37982,0.98971,2.3602,-1.327,0.82613,3
1.3549,-0.90354,0.93033,-0.12825,-0.52699,-3.2519,2.4922,1.2871,3
2.6302,-0.87735,0.34754,1.3169,1.8,3.1371,7.9806,3.514,1
-1.19,0.9603,2.3174,-1.0195,5.0786,4.4463,2.4103,-0.62579,1
-0.93588,-1.0063,-0.27102,0.73529,-1.374,-3.0694,-0.65854,-0.16595,1
0.80112,-1.354,2.2301,0.22806,1.8201,0.41998,6.4029,-0.98325,3
-1.2841,-1.8736,-1.7936,5.9189,2.3966,6.9714,4.5259,1.5026,1
-0.46593,1.865,5.6102,-6.6352,4.9441,8.4105,-0.71856,7.653,2
2.3129,0.70913,4.4154,-0.86224,3.3186,0.43468,5.1573,7.2468,2
-0.40377,-2.1412,2.2945,1.9483,1.1609,-3.0013,-2.4097,-0.45255,1
-1.2658,-2.5586,1.2723,2.2457,-1.6541,1.6712,4.393,-0.60289,3
0.99972,-1.4079,-0.060331,-1.8161,2.3273,-0.26036,0.17327,0.42076,1
-1.2504,0.63955,6.3641,1.217,1.8712,-1.1832,8.1089,3.1269,1
-1.6755,-1.3209,-0.74331,1.3252,1.4867,2.3807,-4.327,4.035,3
-1.4539,2.2779,1.2984,-1.1878,1.7704,5.3124,0.74321,-0.87203,3
3.5613,-1.319,6.8876,0.66108,3.0145,10.046,3.1002,5.2382,2
3.8017,-2.566,0.40449,1.6306,0.96665,-1.1676,1.8984,-0.84832,1
-0.29642,1.4573,1.1563,1.5558,3.4817,0.12831,1.1143,1.0938,3
-4.9248,-0.25641,3.7155,-0.78938,4.678,7.8523,2.5777,4.7094,2
1.9348,2.8447,-0.27334,0.47294,2.0709,0.19807,-1.9722,-1.0649,3
-2.1956,-0.68237,0.54088,1.7856,3.64,-0.82922,-1.3837,-0.001834,1
0.050036,1.3153,5.2654,4.4749,7.1661,2.7601,-2.516,6.8554,2
1.53,2.0627,5.8804,4.9387,6.921,3.9879,4.638,4.3321,2
3.1326,2.4224,2.157,5.4975,7.4918,8.992,-2.9316,3.758,2
-2.7077,0.82077,0.056876,5.9053,-0.027534,-0.98989,9.2698,2.9285,1
-1.2003,-1.8236,-0.9106,1.6727,2.4546,-1.3353,3.5399,1.4387,3
-2.7963,3.2016,-1.3681,-5.6579,7.8711,-1.1335,-0.29338,0.38315,2
-0.040693,1.5199,6.9826,2.8883,4.157,5.9356,1.3602,5.1635,2
1.1168,0.76977,0.17728,3.2434,3.2576,6.5276,-1.8,-1.1281,1
-2.4354,-0.95113,1.8388,-0.99357,-1.5153,-1.3109,14.421,-0.91592,1
1.5792,-0.81215,3.4799,-0.56432,2.2895,7.5659,0.88309,-1.6752,1
1.6068,0.77184,3.9087,1.1401,5.3262,1.4162,1.1167,0.86051,1
0.27378,-1.3485,1.0104,4.4323,-1.395,-3.4144,-1.2181,3.3373,1
1.5076,-0.36328,-0.61308,0.54367,-0.26154,-0.73042,3.4758,-0.62163,1
3.6284,-2.3072,-1.5135,-0.10074,0.22656,1.1751,-0.75265,-0.71886,3
-0.87926,-1.5732,1.4202,-1.5218,-0.56539,-0.73741,-2.0615,0.87779,3
-1.0647,1.3143,0.13081,-0.45923,2.1123,6.138,-3.5479,3.5271,1
-1.3504,-1.193,1.2939,1.358,-0.57672,-1.1693,-3.2483,3.2901,3
0.067329,1.3,7.1723,0.5745,5.139,5.2829,-5.6853,1.7867,2
-1.1433,-0.48891,1.8032,-1.1579,2.9359,9.2406,-3.7178,-0.49507,1
0.56852,0.5377,-0.4554,1.2997,-1.8969,-3.2091,1.9985,2.1472,1
1.0459,0.044895,0.86592,1.1269,-0.83649,-2.8682,-4.3317,0.22067,3
-0.29733,2.5411,-0.54647,0.47426,-0.25144,1.7142,2.3815,1.4601,1
0.3215,2.4283,0.79621,-0.33047,3.7898,4.6338,1.7988,2.8655,1
-0.28767,2.2792,0.67688,2.9243,-0.030403,-1.5781,-0.22927,3.3988,1
-0.19748,1.909,6.0454,2.5414,4.2182,5.1521,3.248,4.3714,2
1.4261,0.72552,-0.64456,2.1474,0.60065,-3.4617,-0.78326,-0.39991,1
1.2348,0.9287,3.0965,0.72109,3.1464,-0.46887,3.0487,2.0456,3
-1.8494,0.97782,0.33167,-1.7368,0.18804,5.6179,-2.7223,0.94805,1
-0.79748,2.3557,6.4697,5.5006,3.8143,10.278,1.6392,5.7871,2
0.86388,2.7197,7.2741,5.5124,2.6522,-3.1248,3.1072,2.8143,2
3.1144,-1.618,2.5308,3.2372,-0.034069,-2.3803,2.1373,1.9831,1
-2.9057,1.2689,0.45912,1.2428,-1.2684,-0.76453,-1.322,0.50301,3
-0.87608,-1.2192,-0.89814,0.29502,0.45466,-4.4917,11.081,-0.75382,3
-2.211,-1.6131,0.23591,1.7317,-0.16074,-3.6291,3.4735,1.8221,1
0.2407,-0.56585,0.058109,1.7657,0.67555,-0.001752,-2.1159,0.68077,1
-2.3327,1.2169,0.7151,1.8912,-0.11087,-4.8698,-2.5139,-0.34705,3
0.65788,-2.493,-0.43051,1.6949,-0.43044,-4.6691,4.9137,2.2993,1
-2.4997,1.4997,0.80759,5.5503,-0.17284,-2.4643,-1.2693,-1.6236,1
6.0735,-1.1642,0.27611,7.3402,3.5057,2.5524,3.5304,-0.46044,3
-0.32288,-1.7813,-0.46676,-1.1379,3.1522,-0.52048,-1.3616,3.2587,3
-4.6605,-3.2302,4.8012,4.5885,5.7838,8.9577,2.9099,-0.67225,2
-0.92492,2.3531,2.2831,-1.7267,-0.44219,-2.4764,6.6707,-1.708,3
2.2245,4.6693,1.0432,1.0425,-1.1295,-2.9983,8.0342,-0.28382,1
-2.0596,2.4373,4.2524,-0.21975,6.0714,4.8546,0.49027,5.5341,2
2.1542,3.187,1.2812,-11.787,1.1575,6.0043,2.8266,6.0316,2
-1.1595,-0.36694,1.8625,3.2159,-0.83573,9.5365,6.1888,-1.2562,1
-2.2877,6.4941,-0.30897,0.15165,1.1069,7.1734,0.7314,0.48856,1
1.5962,0.96426,2.1012,0.028281,2.5353,6.6914,-4.0717,2.8051,1
-2.5791,0.26487,4.6857,0.4316,-1.2075,-4.1081,-2.3379,-0.54434,1
0.21698,2.9485,4.6938,-2.8152,4.0256,1.5602,2.0686,4.594,2
-1.0693,-0.3294,4.9534,-0.45531,2.7364,-2.6157,-0.21804,0.71159,3
-0.32341,-0.45504,-0.27756,1.4943,-1.2922,12.717,1.4181,-1.37,3
2.037,-0.85741,5.2677,-1.8807,5.6855,5.2388,3.4044,7.6089,2
3.1545,-0.95333,5.5534,-0.3095,5.5524,0.001773,4.0539,6.6323,2
3.4424,1.1461,5.3457,-2.7453,4.5451,8.7452,-7.207,6.9221,2
0.68755,0.35257,6.5534,1.6269,2.3464,4.7285,-4.1768,6.5696,2
0.61297,-1.5523,3.7005,-1.0955,0.46342,-1.8913,-2.3895,-0.95698,1
-1.9978,-0.88763,4.941,6.2956,5.9944,3.0868,3.537,3.3226,2
-0.75553,2.6264,-0.2035,0.10033,0.68388,0.022729,8.0239,0.66201,3
-1.4544,-0.6924,-1.4658,2.3426,-1.5042,-3.6547,-3.3003,2.5603,1
0.80429,2.1022,-2.214,-2.7729,2.8784,-0.025365,2.937,5.952,2
3.6983,-2.2939,5.7694,5.6994,4.1315,5.0524,3.8249,6.1941,2
-2.1887,2.1671,-0.23688,0.53399,6.7294,-3.7251,-0.70017,-1.1394,1
2.0114,0.65436,3.3951,1.2981,-0.17217,-1.1215,-1.6484,2.9112,3
4.1073,-2.3287,-0.47288,-1.6228,3.1991,-0.64452,-3.0551,5.1611,3
3.6434,2.9664,5.2054,0.85538,3.3092,-0.50187,-11.398,5.6354,2
3.4008,1.9262,7.6496,-0.63999,4.3043,-6.8415,0.75829,7.6703,2
3.9253,-0.73279,1.0324,-0.33966,-1.3667,4.6693,-0.52889,0.66693,3
0.87851,2.9058,2.9047,-0.23745,2.2458,0.69656,3.5147,-0.39814,1
0.23008,-0.95298,0.63435,-0.14508,-1.8555,4.5097,-4.6734,-1.8757,3
-0.9565,2.169,1.1609,0.67509,-1.1657,4.8104,2.7065,-0.84231,3
1.7693,2.9403,6.3022,-0.34869,5.8058,1.1573,-1.4893,4.9729,2
2.0882,4.3766,2.2049,-1.5723,-0.31822,-1.8347,4.1046,3.7165,1
0.6188,-0.89455,3.5265,-4.1652,4.93,-5.2629,-2.0531,3.8999,2
1.0858,0.92053,6.2071,-4.451,5.3188,8.9309,2.7197,5.6074,2
-0.5808,-2.4827,0.29791,-0.63605,-1.3548,2.7434,-4.4157,0.72661,3
-1.2003,2.2615,6.3453,1.353,5.0083,7.9851,1.0652,1.2606,2
0.11643,0.36695,-0.44717,5.1877,-0.18705,4.5369,5.5209,-1.0021,3
0.53414,0.85593,-0.62173,-0.52491,0.53608,-0.085197,-3.5767,-1.0867,1
1.9445,-1.5275,6.6841,-3.0086,6.6818,8.2518,0.98807,6.6067,2
1.4634,1.6966,3.0019,-0.28636,-0.18076,3.2559,6.0942,-0.30308,1
0.76942,2.1104,2.9488,1.7218,1.4379,-2.3009,-3.7164,4.5271,1
3.7017,2.4876,5.1662,-1.9988,4.1979,-0.75959,3.1973,0.65853,2
3.0799,2.2311,-0.71194,2.111,-1.4081,0.38393,3.9893,0.077547,3
-0.93792,-0.016549,0.76782,-0.84748,2.6014,0.93315,-1.117,-0.98177,1
2.1661,-1.7197,0.46042,5.3133,2.2794,5.1217,-4.6876,1.4096,1
-0.7377,-2.58,-1.3121,0.68539,1.3826,3.0057,-4.0808,-0.58673,1
-2.0385,-1.6066,0.97951,-1.2339,-0.56682,-2.1418,-1.9095,-0.86255,1
-0.6613,1.449,0.98338,4.1121,-0.47113,-2.2466,-3.5386,1.2565,1
-2.669,-1.2257,-1.0418,1.9412,3.769,-1.8897,-1.3701,1.4987,1
1.6841,2.7665,7.0139,2.0306,1.5235,6.7209,2.5101,4.5257,2
1.7181,-0.6209,2.4532,1.8235,-0.75175,-3.2859,-2.4841,-0.83049,3
-2.4612,-0.85424,0.36598,0.94504,-0.23904,-1.9258,7.9827,2.3246,3
-1.2246,-2.1109,-0.35826,-0.44824,3.7107,-4.6885,3.8864,-0.76121,3
0.88142,-1.9394,2.4461,-1.5137,-0.31198,5.5193,1.8748,0.19087,1
-2.7766,3.8077,1.1774,1.9412,-0.14287,-0.050004,1.3363,-1.2562,3
-1.7053,-1.6781,-0.81984,-1.069,-0.57443,4.1908,2.3549,0.41355,1
1.2162,0.59098,3.5626,4.0463,5.7006,-0.075348,-0.95347,5.0076,2
-2.6163,-2.3037,1.0387,-1.4621,-0.27894,-1.9676,2.4124,-0.13961,3
-1.9556,-0.38514,4.9687,-1.0884,-0.21985,-2.6267,-0.44863,1.4449,1
-1.3645,-0.89842,2.3952,1.1931,2.2004,-2.8075,-4.3524,2.8033,3
0.94776,2.8657,2.7133,-1.1289,3.0226,12.873,5.0723,4.3015,1
-1.2263,-2.2508,-1.6035,-1.3318,-1.0106,-2.9589,0.63438,-1.2309,1
-1.7364,-2.1865,1.5295,-0.57112,-0.68689,-0.60874,-1.9561,0.014658,1
1.7396,-1.1851,1.1207,0.62455,-1.2169,-3.5579,1.3237,4.0334,1
-1.1169,-1.4157,0.41207,4.8965,0.73194,0.29827,-2.7043,-1.2846,3
0.60609,-0.5858,-0.56512,1.7905,-0.42441,0.2077,-1.3447,-1.5917,1
2.1547,-1.6466,-0.69647,1.5512,9.4397,-1.9791,9.8312,3.7985,1
2.2856,2.8433,5.5039,1.286,4.905,8.5113,2.1651,5.0289,2
5.1348,0.49083,1.611,-0.51508,1.1768,1.4938,2.5862,3.1877,3
-0.64581,0.63399,0.20438,-1.0396,1.3852,7.8051,2.5811,2.1861,3
2.8422,2.1699,2.4786,2.6609,2.988,7.5361,-1.3356,6.8704,2
1.713,2.1319,3.8436,6.5408,5.2922,8.297,-7.5988,2.7949,2
-1.1796,3.3619,1.2387,2.1221,6.3773,5.7654,3.3753,4.876,2
-3.092,-1.7327,6.1319,-2.1512,3.9593,9.4172,5.2211,6.4571,2
2.8685,-1.1556,-0.87257,0.54219,3.1957,-2.9668,1.9405,-1.6662,3
1.2471,3.2528,-1.4934,0.23013,-0.14015,-1.8054,-3.3138,2.2219,1
-1.0293,2.9711,4.3019,5.5606,2.4224,0.056368,0.007487,7.6408,2
-1.7523,1.5626,1.8135,1.514,-0.61898,6.9969,3.612,-1.0642,3
-0.5103,0.86534,4.7141,-5.9938,5.4277,0.079536,2.2985,7.0656,2
-1.4768,1.0631,-0.35636,-1.154,4.3162,-3.8294,-2.6108,0.63779,1
-2.7987,-0.49517,0.38986,-1.5953,0.058662,-0.91505,-0.31277,1.1518,3
2.5248,3.4607,3.3386,6.4074,6.0539,5.7181,-1.3207,4.7415,2
-0.42513,1.8052,2.2732,-1.1175,-1.7971,1.084,7.9999,0.82918,3
-0.20376,2.2327,1.5728,-0.47449,2.1992,-0.80735,-2.0342,-0.46824,1
-1.955,-1.5001,5.5207,-0.68617,5.2181,10.07,-6.2675,6.778,2
2.8043,3.3779,-0.82283,-0.90965,-0.054241,4.1755,6.5426,0.76951,3
-2.4571,-0.65285,-1.1832,-0.95229,1.134,0.069635,-3.55,-0.78988,3
-2.9292,-0.43388,1.9953,-0.29393,1.1044,-4.6973,0.81454,0.54815,1
0.91274,-2.8621,-0.92516,1.466,6.3536,2.6249,0.00781,0.13878,1
2.2767,0.17211,7.6007,2.6013,6.2893,7.9294,-8.6786,7.459,2
1.8544,2.6768,7.3951,2.9032,5.6722,-1.2495,0.12621,2.0627,2
0.080499,6.5782,-1.5279,-0.010299,-1.3946,-1.6876,-0.84236,2.9091,3
1.7658,-0.2194,0.16654,-0.83193,2.9824,1.5783,-1.6815,1.2819,1
-1.3305,0.32599,1.7561,0.44383,-1.251,-4.0013,-2.1906,0.92579,3
2.0893,0.60426,6.5413,-0.57434,7.6962,2.9747,-1.7072,3.678,2
-1.5309,-0.056598,2.0294,3.9316,0.32826,5.4395,3.1935,0.14225,3
-2.0546,-1.5756,1.6686,4.5208,3.8631,6.9125,2.9466,6.9172,2
0.87897,1.2587,-0.93271,-1.5729,0.68164,-1.569,2.8882,-1.2974,3
0.24289,3.7416,4.1616,3.7034,6.321,-12.081,-0.31381,4.12,2
-0.9287,0.62824,2.7081,3.9301,2.7495,2.0206,2.6146,0.58074,1
-1.3759,1.9479,6.2518,5.2706,6.4927,-1.2871,2.6487,5.757,2
0.91047,-1.2192,4.9315,-1.6009,1.0436,10.534,3.0015,2.8197,2
-2.1728,0.72156,-0.049347,0.89663,-0.60251,-3.4053,-1.7203,-0.79014,1
3.9038,0.30884,4.1089,1.6657,2.5079,1.834,1.3445,-0.44345,1
-0.92585,-0.88724,0.32219,2.7801,3.6343,0.54251,0.067276,2.9792,1
-2.0638,1.6158,-0.008927,5.3837,1.2767,1.3913,-3.0784,0.96608,3
1.2395,2.7637,2.684,5.786,5.8507,3.0408,3.8522,5.3729,2
-1.1204,0.13989,-0.3207,1.1403,-0.8771,7.5012,-2.4301,-1.6316,3
0.38416,0.92143,6.6631,3.1161,7.0763,1.0876,4.9676,4.0864,2
3.7467,3.3702,1.3092,-5.9194,5.5141,4.8811,2.8067,2.858,2
-2.5221,3.8549,1.3642,1.1083,1.7345,0.55705,-1.1914,-0.69336,3
2.7454,2.0099,7.159,4.4688,6.5746,6.5784,-0.28068,5.0666,2
0.67912,1.6571,4.5325,6.0287,5.5823,6.5932,1.9147,6.887,2
-1.7805,-0.65595,0.20758,0.13279,0.91342,2.7357,0.45528,-1.0653,3
0.81681,-0.50255,5.648,4.559,3.4039,7.2621,-1.1771,2.5563,2
-1.8276,7.7455,1.6738,0.60985,1.3721,3.2528,-3.1567,-0.24134,3
2.326,2.9494,6.6239,-10.025,6.3494,4.0519,4.2068,7.6448,2
0.57751,0.82874,0.38909,3.2222,1.579,9.3181,5.0469,7.5912,2
1.3752,2.5725,2.9583,3.288,-1.22,3.1297,5.1967,3.1157,2
0.71162,-0.32075,-0.86632,2.7148,1.7271,1.1623,8.8818,2.5487,1
-1.3224,-0.54473,0.66709,0.8276,-0.46921,8.9804,-2.0324,-0.43855,1
-1.4479,2.3504,3.138,-1.0611,2.2009,-0.83228,1.6797,0.55124,1
-1.3743,0.81427,3.3657,0.097931,3.1623,4.518,7.7598,0.43794,1
2.1665,-2.2369,-1.5113,1.5515,0.088357,-1.6095,3.0823,5.8192,1
-1.6205,-0.61195,1.4107,-1.716,-1.5447,-2.7417,-2.2936,4.3498,3
4.7824,-0.51971,2.841,0.66006,2.0417,1.4072,-4.3707,-0.86525,3
0.50821,-1.6375,1.129,-1.8043,2.3351,0.59859,4.8452,-0.20069,1
1.2434,-2.172,7.5329,4.7476,6.592,4.0064,0.45929,3.5462,2
0.95863,-0.57724,1.3485,-0.91454,3.4999,-1.5175,-1.1286,1.171,1
2.0298,-5.4557,5.968,3.9147,5.1011,-12.226,3.1724,4.7221,2
0.23616,0.26426,-0.52028,-0.94857,0.99031,1.1526,8.5848,0.16496,1
-0.75281,0.9537,4.5252,-0.49076,-1.5521,0.78928,-3.47,5.9683,1
-2.9407,1.1644,0.94937,1.4255,2.0402,0.70952,0.93369,-0.17215,3
-0.86853,-2.6855,1.6074,2.3861,5.1656,-3.4963,-1.145,3.4371,3
0.16616,3.7108,6.3198,-0.81065,4.5171,8.9722,4.2643,6.6398,2
-2.2364,-2.8019,-1.8321,2.7278,3.7821,5.4523,-2.655,0.029033,3
2.0012,2.0853,6.5035,3.2487,3.5016,2.3595,-1.5466,4.7107,2
-1.0713,0.29785,4.8181,0.25514,-1.7659,2.1452,1.9707,-0.46954,3
-1.042,-0.39589,0.43265,1.7147,1.5813,-2.9935,-1.7892,1.5789,1
1.2184,2.7375,0.4199,-4.3476,3.4638,10.399,0.9492,7.3445,2
2.9358,-0.039295,6.6896,-4.0797,6.7338,-2.9157,2.8575,5.8136,2
-2.6531,-1.9349,0.32883,7.153,1.974,-0.12474,1.9426,0.90872,1
1.0541,3.323,2.9219,5.9891,6.4615,8.6759,-4.6248,6.4138,2
0.26854,-0.44706,0.69925,2.5664,0.94186,2.6736,-2.8453,-0.90066,3
-1.2641,-1.7097,-1.5579,0.53439,-0.90745,4.7474,-4.219,1.3796,3
0.38265,1.2047,0.56689,1.7516,3.8439,-2.1101,1.1397,2.6114,3
-0.12833,-1.2946,3.1929,-1.863,2.6413,-3.0122,0.48964,-1.2598,1
-2.2836,-2.669,0.98382,-1.3978,1.0302,-2.2406,2.5933,2.0298,1
3.0202,1.4816,5.9575,3.0649,5.7398,2.6415,-3.0531,4.2852,2
-2.6561,-0.82342,-1.5762,9.2948,-0.57371,-1.0435,-2.5154,-0.89474,1
3.3164,0.23288,3.5958,3.0055,4.7414,5.4086,2.099,5.8443,2
1.5574,3.7674,1.2448,-1.2196,1.8293,2.3413,-4.6054,3.6417,1
1.9301,3.1362,-0.65343,0.15994,2.6946,0.93864,1.6646,-0.055824,1
1.6488,0.81601,1.5411,1.3039,1.2828,-3.5166,-2.8159,1.4837,1
2.2334,0.72672,-0.29578,2.4613,-0.48429,-0.30529,1.2421,-0.63203,1
3.1255,-0.57544,4.2614,-1.456,1.0063,0.033633,-3.6771,-0.28953,1
1.5001,3.5165,6.012,-14.053,7.2729,5.8002,4.3816,4.7174,2
0.31902,-3.6524,6.1463,3.5345,7.7514,6.6291,1.3051,3.5094,2
-1.4634,-1.9216,3.5203,-0.94941,1.9255,-0.98826,-1.8772,4.5409,1
1.4319,-1.7169,-1.6086,-0.73687,-0.015305,1.5355,2.035,0.017534,3
2.0305,0.87579,-0.10523,-1.2193,0.85163,-0.84847,-3.8699,1.8183,1
1.0316,0.74078,6.6604,5.071,7.7847,2.9919,-4.8704,5.8322,2
3.1867,-0.32478,7.4004,-0.33475,6.9029,7.0716,-5.031,3.0964,2
-0.65536,-0.93094,2.4789,-1.2785,1.4823,-0.62152,-1.2738,1.6158,1
1.3461,-1.2297,2.0576,0.99516,5.4409,-2.2476,5.6587,0.25868,1
0.92223,1.4264,1.5762,3.7643,3.3844,2.653,-4.0983,2.4612,3
5.5945,-0.28949,0.38117,0.047687,1.0147,1.8146,-4.4749,7.6324,1
2.2327,-0.69063,-0.67549,2.0832,-0.67808,0.79472,-3.5808,3.1185,3
0.26654,-0.50549,-1.1422,1.4068,-0.062015,3.214,4.3894,2.3347,1
2.5769,-0.81944,1.1931,-0.68111,3.8216,3.4489,-0.82058,0.81111,3
2.7654,2.1776,5.8507,2.7467,5.6332,7.06,-2.2413,5.3986,2
2.0012,0.16218,7.2629,1.0994,4.2783,-0.3479,3.8694,7.0153,2
-1.0754,1.3648,-0.002912,0.010169,0.24655,-4.1808,-2.4933,1.6724,3
-1.1882,-2.0993,-0.99197,-0.75454,-0.81244,-3.6715,6.8119,1.1717,1
2.8432,-0.19903,1.2981,-2.5411,3.0074,7.8489,1.2772,1.1449,2
2.1085,5.1016,-0.65001,1.1136,3.0478,0.61044,-2.8617,3.4615,3
-1.205,-0.23523,0.80962,1.47,-1.4897,-2.6983,-2.018,1.2024,1
0.2307,-2.0892,-0.25283,-1.1894,1.7002,-2.931,3.984,-1.5377,1
2.107,0.33906,1.0451,1.4822,3.8273,4.0788,3.4685,3.0212,3
1.1149,-1.501,-0.75884,0.29832,2.8292,-0.18845,-0.29774,-0.97254,1
0.051039,3.0941,2.5469,3.8048,1.7548,9.6875,-0.068379,5.4893,2
-1.205,-0.23523,0.80962,1.47,-1.4897,-2.6983,-2.018,1.2024,3
-1.3164,-2.4065,1.3997,1.9576,1.4869,-3.7687,0.27919,0.24795,1
1.68,-0.36729,2.5921,7.2576,-0.17108,0.244,0.11003,0.41783,1
1.4167,2.064,7.327,2.8555,4.2588,-7.9889,-1.4609,5.4698,2
0.45416,-2.3452,0.38997,-0.98146,2.8747,2.4235,-1.1561,-1.8292,1
3.4014,3.6766,4.2572,5.5574,7.6905,-9.1227,4.4088,3.042,2
2.8022,-0.066118,4.3011,-0.28643,1.9065,4.7644,-1.9748,5.869,2
1.7136,3.0866,4.811,4.003,5.881,3.726,3.9538,4.8803,2
2.9904,1.1316,4.5215,-0.50918,4.8413,2.9059,3.5605,2.6535,2
0.4701,1.8667,5.8444,0.17097,3.3997,6.0321,3.1206,3.3984,2
-0.71206,1.9969,5.68,4.8309,5.9964,5.74,-0.90373,5.8254,2
-0.43097,-2.8398,1.8512,4.0188,0.3943,-4.1864,5.8476,-0.50745,3
1.7704,2.4776,5.8033,-0.99708,1.7545,2.0664,-3.07,7.5804,2
-1.9184,-2.3342,3.4115,-1.3921,0.284,4.3387,-0.58223,3.4342,1
0.72672,-1.264,1.2274,-1.2133,-1.0688,0.48063,7.7507,0.35819,3
-2.6615,2.6077,6.114,5.7581,6.842,7.8859,1.8477,5.9507,2
4.3921,-2.124,1.8223,-0.53304,0.75252,1.3511,13.007,1.7675,1
-2.9965,5.5861,0.70784,0.2227,0.32746,-2.0828,-0.63663,2.8052,3
0.98399,1.9999,6.6341,-2.1251,5.5449,3.13,1.3904,6.5015,2
-0.44942,-2.6108,3.8537,1.4006,0.67295,11.111,-3.7485,-0.74551,3
0.5292,1.1843,2.7671,3.3149,5.0082,1.5824,0.017709,3.553,3
-0.71769,1.4815,-0.33439,-1.4553,-0.535,3.6681,2.5241,-1.8697,1
-2.6821,-2.918,0.95483,-1.4285,1.2436,-0.59314,2.4885,2.071,3
-1.2474,3.7723,5.3512,0.94414,3.3906,8.0974,-8.093,4.639,2
1.0847,3.912,6.4531,-2.1921,6.5836,8.6636,2.244,5.6535,2
-0.097581,-0.32222,-1.8635,-0.70833,6.4136,12.058,-1.0347,0.54407,1
-0.30573,-1.3323,0.19477,0.56057,-0.16355,-4.4471,1.4587,0.94473,1
0.63852,0.93439,4.6044,3.8566,3.7187,2.4351,0.28031,3.6088,2
-0.66943,-1.5835,0.55788,-1.2399,0.15151,11.011,1.0582,1.2534,3
5.5952,-0.61629,3.5465,-0.40569,2.5281,-1.5266,-0.7055,4.8679,1
0.65703,-1.5382,-0.84742,0.6671,-0.27242,0.002626,-1.9705,-0.53347,3
0.4117,-0.38314,1.3584,-0.18768,0.011463,0.8021,-0.32092,2.0284,1
3.4177,2.228,7.1417,3.4127,2.5788,8.6695,1.2228,4.2713,2
-1.727,1.3072,0.13594,-1.7692,-0.5385,-2.9995,3.1572,-0.83149,1
2.1654,-0.85515,2.4194,2.1975,-1.5657,4.3029,-1.107,3.1472,3
2.0325,-1.6529,4.189,-1.788,4.7113,5.0206,-0.82227,1.7012,3
4.8899,-2.8955,-1.8081,-0.2863,-0.53475,4.1689,2.8673,4.1353,3
2.6482,0.18932,-1.3817,-1.8511,0.10137,-0.40019,-2.013,0.42168,1
1.29,-0.13844,7.1386,2.191,3.6998,8.7185,4.8714,3.6433,2
-0.38347,-2.5784,-0.16569,-0.63607,0.077132,9.0957,0.43171,1.8817,1
0.89918,1.5662,1.1932,-0.43961,1.5833,0.77342,1.8849,1.6496,1
0.87218,1.8638,4.9863,-11.716,4.6582,5.3189,0.42867,5.6876,2
-2.6595,-2.7379,-1.156,2.0145,3.8872,4.1708,-1.0404,-0.9028,3
-0.37281,-2.1384,0.043328,3.0857,1.5426,8.6755,0.81091,-1.3844,3
0.83112,2.903,0.99283,-0.80204,4.7312,0.38136,-4.0776,0.43605,3
3.4405,1.5685,6.3785,0.7095,6.9284,6.6777,1.2523,5.3203,2
-0.23031,1.3086,2.4103,-1.2233,-0.12794,-2.3018,-4.3755,2.9007,3
-1.6409,0.64679,1.3989,0.08947,4.2781,6.7657,-0.30593,2.5025,1
-2.3391,3.3468,0.1161,-1.5657,2.1468,3.767,-3.337,4.8675,1
0.22136,1.0844,1.5672,-0.008799,3.3393,-3.271,3.3996,3.7347,3
-0.046354,-2.9471,-1.139,0.70248,1.3332,4.4908,-1.2703,-0.93201,3
-2.8687,0.9328,-1.5904,-1.2368,0.59673,7.3773,3.1902,0.056889,3
-0.80256,-0.38598,3.6286,3.9605,5.1777,7.7976,2.3352,5.7396,2
-2.4416,0.71446,0.89438,0.51443,0.99415,4.7902,7.0173,0.36223,3
-0.47711,-1.4384,1.638,1.3032,1.1323,0.39646,9.6451,0.70997,3
3.077,0.11993,-1.1259,2.9548,6.1215,7.2414,-4.1394,-0.90218,1
-2.2979,-2.4719,0.90558,4.8821,0.75505,1.0981,-3.6891,-0.72233,1
1.9357,0.024414,0.014278,-0.7729,2.1879,0.65804,10.919,0.97981,3
-0.24363,-1.8634,3.3438,2.5305,-1.0593,0.043236,2.943,-0.42718,1
-0.51663,-1.5595,3.7173,0.20717,4.6588,-4.5814,1.5181,4.2662,1
4.1515,-0.9745,0.16305,0.058123,-1.9109,-0.90265,-1.9484,-1.173,3
-1.5125,0.54813,0.40179,-0.43855,1.9671,-0.35828,5.7619,0.69141,3
-2.0881,-0.1377,0.77364,4.0057,-1.6672,-0.1866,0.79516,1.8388,3
2.6695,0.64751,4.8073,5.1352,6.1389,7.525,3.4579,2.8146,2
1.8828,0.20491,1.6976,-1.5093,4.6415,5.4364,-1.1911,0.72282,3
2.8137,0.39777,6.544,5.0515,2.4047,0.37317,-16.88,3.3894,2
-1.3547,-0.78571,-0.96729,-1.4921,2.0989,2.4853,-0.97275,1.5056,3
-1.5282,-2.5593,2.2606,2.3472,-0.95913,-0.32674,3.1289,4.9107,1
-0.45527,-2.077,1.5773,-5.6745,5.8968,8.7819,-7.0016,6.1204,2
0.2041,1.3421,0.84694,3.9285,-0.30873,-2.9946,-1.3583,5.6205,3
-0.17912,0.27147,1.5734,3.0055,6.2244,10.078,2.4867,5.0637,2
0.59975,3.8898,6.6835,5.8593,5.9175,7.803,-0.31478,4.6438,2
-0.56112,-1.2823,3.5995,-1.8167,-0.090601,5.6904,5.0789,5.4712,3
1.3273,3.2507,3.1575,4.3013,2.1968,2.9947,5.6324,1.6809,3
2.6903,2.5129,1.1102,6.878,6.8923,3.0699,0.37256,1.5498,2
-2.0723,1.6289,0.31717,1.5905,0.32124,1.3991,-3.1852,-1.3687,3
-0.42935,2.422,1.7863,0.65193,-0.14618,6.1571,9.9883,-0.93394,1
1.4652,1.9583,7.6117,-10.968,4.6788,-2.7256,3.67,4.2387,2
-0.40997,-1.6113,0.31077,3.3826,-1.0107,-2.5596,2.1152,0.97175,3
-2.1729,0.86956,2.0359,0.28975,-1.0907,-1.1217,2.533,-0.72744,1
-1.2571,2.8468,4.601,2.8731,4.9882,6.7408,3.457,6.9889,2
1.7071,0.87638,2.2891,-0.94542,4.0664,-2.5241,-2.0115,-1.6094,1
1.2703,2.039,4.7014,-3.9575,7.1622,-1.0986,0.12343,5.554,2
0.50059,3.3776,0.25856,-1.795,1.9957,-0.1095,-3.373,-0.17508,1
5.0379,-1.9646,2.0284,-1.2214,-0.81647,0.44363,2.1254,1.9342,1
-1.0998,0.94585,0.36902,-0.53923,-0.91205,-3.1703,0.33954,2.9611,1
-0.23189,-1.622,1.0673,-0.78314,-0.23264,4.0437,0.68821,0.62763,3
-0.4614,-1.0041,6.9688,-3.8613,2.4011,-0.68777,5.3789,3.0757,2
3.6983,-1.9219,4.1764,5.4521,3.7404,9.6578,3.6773,6.6263,2
-1.7684,1.8164,-0.28392,0.28651,2.4708,4.6504,-4.1582,-0.07478,3
-0.17959,0.48251,1.4837,-1.5554,-0.52071,-0.65006,-4.6912,2.3332,3
1.0276,-0.17387,-1.2906,-0.73645,-1.5543,1.985,-2.0443,-0.73848,3
3.7333,1.4809,-0.9288,6.0593,1.8732,-1.434,-1.4433,0.15154,1
-1.684,3.7295,3.1753,0.89058,2.4474,-0.70024,7.1237,-0.096813,3
-0.7381,-1.7071,0.58074,-1.7145,-1.7575,-2.0191,10.387,2.9178,1
2.7301,0.79569,6.1649,2.4629,5.4177,7.2243,5.552,5.0503,2
1.4468,-2.9452,1.2693,-6.3328,3.7942,1.5692,0.90596,7.6316,2
-2.4597,1.3468,-1.8608,-0.29418,-1.6879,-1.7237,-1.658,0.95012,1
-0.88116,1.961,-1.3602,-1.0174,1.5305,4.3536,-0.5496,1.2863,3
-1.7345,-1.7362,-1.2684,1.8289,-0.004812,2.4253,-1.517,0.85701,3
0.69914,2.3521,0.63679,0.56459,0.44277,2.3584,1.07,4.2848,3
1.1679,0.012708,-0.16168,5.897,0.6574,4.4772,-0.82792,4.6812,1
-2.0089,0.23394,-0.17442,0.78024,0.37131,4.8643,0.14003,1.9402,1
3.0774,0.33704,3.3419,-2.7753,6.192,8.4319,1.0728,0.24171,2
-1.114,-2.0305,-1.6068,0.12095,-1.2667,4.3363,-3.1956,5.8176,1
2.7101,-1.4443,5.7663,-0.16969,-1.2747,2.2208,6.1638,3.575,1
-2.4459,2.3826,4.6972,-2.7625,4.7609,7.8257,5.3304,4.3769,2
4.4852,-2.3984,1.8138,-1.1132,3.1767,9.6141,2.3534,1.4448,3
-4.1146,1.7711,5.6721,5.8298,6.9865,8.3595,-2.1465,4.1553,2
2.0831,0.020626,5.6939,6.4558,6.8102,10.614,2.9218,3.682,2
0.2818,1.6932,4.0754,-2.2351,4.4424,9.1289,1.2988,3.925,2
6.347,-0.34852,0.79178,-0.69868,-1.4981,-2.8087,-2.4492,3.4043,3
-1.5689,-2.1495,0.49852,-0.060702,2.7338,-1.128,-4.0752,-1.4728,1
1.5193,-3.9419,3.7669,1.2173,3.3976,4.6805,-0.40501,1.569,2
-0.58175,-0.48815,1.2919,-0.73724,-0.26446,8.706,-4.2179,2.2568,1
-0.42311,2.5361,2.6859,3.1128,7.5875,9.0511,-2.302,6.881,2
0.57723,2.4104,-0.93837,-0.298,3.0085,4.2435,-3.0712,3.3637,3
2.2931,2.6309,4.15,5.2843,1.9067,6.8904,1.3272,-0.26398,2
0.26389,-0.35798,2.9677,3.3605,6.1511,7.7397,1.5724,4.6956,2
2.428,0.44068,5.6067,3.5109,5.7606,7.2449,0.82524,7.5725,2
2.3609,0.21571,3.6248,6.266,1.8827,-2.8417,1.9995,4.3375,2
-0.78358,0.93729,1.9522,-0.37767,-0.54596,4.0354,0.3789,5.8416,3
1.6186,0.63436,-0.8659,0.056295,-0.47313,-2.4636,-3.4107,2.3131,3
-2.0493,-0.27871,0.45965,1.5099,0.73594,4.1219,-3.1134,2.4576,3
4.0107,-0.59644,-0.36085,-0.43498,1.5159,4.3214,-3.1434,0.12285,3
-0.8529,-1.6996,-0.021173,0.47392,0.80246,-3.0686,1.0369,1.8543,1
-1.4095,2.1402,1.6225,0.93555,-0.9565,-3.1353,-0.83745,1.9434,1
-0.54788,1.0793,-0.52407,2.3215,3.2851,-4.8605,-2.3962,0.45886,3
-1.6648,-2.1708,-0.33058,0.85553,0.60853,5.4137,-0.94771,-0.18902,1
0.56017,3.5645,6.6703,3.7756,4.4614,-3.5849,1.9165,5.1598,2
2.42,0.71626,6.0428,1.9807,5.2803,6.6137,2.9129,2.5911,2
-1.6873,0.087741,1.9495,-0.9991,6.4562,-1.3904,1.0046,1.2823,1
-0.51711,2.1078,2.0495,3.9066,4.7688,6.931,-1.0926,1.0489,1
2.4339,3.1995,2.8734,3.2402,7.5406,8.9729,2.4517,4.4295,2
-2.1098,2.3804,1.7072,0.47825,2.8826,1.3933,4.0326,0.24778,3
0.28604,-1.9665,5.2251,1.8759,2.2984,1.3199,8.6741,3.863,3
3.6543,3.409,6.8293,5.3706,5.6202,9.1476,-1.227,5.2617,2
3.6664,-1.9831,4.6294,4.5207,7.5912,3.0902,1.0863,3.3349,2
-1.5521,0.32303,0.8784,2.9965,0.2549,-2.0293,2.8825,1.5167,1
-2.5103,-1.3575,4.9706,1.7077,1.7848,0.17733,-0.55668,-0.39809,1
1.3619,-1.0879,3.9421,0.023459,-1.2761,5.833,4.9918,2.2935,3
1.8683,-0.12515,-1.4018,0.70641,-1.5438,-3.9301,6.2889,-1.8422,1
0.16017,2.9506,4.0401,-0.97271,0.23537,10.088,-3.2305,0.17973,1
-1.3313,1.9778,4.0139,-1.3059,2.9692,5.3789,1.4814,4.8383,2
-0.10798,2.2083,5.7806,-3.5437,1.9338,5.8078,4.0099,3.6512,2
3.8898,1.1549,5.2437,2.722,6.4247,9.218,2.2202,5.5057,2
3.5349,-0.29387,1.9786,0.39694,1.8178,-0.49226,3.2734,-0.89183,3
-1.2466,0.78465,2.6524,3.3913,6.198,2.684,0.35189,7.436,2
-2.4059,1.6383,-0.19247,-1.9494,0.99292,3.3244,-2.0727,0.80486,1
3.3672,1.62,6.0527,2.4468,7.2451,7.9159,2.6624,4.2307,2
-0.60254,0.46267,0.3375,-0.65194,1.2481,2.2704,2.7223,-1.1515,1
-1.3166,5.1314,1.0836,-1.456,-0.45152,-1.8819,-3.2764,2.9109,1
-0.15594,3.0127,8.8917,0.67883,3.3055,11.014,-3.2952,-0.63272,3
-1.5974,-1.1698,-0.40426,-0.99792,3.6685,-0.45611,-3.4549,0.59378,3
2.0001,1.1677,6.5124,1.4221,7.14,10.342,3.4882,4.995,2
5.5492,-1.8147,-0.16124,-0.2146,2.2024,2.4938,-3.3399,2.2937,3
-3.2994,-1.291,5.0759,4.0501,5.0456,5.1635,-4.1507,5.9641,2
-0.71643,0.58398,1.8653,0.2078,2.4683,-0.12752,-1.4984,0.93015,1
0.82332,2.7281,1.9794,1.8396,2.8318,-2.0757,4.4525,4.789,2
-0.068713,-0.91983,1.6706,0.2206,0.38764,-2.8926,0.037492,-0.28493,1
0.26408,1.6836,7.5823,3.6347,2.792,6.6916,1.8379,6.5304,2
-0.8681,4.3601,1.1553,1.5396,0.54272,2.0916,2.1485,3.6219,1
1.0496,-1.0094,4.3883,-6.8243,2.7989,8.1864,1.1342,7.5712,2
0.50086,1.2921,0.96082,3.4449,-0.46743,-2.0089,-2.3506,1.3871,1
-0.011818,-1.6825,3.1085,1.3527,1.5721,-2.1218,-3.6202,-1.3542,1
-0.55345,1.4867,7.7345,4.7078,4.9061,10.47,2.9036,6.26,2
-1.9306,0.63417,-0.85834,0.30314,-0.070163,3.3923,3.1101,0.25553,3
0.92161,0.10649,7.1078,1.9875,5.7487,3.6451,2.227,2.5826,2
-1.4864,-2.4081,-0.51263,1.6596,-0.23661,-4.6008,4.1461,3.3162,3
-1.3707,-0.76021,-1.1367,2.2307,-0.70748,7.2611,-0.93754,0.053424,1
2.124,-1.0465,5.7239,3.4385,5.5512,5.9528,2.1583,7.109,2
0.50086,3.4644,4.1302,-2.0624,6.2603,3.0134,2.395,5.7914,2
-1.5262,-2.4992,-0.70535,1.7099,0.93376,-0.52439,10.112,-0.49861,3
-4.311,-0.26063,5.1639,4.0456,4.266,9.8445,-0.074567,7.6708,2
2.7231,0.72551,4.9419,1.3194,4.9906,3.5614,1.9854,6.3993,2
0.09565,3.4924,5.1576,5.4502,6.4356,6.4979,3.0455,3.9907,2
1.0001,3.6308,4.7106,2.1223,6.9651,5.3172,2.5028,6.7875,2
0.79392,5.2059,0.87696,-1.4626,-0.053308,-0.54784,3.4827,0.84369,1
-0.18176,2.2179,5.7849,1.1139,-2.1177,10.136,4.8428,6.1018,2
2.5953,0.17327,4.4696,0.31719,6.3438,7.6644,3.8506,6.0239,2
-1.0188,0.26805,-1.5843,-0.50323,3.6964,5.6111,8.3151,-0.37727,1
2.9242,-1.7049,-0.68883,0.018338,-0.24361,-4.7133,4.1836,0.61453,1
1.074,-2.0352,2.0745,1.8731,-0.56597,-3.5724,4.0363,1.1995,3
2.5646,-2.4556,2.606,2.1836,4.9365,2.734,10.941,2.2275,1
-0.47946,-2.3985,2.3054,2.2752,2.7221,0.86551,3.2908,-0.58429,3
2.6132,1.02,7.4782,-9.0591,6.6163,3.6664,1.2902,5.7301,2
0.22542,0.50772,3.1751,3.0337,7.0019,4.3999,-1.4298,4.4129,2
-1.5284,3.6757,-1.192,-0.57748,-0.048132,-0.086557,0.75879,-1.2784,3
1.5882,1.4301,2.6051,0.11423,-1.4781,3.0225,1.3681,2.2346,1
0.62405,-2.5504,4.9295,6.3975,3.6508,10.721,0.70046,4.3531,2
1.3489,0.29277,-0.91938,0.92197,1.956,-1.416,5.0957,-0.52253,1
-0.12674,-0.77633,-0.66216,6.7351,2.2125,0.90357,-1.1708,2.7361,1
1.0605,2.9819,5.7257,0.36789,6.8146,6.5085,-1.7881,7.0021,2
0.66933,-0.25761,5.7304,2.9457,6.6237,2.1086,0.049446,4.5123,2
0.63288,2.3194,1.106,-1.4458,0.98081,-4.0527,-1.0657,1.523,3
-0.49423,-0.95075,3.2225,1.4522,2.646,-1.0024,-1.8785,2.3584,3
2.3463,0.26888,5.2682,0.99143,4.3907,5.6926,3.6744,6.1721,2
-2.734,2.4004,-1.3181,1.4267,2.8572,3.1363,0.66587,-1.2411,1
-1.7328,-0.079794,-0.096712,0.51316,7.0133,1.5782,3.8141,4.465,3
1.8822,-1.8198,2.0702,-0.08747,-0.56418,0.9433,-3.1559,3.596,3
0.57393,1.5428,4.1585,3.2611,6.2138,8.9456,1.6533,3.5707,2
-1.7694,-0.56132,2.3154,-0.2512,-1.1097,0.25437,2.7834,-0.51466,1
-0.43097,-2.8398,1.8512,4.0188,0.3943,-4.1864,5.8476,-0.50745,1
0.92152,5.6468,0.37403,-1.0117,5.7804,10.444,-2.2069,1.4808,3
0.6503,0.51436,1.8261,1.1579,8.0453,8.2264,-2.6437,-0.038359,1
-2.3547,-1.8363,-0.72621,0.66534,1.0605,2.6691,-4.3187,0.8867,1
-0.22676,-1.5684,-0.20744,2.0533,-0.015623,-1.8103,12.398,2.0719,1
-1.6148,2.3007,0.4869,1.5862,0.05703,0.18806,1.5846,0.87089,1
4.6056,0.2064,-0.73016,-1.6337,3.8523,3.9056,-3.5711,0.86967,3
2.1932,2.5248,3.6215,3.7086,7.017,4.2113,-6.5392,5.3232,2
-1.7932,2.4835,-0.9916,0.49522,-1.8208,2.866,-3.0899,0.76955,3
-2.7987,-0.49517,0.38986,-1.5953,0.058662,-0.91505,-0.31277,1.1518,1
4.0667,0.51719,-1.1535,4.9871,-0.68509,-3.9223,2.2546,1.601,3
-2.4134,-1.0001,-0.21337,3.1816,3.6219,-1.903,1.3415,4.1873,3
2.0942,-1.4288,4.0665,-0.42872,5.4865,7.8547,-0.01753,6.1348,2
-1.6793,-2.8177,0.53221,-1.8764,-1.0275,4.5497,2.5816,-1.0887,3
4.5111,1.8139,1.7398,-0.46022,1.1656,3.4751,-3.5428,-1.2618,1
-1.6813,-5.3086,0.73587,1.4802,5.8825,6.4452,4.4104,5.3875,2
-2.4971,5.1335,7.7561,2.9427,-1.6973,-3.8983,1.0626,3.4194,3
-1.4246,-1.195,-0.82233,3.0903,-0.08182,1.5797,1.8897,-0.34419,1
0.88179,0.47139,3.3989,-1.8876,7.4429,5.8199,4.6732,6.5845,2
-1.2681,-5.3676,6.3063,3.3099,3.8302,-0.44558,1.7081,6.4365,2
-0.1062,-1.5529,-0.74743,0.29794,-1.5193,-3.9909,12.076,-1.2294,3
-0.29551,-0.37705,2.6666,-0.93513,0.95865,5.2077,-0.80974,0.36463,1
2.3245,1.3558,7.7874,2.8724,1.0762,2.1655,-2.5578,5.9378,2
1.8308,0.62297,5.8285,0.20922,5.0839,8.3183,2.5611,4.298,2
-1.9274,2.0874,-0.79724,3.4646,3.3258,-1.304,-1.7641,1.6892,1
-1.737,0.5372,1.1972,4.9203,0.79613,-1.3785,1.6024,5.3051,3
1.6762,3.1468,3.565,1.9239,4.4381,7.849,-5.983,3.9798,2
1.8352,2.1942,6.934,3.3748,6.0653,9.4615,2.107,6.6391,2
4.1372,-2.5519,1.6853,1.0217,2.8208,1.5083,-3.9199,0.083471,3
-1.5912,-1.7125,-0.47211,-0.79317,-1.6428,2.9484,5.0948,2.8215,3
-1.329,1.3881,0.067534,0.94335,0.40181,-1.461,8.6715,-0.44862,3
-1.064,2.363,4.4603,-1.3494,1.2377,8.8516,-3.1937,0.67196,1
-2.5125,0.68215,-1.4108,3.0434,1.2183,-3.0129,-3.1946,2.2605,3
6.2772,-1.4882,1.1713,-0.087221,0.43981,0.27372,0.76983,-0.47994,3
3.2591,0.1069,4.4696,6.0303,5.4469,9.7596,3.5623,3.243,2
3.6882,3.0812,3.6472,6.1939,6.8054,4.3292,5.1747,6.9423,2
-0.82042,1.5407,6.901,5.6162,2.6611,0.6104,1.7005,5.8417,2
-1.5845,-0.071478,2.081,-4.698,2.3728,9.0486,-2.0093,2.9774,2
1.3986,0.23958,3.4749,4.6135,5.0003,7.8098,-3.2934,4.3074,2
-0.38221,-1.3689,1.362,2.8081,2.9036,5.1281,-3.4748,-1.2143,3
-0.77374,1.4839,0.668,-1.6385,2.1922,12.922,0.007154,-1.0923,3
-0.34999,-0.94783,0.25459,1.1709,1.0342,-3.7282,7.5029,0.20159,1
2.0702,-0.017043,3.2184,-0.36266,6.7304,-1.0811,3.0638,6.992,1
2.9971,3.1522,2.9333,3.2368,6.7128,-2.7574,3.5483,5.5581,2
-1.9936,-0.78297,-1.5193,-1.6505,-1.658,-0.023009,1.0066,0.22834,1
-0.96774,0.36027,-1.4906,-1.4663,4.6781,-3.5656,3.8403,5.2906,1
0.59351,-1.0337,0.012319,0.26523,4.4902,2.4807,1.9075,1.6709,3
2.811,-1.4223,-0.23428,4.895,2.9394,9.3711,-1.938,6.1767,2
0.60223,-1.7037,-1.2277,1.6647,1.1927,-3.8925,1.756,3.8721,3
-1.4991,4.3136,-0.94495,3.694,3.8175,5.8398,-1.2945,-0.87523,3
3.7927,-1.9505,2.2043,2.1915,-1.5059,-0.73135,-3.2811,0.38956,1
0.9716,3.024,7.6504,5.8417,7.6372,7.9305,4.6806,6.9274,2
0.62119,-1.5205,1.4181,-1.509,0.55319,7.328,-0.80003,-0.65439,1
-0.67847,-0.39812,-0.50084,0.86745,-0.094646,3.1385,2.9984,1.9429,3
-0.064238,-1.4155,3.1002,-1.5016,3.5686,-2.8565,-0.51092,5.2503,1
1.3167,-2.0363,3.0123,-1.0861,1.3798,4.5921,-2.9121,1.9577,1
-2.5615,0.32966,2.8165,4.0735,5.0111,9.0758,1.4737,-1.8799,3
2.0575,-1.751,-1.001,2.8197,-0.027431,-3.3221,-1.9677,1.4802,3
-1.6342,-2.531,2.1703,0.97898,1.8208,4.5282,11.847,-0.3224,3
1.5076,-0.10177,-0.12808,2.378,-0.1177,-0.25903,-0.72592,5.2441,1
3.4324,0.33177,6.5608,6.8035,5.4856,1.8657,0.66349,-1.8462,2
5.015,-1.9729,5.1516,3.1925,1.2287,-4.1123,-3.6249,-0.45101,1
4.2378,-2.6429,1.6425,1.2377,1.1995,3.3664,4.0191,-0.11822,1
2.0564,-2.5943,5.457,-1.3574,-0.92851,-3.9911,-1.3011,-0.5129,1
3.0498,3.4355,6.9115,5.9394,5.0598,3.366,2.5317,2.6267,2
2.3572,0.39044,2.546,2.9374,2.4982,-3.6003,0.29173,-0.56903,3
1.9185,-2.1049,-1.2751,0.2971,-1.0141,-2.876,-3.6438,-1.102,1
-2.9066,-2.2532,3.2535,-0.42531,-1.5112,0.036613,-1.4936,0.76443,1
8.0279,-1.2106,2.4414,-1.3324,-0.90857,3.942,0.65435,0.45207,3
0.11945,-0.60674,6.9866,3.1781,7.6254,7.3099,2.8093,6.0355,2
3.157,-3.2025,6.2791,-1.7108,-1.189,5.791,-1.4449,5.6168,2
1.6984,2.3631,6.3955,2.6912,7.5044,6.9933,2.775,3.6824,2
-0.31719,0.31551,5.6406,1.7762,7.1793,2.3915,1.6443,7.0733,2
-3.7759,1.205,7.2468,-4.1723,6.0061,4.078,-1.1582,4.9103,2
3.0679,-3.3863,6.9611,-6.0246,6.8637,-2.4161,-0.78643,6.2311,2
-1.0531,1.8628,4.5548,5.3356,-0.66995,0.14851,2.5419,0.14574,1
3.2371,-2.1429,4.6789,-3.9885,7.0743,6.4761,1.6113,5.5215,2
-3.1059,0.29733,5.2198,5.3056,5.1338,7.5406,-5.1443,1.4813,2
0.099006,3.8828,6.5284,-4.1013,7.1201,8.7662,-6.4977,6.1545,2
0.48473,2.4983,6.3821,5.1405,6.5591,8.9082,-8.7367,6.5454,2
-1.8519,0.21098,-1.3134,1.8261,-1.4994,1.8877,-3.243,0.20494,1
1.0005,-0.4581,1.9497,1.0463,-1.3634,5.6868,3.6717,2.2887,3
1.9311,0.10585,7.2091,2.9393,5.8366,5.4345,2.9265,7.2285,2
0.5808,2.3672,5.1106,0.26952,4.8147,8.2755,-4.2275,7.8845,2
0.66674,0.82483,1.5074,-1.0607,5.5525,-3.4635,-0.19065,1.4778,3
0.011276,-1.8527,1.7737,1.0914,-1.4059,-3.6519,4.5394,-1.3328,1
-5.088,-1.2954,5.2893,-4.6439,3.7779,11.004,3.1068,0.95859,2
-2.5139,-1.9832,1.0828,3.0431,-0.38592,-0.8426,-2.3818,-1.6118,3
3.3797,-0.004421,6.4081,-0.26541,-0.29662,-0.76204,-2.1094,0.36404,1
-0.65551,-0.28298,-0.14369,1.3434,0.40039,-0.26329,12.873,-0.43949,1
-0.40535,-2.6887,0.087372,5.3087,3.5619,-0.35813,-1.6991,0.52227,3
-2.5939,-0.91218,5.4745,-1.5137,-0.12707,4.2419,3.767,-1.1327,3
2.3139,-0.6937,6.2682,-1.8104,5.9673,7.0407,-0.26643,1.8674,2
1.6247,2.1853,5.9591,1.5279,5.4675,5.3117,4.1299,4.8772,2
0.82419,-1.3561,-0.97128,1.1118,1.9605,-0.87407,-0.51547,0.16788,3
-1.2037,1.3031,0.02282,3.0716,-1.5506,-2.1456,7.6718,-0.81954,1
7.2812,-0.50952,0.037295,0.60766,1.1894,-0.30584,-2.8753,-0.37786,1
-2.0629,0.28813,2.9292,-0.92851,-1.7294,-2.4826,6.3249,0.12052,1
-0.86126,1.037,1.189,2.3383,-0.12104,-3.4755,-2.7761,0.76958,1
1.778,3.7066,3.6364,3.5685,6.4516,-5.2022,2.8329,7.4985,2
0.26565,-2.1959,5.6487,6.5654,6.7939,9.8785,-0.70712,6.7606,2
1.1435,3.7123,6.3137,2.1202,0.67134,1.9341,1.5966,3.7231,2
-0.82207,-2.9374,3.4251,6.7133,0.13661,-2.8113,1.415,2.0709,3
-2.4067,-2.5932,0.49038,0.041403,0.50894,3.3184,-1.6229,1.4953,3
-1.7028,-1.5584,1.6261,-1.601,3.4342,0.98464,2.3467,5.061,1
1.4093,3.0026,3.2899,3.845,6.3471,6.5766,3.3073,7.0668,2
0.3801,-0.11558,-0.048212,2.0276,4.2545,1.0034,-4.501,1.7473,1
-0.27678,0.74615,0.59759,-0.003909,0.77842,1.2547,-1.5211,1.3849,1
-0.64025,2.307,6.0616,-0.3193,6.2437,3.572,5.1412,5.5601,2
0.39644,1.8143,6.6173,5.0024,5.5213,7.0807,-4.8865,5.8251,2
-1.4614,-1.914,0.60327,-1.2327,-0.65586,-1.1239,0.90291,0.077608,3
-0.14401,1.0462,-0.40989,0.28376,0.088685,1.8957,1.3863,4.7799,1
-2.0766,-2.3473,-0.011367,6.5238,-1.0581,-3.2032,-3.4326,0.31587,1
-1.0691,-0.53949,-0.67156,1.8713,-0.57391,1.6593,-4.4518,3.9133,1
0.67499,0.78764,8.8092,-1.7989,5.6608,-0.54429,-3.4114,1.1767,3
1.5289,-2.8496,2.6867,4.797,5.1334,5.7228,-2.5067,5.3776,2
2.5133,-2.8514,6.3595,-3.6385,7.042,2.0041,2.61,7.4167,2
1.8687,0.047581,-2.4806,6.2299,7.2877,8.6612,-4.6363,6.7498,2
-2.806,-1.6831,0.4872,-0.04703,3.3251,2.0512,4.5932,9.3445,1
1.2521,2.1638,6.3882,1.2169,7.8127,1.5892,5.3496,7.1832,2
-1.6282,-0.94901,1.8719,-0.13723,-0.33886,-2.6328,6.3926,-1.1579,1
2.0671,1.9183,3.9672,3.2352,7.0563,-1.7207,3.7062,4.6687,2
-1.5189,-1.5776,3.958,-1.3772,-0.67202,3.3718,4.7569,1.8667,3
1.3534,-2.2776,1.6985,0.35112,6.5332,2.7126,3.6001,4.1423,2
-2.0282,2.0423,1.1448,1.6064,-1.3596,2.8063,-3.805,4.2382,1
-0.67798,0.43375,-0.81661,3.1994,0.39881,4.2023,-0.89011,0.37733,3
-0.43502,2.4555,5.8291,3.8923,7.2677,8.4938,2.5361,1.8013,2
-0.34342,-2.163,2.0786,-0.71069,2.2113,2.2556,-0.034023,1.8193,3
3.7024,2.9944,6.6837,3.8067,4.4554,7.0324,3.5502,2.0608,2
-0.49475,-0.3795,-0.16255,3.1601,1.0339,1.8782,5.495,5.031,1
-0.62928,-1.3724,2.3061,-0.39127,5.8588,8.4761,-5.5185,7.2185,2
-0.068713,-0.91983,1.6706,0.2206,0.38764,-2.8926,0.037492,-0.28493,3
3.3194,2.3752,5.0889,1.7567,2.7156,5.3069,3.9249,4.0758,2
-1.6889,2.056,6.7773,1.6981,-1.527,-1.6375,-2.4294,1.925,3
-0.88928,-0.46246,0.29579,3.7641,2.2502,3.114,0.89926,-0.84337,1
1.0328,-2.2441,2.9679,-1.3968,-1.2062,1.3017,10.902,-0.10352,1
-1.3014,-2.6932,3.2887,0.42137,2.446,3.1216,2.9805,-1.0091,3
-0.52351,-0.64712,-0.22843,-1.2344,2.1066,-1.027,2.2925,2.1702,3
2.6803,1.8443,6.2666,4.6151,5.8145,0.40251,-3.1314,6.2726,2
-2.18,2.4894,1.7851,2.9268,2.6703,-3.9085,-1.0197,0.84351,3
5.2758,0.46287,1.285,-0.949,-1.6761,-3.5359,-3.2544,2.8051,1
0.40687,2.5112,4.932,-9.7939,5.2456,-6.1311,-7.2689,3.436,2
-1.8934,0.47735,7.0046,-4.5003,5.8348,2.1398,-0.67594,7.8778,2
-2.2591,-2.1105,1.0053,0.34647,-1.4488,2.1061,0.24459,-1.3702,1
2.0636,2.7866,3.2743,2.5692,5.1679,8.3012,-0.90462,6.284,2
-2.5939,-0.91218,5.4745,-1.5137,-0.12707,4.2419,3.767,-1.1327,1
-1.0029,1.0932,5.426,-1.7409,1.8432,9.0781,3.0979,4.5802,2
-0.98465,3.5493,1.1423,-0.53648,2.208,3.261,-0.1401,-0.92596,3
-1.1746,2.6392,2.9981,0.31193,-1.8593,-3.4903,-2.4559,-1.3329,1
-0.72665,2.5849,6.4228,-2.2048,6.8201,-4.1377,-0.24042,4.132,2
-2.427,1.0156,1.078,-0.46781,0.33649,-2.3591,5.7043,0.11745,1
-1.0713,0.29785,4.8181,0.25514,-1.7659,2.1452,1.9707,-0.46954,1
0.52317,-0.016749,1.8213,-1.3703,0.054052,1.274,9.6811,-0.32963,3
-2.0854,-1.4446,1.372,1.5604,-1.624,-3.2278,-2.59,0.80186,1
2.651,-2.2871,5.5095,6.5655,7.6045,5.5584,1.495,6.3202,2
-2.3277,-1.5994,0.73729,-1.6353,1.6862,-2.2301,3.4754,-0.868,1
2.86,1.5563,5.6813,5.0466,6.0749,9.7253,-1.1885,5.0663,2
-1.7296,-1.7394,2.7885,1.2849,1.6473,6.8072,-2.0913,3.2644,1
-1.8358,-0.67041,0.20895,-1.8899,-0.068778,-0.66701,-0.35659,-1.6423,1
-1.1656,-2.1141,1.6359,-0.32685,1.6571,-1.7512,6.7036,4.2842,1
1.53,1.3017,-1.2247,1.2019,0.3217,1.6532,5.5219,2.3709,3
-1.2309,1.8374,1.8183,0.48617,-1.0894,-3.9134,9.3706,0.56017,3
-1.0189,3.6921,-0.001542,-1.2604,0.952,1.152,-2.7409,-1.2842,3
1.9998,1.7503,6.2169,2.1196,6.6552,5.8941,4.7584,1.9555,2
-2.3529,-0.79477,3.9971,-2.6937,5.6381,3.5786,2.2054,4.7087,2
-0.74038,-1.0489,-1.1378,-1.494,-0.1262,-1.3644,9.0724,1.6049,1
-0.87111,-4.0638,4.2357,3.8559,6.6402,10.75,0.23761,4.8046,2
1.5051,5.8101,-0.38332,6.4255,0.65381,1.7516,-1.9572,0.99571,1
-0.06853,3.4179,3.075,-0.19802,4.5499,2.5643,-0.24279,4.7743,2
-1.6783,-0.52032,0.91561,-0.59764,2.0225,-2.9503,5.9555,1.9625,3
-2.4824,3.5894,-0.84356,2.2584,-0.35522,-2.3213,-2.8485,5.3278,3
-0.43908,-0.43001,-1.3797,-0.058817,0.16927,4.3509,1.9463,2.9105,3
-0.43048,0.87615,0.28273,-0.023963,0.70657,4.6637,0.6362,-0.85421,3
2.8117,0.51296,-0.21191,2.901,5.0301,6.1342,1.1339,3.8869,2
-1.1397,-1.998,3.4682,3.0691,2.2169,5.997,-3.4158,-0.27362,1
-1.6247,-2.5171,-1.5523,1.8141,0.66253,-1.2014,10.374,1.1818,3
-2.2955,0.21316,-0.38121,0.09543,-0.24773,-1.0111,-0.43275,2.5563,1
-1.2903,0.55415,3.9943,-0.53392,1.4991,14.226,3.2901,3.8537,3
-2.4959,-1.0943,0.25545,2.0829,2.1181,-0.48848,-1.511,1.9369,1
-0.099542,2.0946,0.39753,0.90717,0.4646,5.6678,-1.3666,1.225,3
2.0296,1.0503,-1.1524,0.038803,3.3402,2.4203,-3.1469,-0.067104,1
-1.3799,-2.7233,1.5862,-0.18086,-0.88592,-2.0403,-1.1811,6.4825,1
2.1638,-1.268,5.484,5.5332,7.2442,8.1678,-1.0494,4.7896,2
4.0658,-0.5228,0.90881,-0.77097,-1.1518,0.12245,-0.25667,0.77097,1
-0.73347,2.2698,-3.644,1.1089,6.252,2.8796,2.4808,5.9997,2
-0.52194,-2.55,0.62508,-0.35298,-1.2453,1.594,-1.9937,-0.61352,3
0.67813,2.3189,-0.20988,1.3728,3.7937,2.2861,1.0644,1.7956,3
-0.88637,-2.2723,-0.69688,0.34935,-1.7424,8.0147,0.008505,-1.4058,3
-2.3696,-2.3004,-0.88295,3.5428,1.3677,3.3024,-2.1143,0.053298,1
-0.93099,-1.0617,0.43356,1.1835,-0.33935,4.9227,-2.8181,1.5772,3
1.0377,-0.2155,0.66694,1.9518,3.1232,-3.1364,-0.92158,-0.31412,3
-1.15,-0.77768,-0.14484,3.3599,3.5465,-2.1713,9.2492,2.1855,3
-1.9313,-1.4116,0.84688,0.33092,5.1518,5.0567,-0.38438,1.7872,3
0.90047,0.92686,-1.2807,-0.7948,2.3341,3.2167,-3.4024,1.0132,3
0.30018,-0.87841,3.1518,1.8822,-0.40031,-3.7568,1.7934,1.6298,3
-1.0456,-1.3124,-0.65639,0.97988,-1.4912,0.69143,0.91297,0.4812,1
0.31206,2.1024,3.8986,3.2785,-0.26305,0.15297,4.4795,-1.0186,1
3.4689,-2.32,6.1656,-2.2319,6.1594,3.8884,2.1777,5.214,2
-1.7744,-0.98565,4.174,1.2205,-1.9856,1.6399,-3.5251,2.519,3
2.7115,-2.5542,4.9431,3.6919,5.07,0.46329,-1.4576,6.9121,2
-1.9072,-1.7848,0.26421,1.8732,0.96039,10.508,5.0543,1.1336,3
1.4805,1.6929,-1.1178,0.96507,-1.1098,-2.3283,-3.5142,0.66275,3
1.7345,1.7021,4.1752,5.0221,5.854,4.3447,2.0953,4.8717,2
-1.1835,-2.5798,0.72025,1.58,2.2472,5.937,-0.40232,1.5504,3
0.27512,-1.1563,3.2948,-0.20423,2.728,-3.3942,-3.176,-0.99472,3
2.1087,-0.14194,-0.95381,-0.67535,6.482,8.2647,-1.0775,7.1944,2
2.5597,2.5844,5.3668,1.9993,6.8962,6.0413,4.1332,3.4748,2
1.3544,3.703,5.0819,5.6434,5.8847,-0.98937,2.0881,4.2611,2
-0.67249,-2.0095,0.57463,2.0379,4.8653,-2.1615,3.0618,-0.37384,3
-1.014,-1.4259,4.4711,-1.345,1.9552,1.7364,-3.8438,3.182,3
1.5951,0.17319,4.0371,1.42,2.2864,2.9265,3.1414,6.8548,2
2.4567,-2.0828,0.35557,2.71,-0.70105,2.5457,3.1341,6.9957,1
-2.2165,-3.0047,2.7699,-0.51441,-0.98714,3.8417,1.431,-0.35959,1
0.027228,-0.92001,0.077309,-0.45626,-0.20791,2.4811,4.144,4.2462,3
-2.2278,-2.2625,1.2946,-0.65243,-0.77904,-4.2562,0.18142,2.2459,1
2.1536,-1.8948,0.30214,0.95205,0.22758,-0.94852,-3.1981,0.036927,3
0.42589,-1.6641,0.67774,-0.22924,0.021434,-3.4376,-3.2886,-0.81483,1
3.115,-1.4123,3.1951,-1.0315,1.2299,1.7303,5.0353,3.2383,1
2.0863,-2.4347,0.4883,1.24,-1.5838,3.875,-2.5485,-0.96647,1
-2.2666,1.8038,4.197,1.9473,1.7587,5.1154,4.7877,6.1259,2
-1.3918,-2.8243,1.2455,0.041422,0.84591,13.19,4.6754,0.53968,1
2.0621,-1.0343,-1.2057,0.17459,-1.7017,-2.7376,-4.1135,-0.15561,1
0.86155,1.3088,-0.62053,-0.96276,0.4931,-1.3048,-3.0567,1.533,3
-0.015782,1.1782,-0.375,-1.0574,4.1304,-3.9029,-0.1304,-0.54231,3
-2.5416,2.9607,2.6784,6.1943,3.7263,3.5024,3.856,6.534,2
-2.4315,-1.0335,3.5497,-1.5311,-1.0251,-1.4747,8.27,0.96145,3
-0.028584,-2.1192,-0.52273,-0.91683,2.05,0.95285,1.7975,0.25694,1
-2.1645,0.54621,1.937,0.10735,0.77174,-0.80832,-0.73289,2.1964,3
1.1266,-1.5189,-0.79416,0.91045,3.3918,2.0365,7.2995,-1.1301,1
0.79451,-0.055048,-0.98212,-1.581,-0.35817,4.491,-1.6604,4.1201,1
1.4356,2.3049,6.3983,2.3377,4.637,8.6915,0.068028,6.8808,2
0.91894,-0.070132,-1.781,1.9009,1.5532,3.0656,-3.2451,3.3262,3
-0.043155,-0.32759,0.74814,-1.3804,0.9316,-0.079745,2.1324,2.4867,3
1.1621,0.19815,4.053,5.1056,0.70356,6.2983,0.88924,2.5453,2
-3.7272,2.3483,4.3291,2.6516,6.167,3.7246,5.0101,6.6225,2
-0.8624,0.78595,0.71999,-0.63772,-0.52233,-4.17,-3.3422,4.0998,1
0.13166,2.2958,0.043536,3.4995,1.6578,2.6004,7.8725,-0.28845,3
2.0032,1.8697,4.2326,-1.4214,6.9166,7.9843,-0.20642,3.3569,2
-2.2311,-1.143,0.61659,-1.0715,0.58672,-1.5627,-3.7388,-1.0524,1
1.0548,-0.24868,2.3135,-0.43125,-0.80473,4.558,-2.013,1.9132,1
0.32111,-1.8064,-0.69594,4.0177,-0.47224,-2.8162,3.3907,-0.064556,3
-2.2919,1.4234,-1.2134,0.018461,1.6438,2.024,2.6767,-0.10899,1
2.14,2.9192,2.7935,2.5877,4.6265,9.3808,-6.9663,4.6552,2
-0.70676,1.4885,0.29256,5.6063,0.31345,0.27479,9.57,-0.096755,3
-0.3175,-0.61407,0.91849,4.8439,-0.40272,1.1452,2.0614,-1.4162,1
-2.4537,1.9997,3.6732,-0.98628,0.3641,-3.4743,0.14988,-1.0704,3
-1.8432,-0.87216,-1.4907,0.63605,-0.37344,11.485,2.7098,-0.51799,1
3.1741,1.1948,6.6444,-4.0659,4.1226,3.0162,3.4238,6.0605,2
3.3289,2.7902,1.429,0.042095,0.8004,0.25692,-3.7276,2.0332,1
-2.0831,-2.9802,6.3607,0.94375,7.7342,9.5275,1.4806,4.3586,2
1.3898,2.4854,6.877,-1.7954,7.6672,7.5922,4.5609,7.2803,2
-2.1336,3.1959,4.9985,1.8472,1.2506,0.64636,1.5073,6.5477,2
1.781,-0.85564,4.834,2.0363,6.1929,3.1026,0.70952,6.9133,2
-0.41897,-2.7848,2.4407,-0.14284,-0.99517,-2.5217,2.258,1.0658,1
-1.1718,-2.963,1.2637,0.051227,-0.33408,10.875,-2.1797,-0.23168,3
2.2805,3.4616,4.0894,-0.95182,6.4478,8.0476,2.7609,7.2709,2
-1.839,-0.75042,0.98919,3.7644,-0.14178,2.222,1.6919,-1.1549,3
0.27114,2.8928,-0.93743,-0.21385,0.90873,1.8639,4.7181,2.4321,3
0.4556,-0.8858,2.5542,0.20108,-0.62335,1.2124,-0.84416,1.9184,3
-0.048194,-0.60041,-0.42901,1.1059,3.6339,7.6977,-4.4871,-0.36389,3
-2.4745,-1.2394,0.96358,2.5998,1.7046,7.5511,-3.4823,3.8772,3
0.26021,0.18462,0.004342,-1.4623,-0.12486,-2.7832,-2.1932,0.33713,1
2.1114,-2.1224,-0.50029,0.93834,-1.5959,8.9846,-3.5024,-0.80181,3
-3.4162,2.7674,5.3702,-4.6965,6.7559,0.57904,-3.3499,4.4873,2
1.123,-0.27241,0.12293,-0.042677,1.6223,2.0972,1.2984,1.1957,1
-0.059163,0.34232,3.476,-13.721,2.92,1.9624,1.7829,7.7174,2
3.382,2.5412,8.0255,5.991,2.1417,7.5238,-4.7311,6.3062,2
-2.2568,-2.5246,-0.62986,0.19836,4.6456,0.17187,2.0221,-0.9364,1
-1.8548,-1.1951,-0.38483,-1.2004,-1.7143,-0.95847,-1.404,0.80919,3
2.6043,4.7684,-1.057,4.0067,-1.3475,2.116,-4.3448,1.8176,1
1.985,0.56113,1.723,2.601,-0.80141,-0.49875,6.485,5.2473,3
-2.2919,1.4234,-1.2134,0.018461,1.6438,2.024,2.6767,-0.10899,3
0.078703,-0.79008,5.3971,-0.8527,1.3483,4.7666,2.9075,-1.049,1
0.65306,-0.88336,5.8148,3.7189,0.92294,2.6727,-3.4307,7.181,2
0.57082,1.3437,0.96841,-0.041687,2.4965,4.565,5.0664,1.1926,1
-1.8944,-0.41934,0.47933,3.8128,1.0197,4.1743,-3.5078,-0.91878,3
-1.5291,4.4998,-0.77024,5.6138,2.8711,3.7551,1.8763,7.295,3
-2.0708,-1.4322,-0.036821,1.1443,2.11,3.5897,1.0675,-0.87789,1
6.4101,0.23385,1.2082,2.5748,-1.1137,-3.4165,7.4299,0.62543,1
3.7383,2.725,6.6196,4.0171,4.0048,5.2379,-4.4126,4.0852,2
1.3166,1.3071,1.079,-0.35737,-1.1313,4.7028,-0.64704,-0.20989,3
2.5526,-4.9287,1.6282,2.8152,5.7995,6.0354,4.5786,7.5285,2
1.4796,3.3648,6.2076,-0.85478,6.8328,-0.067641,-7.8066,2.594,2
-0.90309,-1.9741,1.0686,-1.0648,-1.0297,3.2481,-2.3224,-1.3471,3
2.2619,-0.92628,4.2693,-11.533,4.4963,9.4343,-2.8071,6.0469,2
-1.6926,2.0865,-0.96025,1.9322,-0.16732,2.7038,-2.4187,0.97337,3
3.0017,2.0946,3.2836,-1.3581,0.02736,-1.3176,3.8607,1.4962,3
3.2224,1.4451,6.0045,-1.1197,1.0852,5.5904,-2.6668,4.6104,2
0.8462,-2.5091,4.4873,1.9547,0.70755,-0.94155,-3.6067,-0.027511,3
-0.71769,1.4815,-0.33439,-1.4553,-0.535,3.6681,2.5241,-1.8697,3
2.222,-0.88935,-0.28379,0.5779,0.61067,-3.8059,1.6718,-1.8351,1
0.99712,-1.822,1.0607,0.52447,-0.47941,-4.5899,-4.3757,2.6831,1
-2.2197,-2.3097,-0.9945,0.1975,4.2904,-3.2275,-1.3616,0.56573,1
-0.81068,-4.1813,6.0929,2.4717,3.125,-5.4154,-8.7037,1.7426,2
-2.0465,3.9799,-0.71866,-0.72484,4.1895,8.8671,-2.9485,0.43145,1
-2.5955,4.5534,0.044156,-1.2603,-1.5084,6.4902,-4.4652,0.57494,3
-1.2778,-0.21823,0.36964,3.2649,-0.24236,4.1342,-2.9522,1.8925,1
4.3519,-0.69187,0.16183,-0.66771,-1.8405,-4.2126,1.8671,-0.13891,3
3.8885,2.2789,1.0097,-1.2689,1.432,0.64731,-1.9548,-1.6132,1
-0.34875,-5.1484,6.0301,4.8458,6.483,0.88436,2.3661,6.8776,2
-5.7252,2.9918,-3.3229,-0.41867,6.624,8.4738,1.0735,4.9852,2
0.12833,3.666,4.2623,2.3541,6.757,9.4799,4.0359,3.1983,2
-0.73425,2.1967,0.53564,0.047319,0.4918,-0.65013,0.4443,6.2638,3
0.045829,2.5902,-0.34603,-0.5866,-1.7297,6.8557,-0.69115,-1.6946,1
-2.5156,-0.86819,-0.81967,0.94068,1.3189,-2.3567,-1.0897,-0.012269,3
4.8899,-2.8955,-1.8081,-0.2863,-0.53475,4.1689,2.8673,4.1353,1
-0.4241,-0.92336,-0.95143,5.2788,-1.7012,0.11672,9.4358,-0.27139,3
-0.2,3.5155,-1.5408,-1.3095,-0.80958,2.6676,-0.098306,6.2859,1
2.3264,2.1268,0.49249,2.6309,-0.48503,-2.717,3.5505,-1.5726,3
2.3724,-1.9709,2.1245,5.2177,-0.23513,7.444,3.3809,5.361,2
0.71186,-2.3684,2.1202,2.9273,2.2149,-0.71523,-1.8827,-1.2235,1
0.90572,-1.0497,-1.358,3.0043,-1.484,-3.815,-3.6457,0.49806,3
-2.226,-1.578,0.84699,0.14907,0.47969,0.24935,1.5909,0.26892,3
-2.391,0.92459,1.2931,1.5579,0.32783,0.62551,2.7448,3.7668,1
4.2594,-0.69398,-1.1893,1.2958,-0.8978,-1.5269,-2.3326,3.5836,1
5.5715,0.64885,1.9413,-0.47636,-0.38275,-2.9203,-3.0852,-1.8319,1
-1.259,3.4546,-0.4052,-1.7279,1.9607,-3.6915,0.69914,1.0666,3
-0.077861,-1.0306,5.1119,-0.6441,4.4975,8.6223,1.7149,4.8417,2
-0.54225,-1.1761,-1.3864,2.8093,-1.5862,13.3,-0.78368,1.1386,3
1.6661,3.069,-1.6561,0.38398,4.071,-2.277,-2.6025,3.9927,1
0.81646,-1.548,-1.3382,1.4016,-0.34452,-0.80754,-0.87183,-1.0762,3
0.91651,1.1001,-1.657,0.63627,-0.98757,2.0532,-0.96635,5.1608,1
2.0107,-0.22031,5.1802,-5.1002,7.8381,3.1173,0.24181,6.1032,2
-1.7815,-1.9208,-1.5876,-0.56419,2.0228,0.12057,4.1672,1.8489,1
0.52419,-1.937,1.3154,0.76668,-0.75793,6.865,-1.3346,0.8611,3
-0.018253,-0.9084,4.2968,0.81069,-1.064,-2.7374,4.7546,1.5637,3
0.077871,3.3596,1.3377,0.35728,-1.2248,2.0001,-1.8259,1.4888,3
0.7523,-2.2984,-0.35503,0.37861,-0.54814,-0.007591,-3.3953,0.3441,3
2.3474,-2.0191,6.0651,5.3972,6.8878,6.6194,-1.8712,3.0942,2
1.9445,-2.7886,2.958,0.32939,3.0274,5.3753,-0.76281,5.6768,1
-1.7545,-1.1362,-1.1507,0.041368,-0.45185,-0.16067,2.8858,0.44795,3
0.39328,1.1458,1.8658,0.18341,0.36074,5.0118,-0.26538,6.7836,3
2.5925,1.4798,1.6229,1.8533,3.948,9.2104,0.42294,-0.15809,3
0.13022,-1.5222,0.10032,0.25028,8.9102,-2.9694,0.4766,1.0032,1
0.30513,0.40292,0.73008,0.62288,4.6617,-0.070273,-3.3828,-0.051626,1
-0.3203,5.6038,3.5129,4.5813,1.4489,-3.4692,0.24032,-1.0556,1
-0.56377,-1.8023,-0.4658,3.0194,-1.019,-2.3203,-4.1721,-0.28419,3
-0.93368,-0.68257,7.1727,0.94096,0.5647,5.6577,-2.9182,0.23194,3
-1.6783,-0.52032,0.91561,-0.59764,2.0225,-2.9503,5.9555,1.9625,1
-0.868,2.3157,3.7429,-5.221,2.927,7.1619,1.7179,4.7219,2
-1.3457,5.3787,1.7472,3.7566,1.0172,0.8455,0.40163,2.8471,1
3.1117,1.2181,-0.77102,1.9826,-0.74213,-1.1893,-0.23587,1.6251,3
-2.925,-3.0063,3.333,1.0116,0.18615,0.27863,1.1243,-1.8456,3
-2.1997,0.24618,0.33474,-1.7068,0.58691,10.68,13.134,1.8633,1
-0.94722,4.9437,-0.014171,2.0912,-0.4326,-3.4687,-1.4297,4.2728,3
-2.5309,-0.86234,1.1693,-0.13443,1.7685,0.60663,-1.6559,-1.3631,3
-0.50776,-1.689,0.67586,0.43733,3.7574,-2.6635,-0.36453,1.1276,1
-2.1305,-2.3992,3.64,-0.28339,0.6132,-2.8248,-0.73742,0.69034,3
2.3447,1.8565,5.9433,0.21607,6.3643,9.3537,4.3801,3.973,2
3.6127,0.34948,-0.29481,-0.55679,2.2421,-3.7691,-3.4081,0.12003,1
0.36435,-0.79739,-0.17024,1.3762,-0.83779,-2.6621,-1.8297,-1.0402,3
-0.50712,0.61026,-0.20421,1.1436,3.9615,3.2364,-2.2192,4.0138,3
0.79696,0.72381,-1.0899,1.0467,1.4023,-4.5808,6.2665,-0.91795,1
-0.74503,3.6569,4.0114,-0.57175,5.8727,5.4503,-2.4378,7.791,2
6.2634,3.2501,3.8971,2.7142,-0.52012,-2.3044,2.763,-0.63343,1
3.0929,-0.33945,6.0827,4.8419,7.8151,0.036216,0.43087,4.7379,2
-2.6518,1.1281,-0.27623,-0.11236,2.6397,-1.2925,-4.7072,0.7399,1
2.0156,-0.94283,-1.2028,-1.5023,-0.31115,7.9217,2.5953,3.7285,3
-1.3991,-0.9633,-1.674,2.0977,-1.3183,-2.6497,-2.0685,-0.79212,3
-1.4104,0.72638,-0.62022,-1.4545,0.49302,-0.37139,-2.6165,0.99255,3
-2.8568,3.8664,2.819,1.3248,-1.2848,-0.41431,-2.3869,7.0943,1
-1.9252,2.8472,-0.34098,0.25484,-0.17364,-0.5078,-3.9652,3.7712,3
3.4894,-2.6429,0.76029,1.7709,0.5972,0.70272,-1.9261,2.7902,3
0.17866,0.7501,4.9791,-0.58096,5.9508,-4.92,0.99864,-0.36275,1
-1.2702,-0.11935,3.919,2.5825,-0.55299,9.8346,-1.6246,-0.22315,3
2.735,1.5143,-0.58744,4.3577,0.85147,0.64371,0.54456,2.5412,1
1.0748,-1.4205,-1.7651,1.9732,-0.099033,1.9838,1.5574,2.3094,3
-0.31597,-2.3918,0.11807,-1.3438,0.78843,2.8469,-4.9031,1.5512,1
-2.9563,1.2639,5.7802,-1.9508,6.5116,6.3516,-6.235,2.916,2
1.47,2.5385,0.23982,-3.4027,3.0623,4.849,1.249,5.734,2
-0.073296,-1.1208,1.5057,4.6565,2.4546,1.1648,0.15272,-1.2898,3
-1.8938,0.71819,1.541,4.0906,0.45339,3.7645,4.8726,-1.6477,3
-2.8187,-0.40533,0.9694,-1.0494,2.598,0.18503,9.479,-1.1624,1
-1.0225,-2.2805,-1.0355,0.34942,1.0484,-0.45449,3.1101,2.3552,3
-0.58761,1.8494,1.2134,-1.2199,3.5494,-0.62194,7.9395,-1.5761,3
0.90061,1.8752,2.532,3.4653,5.4422,7.1633,3.6267,5.1662,2
6.1844,0.91306,-1.9178,3.4658,-0.6463,14.097,-3.5988,-1.5825,3
-2.9866,2.03,1.5913,-1.0414,0.77176,-2.1914,-0.96415,1.6152,3
-6.5444,1.9261,3.0474,4.5124,5.3438,8.8959,0.94385,7.1597,2
-1.3346,-1.0415,7.6948,0.39782,6.9589,3.702,4.2863,5.3459,2
-2.4663,-1.3249,2.5379,1.5249,1.4175,-2.4786,-1.8682,0.20278,1
1.4031,-1.7767,-0.23966,1.491,-1.7803,0.009049,4.696,0.93686,3
1.8265,3.0411,6.9361,3.2359,6.4058,7.1241,1.1181,4.131,2
0.6176,-2.5595,3.309,-1.0942,-0.96442,5.9417,-3.9951,0.15215,1
1.7039,-1.1213,2.7035,4.246,6.8048,9.2208,2.1319,6.3249,2
1.1479,-1.6804,-1.2732,4.2641,1.8884,1.8749,8.436,1.1965,3
-0.97477,1.2318,7.0335,1.2154,7.5241,7.0451,4.2255,-0.50593,2
1.0667,-1.9932,0.41734,0.88811,2.9612,5.982,-0.40434,4.4382,3
-1.7086,-1.4638,1.2206,-1.5674,-0.40517,3.3631,0.043216,-0.4318,3
-1.5328,-0.60871,2.1188,3.2833,3.371,-2.1021,-3.2629,-0.62806,3
-1.8327,7.6346,-1.5096,3.1518,-1.3128,0.2674,0.017926,1.4519,3
-2.2159,0.59856,-0.28459,1.49,2.1789,-0.043123,10.236,-1.9133,1
1.2302,6.801,7.5026,-1.541,1.5556,-2.5482,-2.0851,-0.73245,1
0.43125,-1.9802,2.0301,-1.0912,6.3652,-2.9703,0.020214,5.3395,1
-0.26401,2.0323,-0.98201,3.6848,2.0549,4.0243,-1.9789,1.4417,1
-3.0112,4.2049,1.7391,0.082065,1.4098,-3.0341,5.2496,-1.4306,1
-2.3802,3.5142,4.6795,-5.2228,3.3602,6.1146,4.5803,5.1066,2
3.0729,2.8306,7.564,-0.72346,7.1847,10.045,3.4474,5.7014,2
-0.83481,1.6274,3.5381,-1.0326,1.6585,-2.3241,-4.2988,4.8891,1
-0.48608,-2.9341,2.2677,1.3777,-0.096813,-3.8608,-1.4706,1.9273,1
2.3522,2.0488,0.61535,-0.61317,1.3023,6.8508,6.1388,1.1287,1
-1.8611,3.4663,4.1679,2.4653,4.4014,5.324,-1.4386,2.4861,3
2.408,0.78477,6.8059,1.1118,5.7044,7.2171,2.4669,6.2214,2
0.91141,-1.6009,1.4507,0.75297,4.8478,3.6012,14.334,-1.3146,1
3.2662,-0.1175,2.6124,0.91451,5.2808,8.7479,4.9483,6.8884,2
-4.7502,2.4705,5.9262,-1.6429,6.676,7.4336,2.0481,3.6539,2
3.1628,1.7533,5.0423,0.43647,6.6839,-0.61555,5.1788,3.6782,2
2.8469,-1.9491,-1.9351,-0.30055,0.59159,-3.1745,0.013095,0.53636,3
-2.733,-0.58942,3.7513,0.12373,6.8606,-7.2699,-7.5728,4.3528,2
2.1325,2.336,5.8965,-1.8689,6.7887,4.7437,3.8875,6.5704,2
1.4989,-1.5134,-0.24214,4.3506,3.3451,-4.669,0.66526,4.4936,3
0.16794,2.832,1.1591,4.751,-1.8243,-2.873,-2.3203,3.0608,1
-0.38095,-0.95921,1.9892,0.017796,2.3334,8.7737,4.4164,1.99,3
0.7929,-1.6212,7.4472,3.1434,5.1719,7.3226,1.0185,6.1473,2
0.1164,-1.7466,-0.19524,1.4357,-1.6174,-3.9367,7.0803,-1.3067,3
2.1948,-0.83413,0.73346,-1.3359,-0.44266,9.3139,-4.626,2.1594,3
-0.86726,-0.049404,2.5208,2.2035,1.0105,5.1287,8.2442,4.5387,3
-1.8142,0.19029,1.607,-1.371,0.08163,14.037,-0.13147,3.7338,3
2.8616,-1.6508,4.5767,-2.941,2.5688,9.4802,-0.49117,4.2572,2
-1.6806,-0.52868,2.1179,1.8252,-0.64463,-2.6557,-0.49365,1.9302,3
2.8758,0.63018,-0.025369,3.6772,0.8655,1.7275,-0.094222,3.4862,3
1.4252,0.92239,2.3731,0.18954,0.26014,7.2186,-2.6726,2.0003,1
-1.339,2.2019,2.9081,3.3055,0.61674,-0.57791,2.2602,5.456,3
-1.6961,-1.4422,0.89113,7.8367,-1.8372,-2.9524,0.79488,0.84285,3
2.6097,0.29064,7.1896,2.659,4.0143,4.1643,-0.68931,6.6486,2
-1.3852,1.741,2.9559,5.7897,-0.70356,1.4535,-3.9084,3.2301,1
0.36487,0.26517,7.5364,2.3505,4.967,1.0571,-8.1779,7.5403,2
0.87267,0.53541,2.1887,5.599,4.2067,15.512,2.0303,4.3167,3
0.53925,-1.5021,1.7543,1.0215,1.4759,1.6132,-1.2593,5.8632,3
0.22433,-1.181,1.8816,0.93127,-0.50308,-1.6054,1.8793,0.88383,1
1.376,2.3591,-0.028902,2.7532,1.2149,5.5487,0.056941,3.06,3
-0.26377,0.84181,6.9862,-3.1059,3.54,8.52,3.0999,3.59,2
4.6701,-0.73395,1.3784,0.449,1.478,-1.9093,1.0325,-1.2059,1
-0.68725,3.0642,0.7422,0.86364,0.6837,-0.97596,1.1668,1.0203,3
2.0535,-1.6982,-0.43078,-0.96253,2.0721,-0.55728,-2.3642,-0.57424,1
0.24269,-2.3563,-0.02638,0.29569,3.6276,1.8748,7.1569,0.35618,3
-0.66662,-2.0816,4.8943,0.42057,-0.51493,0.98136,3.6546,0.26815,3
-1.7235,-0.55607,-0.60679,-0.085309,2.7459,-3.2747,-3.6937,8.1192,1
-0.079935,-1.3708,0.97573,6.6189,0.53778,2.5624,-1.9517,2.6189,1
2.0965,-0.66928,6.4898,3.458,7.0208,8.9387,0.45127,6.9826,2
-0.000162,-1.9377,-0.97061,-0.091227,0.11052,-0.43094,-1.5787,0.14219,3
-0.26877,-2.5804,5.4447,-3.6536,2.1626,6.7436,-3.4415,4.3096,2
7.3926,0.15136,1.4052,-1.2685,1.2799,-2.6386,4.1088,0.32296,1
0.77625,1.1925,-1.4128,-0.7563,2.6872,5.8886,5.2993,2.2771,1
2.5438,-1.1619,5.6471,-0.26672,0.9757,16.446,-0.89444,4.7066,1
-1.0286,1.4191,2.1559,4.6257,-1.2435,-0.12021,8.8301,1.9863,3
-0.21862,-2.425,-1.959,2.2164,0.52032,-2.6553,-1.1613,-1.4119,3
-1.6758,2.461,-0.98138,-0.24971,0.78751,0.077338,5.5,2.6278,1
-1.5379,1.9863,-0.10375,4.5539,0.61973,0.08531,7.4884,0.65824,3
-4.2839,3.6432,7.0027,-0.1942,7.4621,8.812,-3.7027,6.8244,2
-1.6328,-2.9067,0.64087,-0.056165,-1.1244,-3.3879,0.70205,-1.0114,3
-0.72929,-1.511,-1.313,2.1735,-0.75522,-0.46861,4.4269,4.3047,3
0.74113,0.36172,0.35484,-0.5737,3.878,-3.5645,1.1007,-0.86522,1
0.48129,0.087576,-0.05573,0.63835,-1.7323,-0.88257,0.68276,1.7959,1
0.82373,2.1874,0.70717,-1.0812,0.26452,10.395,4.2502,-0.83378,3
2.6531,-0.58136,7.6519,-1.3086,6.9152,5.1074,4.6738,2.0708,2
-1.6764,2.0066,1.3463,-1.2367,1.9605,-2.9526,-1.8145,3.2225,1
2.0932,-0.86802,5.4278,1.7729,0.90239,0.72589,0.51272,0.044976,1
-0.27804,0.87436,-0.52369,-0.82951,-0.063171,4.1059,-0.60709,0.049411,1
-1.449,-1.0108,0.60733,-1.0714,2.3537,-1.0728,-2.3144,1.7189,1
-0.82747,0.64885,1.6417,-0.27169,-1.402,-1.5335,-0.010487,1.1811,3
-2.3111,1.7761,1.9183,3.348,1.3452,10.812,-3.2791,0.97257,3
2.8066,3.7617,5.8987,-3.3367,6.2664,1.6836,4.6435,7.3151,2
2.5545,0.3575,3.2508,-0.58052,5.8605,7.5313,-2.1411,3.8338,2
2.8329,1.8771,5.2049,0.83894,7.0355,-2.3841,2.7212,6.5364,2
-2.9589,-0.76144,6.0557,-1.528,4.2566,2.4521,3.4642,6.0242,2
2.2157,-2.3502,2.5502,4.0942,5.7227,2.2694,2.5121,4.6697,2
1.0354,-1.443,-0.34188,-0.21651,-0.56437,-1.5945,-2.9555,-1.5509,3
-0.54218,1.9316,0.16237,6.4568,-1.1798,3.5315,10.775,-0.25794,1
0.5421,1.057,0.25917,0.009593,-0.057017,-2.485,-1.7093,3.7707,1
6.8451,-0.67678,-1.4962,1.1636,-0.062007,6.7297,1.9037,0.28024,3
0.52561,1.6589,4.9883,3.0264,5.8159,6.4692,3.3356,7.1084,2
2.5573,1.767,4.2252,-5.1589,4.7061,7.357,2.3455,7.3534,2
1.5092,-2.1086,2.6278,1.2444,2.2134,0.57978,2.6893,-0.24506,1
2.4569,3.236,7.4134,-0.97082,7.0498,5.2875,4.4297,4.9447,2
2.7873,1.4622,7.2022,-0.91798,6.2336,10.267,-2.7099,3.2715,2
0.7523,-2.2984,-0.35503,0.37861,-0.54814,-0.007591,-3.3953,0.3441,1
0.15221,-0.52907,0.96285,0.77342,1.207,7.514,-4.1169,1.5571,1
0.91442,1.8428,3.6393,2.546,4.1161,7.7083,3.038,6.9704,2
-0.18324,1.6785,0.46422,-0.81957,-0.59667,-0.11975,-0.91255,-0.27756,1
-0.68374,1.96,5.375,5.6024,4.2201,8.2632,4.1526,7.517,2
0.59539,-1.2776,4.8039,4.7402,1.8599,9.3535,1.5401,6.2407,2
1.9444,-0.46732,3.383,0.64708,0.61965,-1.5462,-0.36616,1.206,1
-0.7802,0.29151,0.46546,1.1122,1.6545,0.004742,-0.58268,0.44705,1
-0.67032,3.5717,3.3199,-0.98027,1.4557,-0.91653,-0.93961,1.2124,3
-1.943,1.5504,4.5258,1.9245,7.6569,6.6352,3.9156,6.1784,2
1.6058,3.3533,6.8185,3.9858,1.1797,8.7551,0.24755,1.595,2
1.0591,-2.018,0.37551,-0.86721,-0.073542,0.45824,-3.022,4.2227,1
2.8041,0.10176,5.4447,3.7789,3.0717,10.236,3.4648,3.823,2
-2.8695,-2.4922,2.8492,5.2087,3.1456,-2.636,3.0692,-0.91892,3
-0.92994,0.84276,2.4712,-1.2857,0.24875,-1.3195,-2.9939,-0.66557,3
0.75864,-1.1763,4.6601,4.0085,2.4954,1.4913,3.2276,3.0626,1
-0.69446,-1.5957,5.0807,1.3902,2.6571,6.1539,3.8896,4.578,2
-2.0154,6.5573,0.6903,-0.49907,2.1889,-4.5965,4.038,1.866,3
0.79848,-0.20141,7.7223,-1.0066,6.9348,2.9008,-0.06758,4.3533,2
-1.727,1.3072,0.13594,-1.7692,-0.5385,-2.9995,3.1572,-0.83149,3
0.67813,2.3189,-0.20988,1.3728,3.7937,2.2861,1.0644,1.7956,1
-2.4791,-2.2025,-0.48175,-1.1567,2.5475,-0.44725,-2.7291,5.8704,3
0.35231,0.68986,4.5621,2.8673,6.1215,10.454,-2.0393,7.6837,2
-1.156,0.45336,0.42161,2.8282,1.0182,3.2486,-0.12827,0.38572,3
-2.37,2.5422,-0.056072,1.4378,-0.9727,-0.43467,-2.0206,4.88,3
3.6378,-0.9815,7.0405,2.8692,5.7052,-4.2727,0.3858,3.8489,2
-0.26593,-1.2062,0.76498,0.826,0.041371,7.5756,0.15448,3.8845,3
0.70525,3.3583,6.7882,2.5316,0.090792,-1.2167,4.4226,5.8749,2
-1.2903,0.55415,3.9943,-0.53392,1.4991,14.226,3.2901,3.8537,1
0.2993,-0.56618,-1.5657,3.6576,0.92441,3.9431,-2.2546,-0.47299,1
0.033593,-0.53886,7.328,4.9392,2.0603,8.6347,3.3149,4.1102,2
-0.008228,-1.293,3.2668,-1.2297,3.4023,0.25053,6.7279,-1.0753,1
5.7356,-1.2946,-0.22347,0.036556,-0.046965,1.6306,-3.7409,1.3554,3
-0.64896,-1.3049,-1.0636,2.4423,3.6833,-0.39257,3.3493,-0.88831,1
-1.7839,1.2396,1.8617,-1.9072,0.51721,2.8349,-3.5036,-0.61987,3
4.372,-2.7399,4.0586,3.5122,1.7556,-2.1103,-4.3189,-0.078493,3
4.0141,-2.716,2.8718,2.499,6.144,6.6829,-2.482,-0.1147,1
0.39311,1.8843,4.0097,-7.3363,0.49623,0.6681,3.5306,5.7641,2
-4.5367,2.0892,6.381,-0.81148,4.276,4.2686,1.2597,7.1407,2
-0.33978,4.3512,0.39926,-0.92754,-0.26886,1.5824,4.5735,-0.66582,1
3.1201,0.536,6.6926,6.3616,1.1476,8.8071,4.0648,5.6302,2
1.1657,1.6742,2.9125,-7.5738,3.1161,0.99998,1.4151,-1.6264,2
0.60465,0.70174,2.396,1.777,0.14038,1.4569,2.3779,0.50579,3
0.48293,3.8118,-3.5705,-11.436,7.6791,6.4292,-0.13069,3.6404,2
-2.2689,-1.582,1.7984,1.2094,4.1036,1.2386,0.99975,0.53785,1
-1.8014,-1.2783,1.4608,1.0725,1.1243,1.4208,3.6368,2.7707,3
2.6351,-0.083881,2.9847,-3.2602,5.8892,7.788,4.2237,5.375,2
0.85644,0.053845,-1.0009,-1.1985,-0.075776,0.40608,-3.6189,2.1883,1
1.5311,-1.2094,0.28105,0.8249,1.3707,-3.4757,-3.0778,1.6984,1
0.57916,0.098056,-0.11677,-1.0082,0.85411,-2.2414,0.39503,2.2748,3
-1.585,-1.1927,1.2696,3.8461,-0.8218,-0.12463,-2.3217,4.9557,1
0.60335,2.2617,2.928,3.2992,6.1365,8.5842,4.4603,7.6212,2
-1.5301,0.80732,0.65341,-1.5912,6.415,-1.1942,-2.0783,0.64059,2
-1.6348,0.14938,3.8531,-1.7249,1.3049,-1.7669,16.933,4.8661,3
2.565,-1.3609,-1.447,-0.1186,0.87763,-1.1768,-1.4067,2.259,1
1.0996,1.2376,-0.76701,4.3627,-1.5147,1.0408,2.0964,-1.8139,1
4.6933,1.6627,0.043908,4.4326,-0.37835,-2.2161,0.69796,-1.4565,3
-1.3048,0.47295,-0.68165,0.19049,1.0416,0.59134,6.8963,-1.5425,1
-0.054606,3.2116,-0.65264,1.0001,-0.004579,6.3739,3.7445,3.452,3
3.2193,3.8088,7.3543,3.6397,3.3783,8.216,3.0705,4.7081,2
0.7195,0.22962,-1.0538,-1.5542,1.6756,4.0561,0.22478,-0.42609,1
1.1497,-1.1948,-0.59947,3.8362,0.83928,-3.7466,-3.1529,0.12891,1
3.467,-1.2023,1.0187,4.2272,0.99619,-1.1102,0.80417,0.28746,3
1.0798,-1.4116,1.8213,1.8859,0.098035,-0.50774,-0.21143,-0.063548,1
-0.45587,-2.2356,-0.29206,0.14971,-0.302,-0.87371,-0.79046,-0.051473,3
3.4229,-3.4784,0.87025,-3.0525,2.7222,3.7664,-0.098031,5.9638,2
-1.6273,-2.4555,1.4727,0.1314,3.3233,8.147,-2.841,-0.9122,1
5.2528,2.0259,1.5589,-0.89136,0.34434,-0.21177,1.9409,-0.7645,1
-2.1481,2.6067,7.1394,6.4079,7.1017,7.1481,3.8426,6.8673,2
-1.1847,2.1033,0.10436,5.9125,-0.87719,12.057,-3.3222,1.5149,3
2.9863,2.1926,6.2271,0.76144,4.8724,6.1744,4.5026,5.1105,2
-1.6156,-1.3568,0.53385,-1.6122,-1.4506,-1.0186,-1.224,-1.4948,1
1.4569,3.4025,4.3659,-0.42608,5.2406,-0.84708,4.4295,-0.85604,1
-1.7651,-0.10133,1.6669,-0.65067,0.32909,2.5984,2.9452,1.9446,3
0.739,-1.5621,0.17891,0.12482,1.2505,0.11192,-0.59116,0.65055,1
-3.8271,-0.57869,5.4592,6.395,5.5338,6.3652,2.9126,1.5987,2
0.30055,-2.1885,-0.32919,-1.5902,-0.66961,5.7676,-2.9968,2.9732,3
-0.59282,3.5409,2.5252,-0.55444,-1.6293,-3.4664,-1.9006,4.6492,1
2.8914,-2.1011,6.5776,3.1936,7.7677,9.2113,-1.1254,7.1883,2
2.515,2.825,2.0516,0.21268,2.208,1.2034,-3.6956,6.7117,1
-0.064433,-2.4689,-0.72603,1.2958,0.82919,5.9779,-2.2165,1.6707,3
-2.5934,-0.062487,0.16521,0.20951,0.34223,0.13975,11.093,1.9745,3
-0.80201,0.16389,0.16933,-1.2781,0.32589,-0.15183,-3.5212,2.7917,3
2.3202,2.5375,7.8403,0.21179,5.17,-5.5415,3.6048,6.1894,2
6.0735,-1.1642,0.27611,7.3402,3.5057,2.5524,3.5304,-0.46044,1
1.5614,2.701,6.6573,3.782,6.703,7.8224,-4.3914,7.4668,2
-1.9388,2.8593,0.12935,-0.35636,0.33373,2.4175,-0.03659,6.4426,1
5.1042,-2.1501,-0.78963,4.8793,-0.052232,2.1396,-2.1803,0.41469,1
-2.5987,0.80004,3.9712,4.1756,2.0362,3.3412,4.8857,1.7582,1
2.7588,-0.23695,6.0189,-0.77731,-1.7099,-5.898,3.3207,4.5689,2
0.033794,-2.3132,6.8351,-6.5761,4.1974,8.5577,1.4459,6.1805,2
0.5158,6.0363,2.8716,3.1851,2.6493,0.37671,-2.9492,3.1978,1
-1.0655,2.4166,0.94028,2.7025,0.10789,0.90319,-3.5458,0.14217,3
3.5956,-1.9999,0.23523,3.432,3.1094,-1.5414,12.192,0.54488,1
-1.0812,0.95515,2.4928,-0.65104,-0.84257,2.7377,-0.31664,-0.86678,1
1.3264,2.1459,1.6489,-0.21601,4.7595,5.2819,-1.8897,2.1168,2
-2.6592,3.9613,3.0745,4.4885,-1.8592,1.0668,-0.6212,-0.52945,3
-2.6595,-2.7379,-1.156,2.0145,3.8872,4.1708,-1.0404,-0.9028,1
-1.9756,-1.5555,2.3264,-0.5622,0.3065,4.2478,-3.7549,-1.391,3
3.6065,-1.1028,3.6335,1.5487,1.9019,2.1478,-2.6319,0.023484,3
-0.41397,0.3665,0.60613,-0.78239,2.1669,6.8346,5.5073,-1.4321,3
1.7971,3.9584,7.6048,2.5392,3.4015,9.7509,-0.29564,4.7066,2
-0.039993,-1.3034,5.397,-14.38,4.8843,-0.97724,0.51572,1.782,2
0.99712,-1.822,1.0607,0.52447,-0.47941,-4.5899,-4.3757,2.6831,3
2.0805,-0.43975,7.4306,-1.0502,4.7812,9.5077,4.4033,6.1404,2
-0.45328,-1.207,2.5427,8.0585,1.7601,0.30943,0.96824,-0.84244,1
0.24491,-0.39642,2.0322,-0.21925,-0.83449,14.242,0.91043,0.1527,3
-1.7624,-1.207,9.2675,0.74078,3.9394,1.3105,-3.9319,-0.14741,1
1.2705,-0.42574,-0.32076,-1.6592,0.13767,4.7653,0.47391,-0.58216,3
3.768,-1.1332,4.8946,1.4048,0.18163,5.4715,-0.67079,-0.02569,3
0.97993,-0.63572,2.5019,-0.30141,1.9858,-1.9091,-2.7151,0.32763,1
1.9015,-0.84672,-0.43251,1.8859,2.964,7.4635,-2.1567,3.4867,3
1.8577,0.41008,7.393,4.4505,3.5162,8.258,-5.7536,4.8546,2
0.69112,2.0878,4.7012,2.7293,5.9535,5.4777,-1.1437,5.5242,2
-0.29835,0.95146,0.80026,4.4759,-0.064092,3.5794,2.1345,1.5276,1
2.8218,-1.7349,0.64501,-0.5715,3.8581,5.903,5.3378,8.5816,1
1.4034,-0.30361,3.7739,-4.3393,-0.38924,9.3273,-2.1325,5.3586,2
5.6102,-0.64142,-0.73211,0.81678,1.041,-0.35203,-2.5788,3.28,3
-1.1359,1.9236,0.29432,0.92661,1.2106,0.23398,12.315,0.30778,3
2.8268,-0.145,6.4214,-6.638,4.4,6.7194,-7.87,7.3283,2
-2.0753,2.7154,0.081818,-0.94527,-0.13655,13.034,-2.2603,-0.3302,3
0.42951,-0.75486,6.1443,-9.4793,-2.8451,-3.1726,1.7332,5.7267,2
-1.7549,0.11351,-0.76299,1.7279,1.3753,3.6621,4.1368,3.8895,3
-2.5747,7.917,-1.3543,7.0598,0.3254,-2.6415,-4.3833,0.29344,3
-1.858,-2.3073,3.3426,0.46922,4.9059,4.9292,-0.19822,3.4982,1
-2.9321,1.7579,7.0047,0.29418,6.5412,10.769,3.4484,1.9916,2
2.3886,0.27377,6.7997,2.6557,6.0663,10.693,2.8988,7.1943,2
2.6889,1.2473,7.2217,-4.1604,7.2654,3.9993,3.503,5.9427,2
-0.6029,1.4501,4.345,0.26704,-0.7319,5.6995,1.6037,4.7972,1
-0.090392,0.23641,3.6643,-4.7533,4.0929,1.4623,-9.8626,6.9795,2
-1.2856,-1.2555,0.89748,0.82449,3.7493,6.4434,11.271,1.6412,3
-1.5524,1.9842,1.1725,3.2481,0.2085,3.5719,3.9351,-1.0922,1
6.0559,0.91105,0.76163,1.5475,-0.066947,8.1527,3.8166,-1.8117,3
2.628,0.72576,0.27633,3.5994,-0.069681,1.6688,1.831,0.37067,1
1.1755,2.3927,2.9428,-1.0062,0.11597,-0.75552,-0.32965,1.0148,3
4.7523,1.2677,3.5594,-0.72189,-1.353,16.202,2.5421,4.5832,1
-1.7987,2.6626,-0.64912,-0.001313,-0.40664,5.5229,-0.91487,4.4176,1
-0.26539,2.7692,0.17803,5.0106,0.93635,0.17265,2.9221,3.0166,3
1.4909,-0.65012,3.141,2.6638,0.98747,3.6854,7.4129,-0.46346,1
-0.94268,-0.12414,-0.52553,2.9198,1.2076,-2.4714,3.9941,2.9551,3
1.1305,-0.34501,1.2615,0.57016,3.4637,-2.951,11.102,1.2405,1
3.1408,2.877,4.0912,-1.8857,5.3684,7.7841,4.3734,6.8618,2
2.5765,2.2049,6.0166,-0.48568,5.182,5.7732,3.9805,6.4709,2
0.98601,1.8115,5.4199,1.5997,3.0412,6.3122,2.1534,5.7514,2
1.583,-2.461,-1.0162,-1.3201,3.0614,2.8599,0.57017,-0.68353,1
0.078306,-0.95822,2.895,5.8739,1.294,-0.051781,-3.9164,0.3553,1
-0.42047,0.65637,-0.627,-0.50922,0.004529,-0.4892,0.75986,-1.1406,3
-2.037,1.8483,4.2489,-1.3844,1.2048,0.87347,0.99074,2.256,3
-2.6011,-1.2746,-0.061097,-1.0703,3.0065,-2.6476,5.9103,1.0661,3
2.8173,-0.18345,7.6544,-0.68089,3.5462,0.20253,-4.1072,5.3163,2
-0.76147,-1.5237,-0.99845,-0.69496,0.62658,1.744,-2.1427,-1.2925,1
1.8932,-0.18146,5.0921,-1.9538,-2.9742,6.3523,2.068,6.3479,2
-1.9543,-1.7264,-0.50585,1.4131,-0.14235,-4.2302,0.36157,2.6103,3
1.2405,4.3814,6.5145,-1.0193,5.2843,7.9768,3.1358,2.1059,1
2.2931,-2.6085,6.3773,-5.2451,6.2137,-0.72931,3.3975,4.3622,2
5.4311,3.2468,0.51917,0.45177,1.4047,9.6688,-2.2526,5.1686,1
0.071621,2.4125,-0.21947,3.471,1.8643,6.8666,0.32298,0.46087,3
0.75257,0.89897,0.30388,-1.3535,-1.5987,1.4406,5.1873,2.2085,3
1.7707,2.1556,2.9075,2.739,6.6719,8.2194,3.0463,4.6901,2
4.7507,1.1379,-0.54944,1.6093,-0.19202,3.5695,9.9751,-0.7138,1
1.3334,2.6232,3.8785,-0.75609,6.4585,9.7426,1.6174,3.6781,2
-0.80502,1.0101,-1.4954,1.3708,-1.2042,2.9273,8.0161,2.2205,3
1.379,3.2219,7.0134,1.5923,-2.7161,4.4663,2.6136,5.229,2
-2.532,1.6577,4.9666,-0.64631,5.8266,6.4842,1.89,7.4227,2
-0.092043,0.15905,0.84057,-0.12119,5.3039,-2.9414,1.5171,0.44574,3
-1.7355,0.21945,6.2799,2.2109,-0.18608,-4.5896,2.3428,-0.40115,3
4.3086,4.0955,-0.63902,-1.3586,2.0124,2.1809,0.94727,0.34346,1
0.71335,0.49496,0.7454,-0.81335,-1.3707,-3.2782,6.5348,2.7077,1
-1.348,-1.1365,-0.65675,0.2999,-0.11598,-2.1843,4.3665,3.0054,3
1.776,0.46074,-0.17813,3.0548,3.8492,-0.44596,5.5707,2.0108,3
-1.5888,-2.3666,7.0306,-0.99675,0.24889,-2.4018,6.4239,-1.6357,3
-2.8592,-1.5656,1.4666,-1.1741,1.2077,-3.0717,2.107,1.9704,3
5.6587,-0.9386,0.6691,1.2812,1.8297,-2.2161,1.3813,5.4792,3
0.63356,3.8624,6.1232,5.7105,3.235,2.5068,-0.90539,7.5131,2
0.70319,-2.5723,5.4563,0.74422,-1.1608,-0.72572,9.0455,0.36784,1
-1.6632,-0.11636,1.5887,0.10435,3.6598,-1.2726,0.51864,1.1692,1
4.2783,2.711,2.1644,-1.5334,0.19546,0.030533,1.3051,-1.1622,1
-1.5746,5.6068,-0.13599,-1.1761,1.4957,7.1655,-0.86486,-1.6724,1
2.4482,1.4756,-0.59974,-0.31213,1.5704,-2.043,0.79349,1.6703,3
-0.89866,2.3797,1.9353,0.74135,0.796,0.76278,6.0755,-1.0781,1
4.8586,0.34173,-1.1185,5.3803,0.13426,-1.441,-2.0664,3.9709,3
-1.1826,-1.2074,-0.032109,-1.0223,-1.6852,4.1945,4.0722,6.9415,3
-1.8409,-2.9608,6.0877,0.80178,6.8836,6.1218,-0.48145,6.5252,2
-0.31672,0.83497,-4.4362,0.9053,4.5101,6.0692,0.75011,6.0363,2
-0.77689,3.6936,4.6039,-16.041,2.125,-8.8419,-1.8785,3.7857,2
2.7133,-1.9848,0.19914,1.9515,-1.2726,-4.536,-1.9101,-1.0583,3
5.2731,-1.5909,-0.50148,0.50423,5.1999,-0.98032,-2.427,2.0984,3
-1.8912,-2.5276,4.7846,-0.69451,-0.003587,-0.013592,1.1134,-0.74338,3
1.1479,-1.6804,-1.2732,4.2641,1.8884,1.8749,8.436,1.1965,1
3.581,2.6785,0.65111,1.5063,-1.2918,-3.4576,-3.6014,6.8876,3
-2.3547,-1.2631,1.9153,0.88862,0.56153,-1.3869,4.1165,0.58079,3
1.2807,2.8036,4.6779,0.84311,1.0786,4.9386,3.587,6.9873,2
2.6562,2.3657,7.8774,1.7668,6.8684,1.8487,4.1883,6.8393,2
0.79209,-0.37057,4.9746,-1.1145,1.9909,-1.3264,-2.0142,0.94607,1
-0.76205,-2.1256,3.5543,1.8385,4.2923,5.3675,7.5293,0.097825,3
0.72566,1.0074,6.4873,4.992,6.2312,7.2862,4.6093,4.7817,2
1.44,-1.4523,7.4674,0.77354,5.0339,6.3935,4.6548,4.1836,2
-1.4668,0.74353,-1.0406,-0.42836,0.50614,0.89848,7.0279,-0.18964,3
-0.10626,3.8079,-0.86885,4.1839,0.99865,0.30311,3.2748,0.75706,3
2.786,3.1312,2.0517,5.1443,3.7117,9.064,0.74687,5.3873,2
0.87862,1.1535,0.49483,-1.5842,1.2359,7.837,3.3976,0.28366,3
1.3214,-1.6296,1.0576,-0.13952,-1.7603,-4.3234,5.8771,0.52867,3
-1.0572,-0.62257,1.4731,2.1067,3.3906,3.2294,3.5313,3.2669,3
0.009857,1.9191,1.0064,0.02382,-0.31145,-2.7586,6.714,1.3212,3
3.4016,2.3682,0.81316,2.4754,7.6624,-5.5918,-2.83,5.5249,2
4.3792,-0.44133,1.6654,-0.77623,-1.3076,0.45728,1.982,-0.96947,1
-1.5901,1.2459,-0.32359,0.69235,1.2909,1.7118,1.9285,2.3507,1
-1.866,1.4399,-0.016125,1.7138,-0.77357,9.6367,-3.3571,0.36251,1
2.8291,-0.40343,-1.4068,1.3033,2.5386,8.5306,-3.5839,0.063781,3
0.84051,0.22981,5.1391,6.2554,3.2385,6.0226,1.2537,4.2069,2
1.1156,2.2366,4.0732,4.6812,6.1962,0.87511,4.558,6.675,2
3.8359,2.2627,4.2954,5.6284,3.14,1.6743,3.7391,4.5369,2
1.0061,-2.7027,-1.709,1.93,0.94264,4.2226,-4.7647,-1.2917,3
-2.6022,-0.38635,-1.3503,2.6105,-0.15807,-2.7349,0.42642,-0.22942,3
-0.21201,-1.1602,7.3616,4.2499,3.1639,4.3627,9.3516,-1.7893,3
-1.69,4.1223,0.7556,-1.5001,-1.2661,-2.5058,5.9858,7.6797,1
-1.0843,-2.1885,0.69241,-0.56151,2.3721,-0.90758,0.27899,-0.27476,3
3.1072,3.9462,5.6491,3.6709,5.7525,7.6931,3.5046,2.4071,2
1.8979,-0.89229,6.8162,-0.43934,-1.0398,3.0108,-0.21043,4.4891,2
-2.4892,1.3232,3.1576,1.3168,-0.58616,2.2056,1.5177,-0.17905,1
-1.0682,-0.82943,-1.3215,0.51208,2.4709,2.1074,0.47678,-0.053862,3
-1.712,0.69222,-0.59278,0.84727,2.052,-0.1971,-1.3896,0.068957,3
0.55944,2.2115,2.4399,-0.82792,6.0893,3.4801,5.0135,3.5859,2
2.4469,3.2663,-1.8696,0.36006,-0.15251,-1.1846,9.0106,-0.9364,3
-2.606,2.6108,0.61612,4.7162,5.7506,6.6951,2.5332,-0.45606,1
2.9151,-0.30402,3.8466,2.9985,5.5258,7.5739,-5.4591,6.2251,2
-1.7545,-1.1362,-1.1507,0.041368,-0.45185,-0.16067,2.8858,0.44795,1
4.6923,1.2506,0.47096,2.7806,1.7427,4.1426,-1.762,-0.66448,1
-1.3461,-1.5337,1.2153,2.1713,0.55268,3.339,0.80561,-1.0502,3
-0.35687,0.52953,0.74755,1.4234,1.2473,0.70488,4.8405,-0.57071,1
0.39941,-1.2047,0.65425,-0.11022,0.38666,-2.4145,-0.42896,-0.72345,3
-2.0692,-0.57327,2.8301,1.2504,-1.1344,5.3317,-4.3049,5.3357,1
-2.1304,1.5992,-0.82022,1.2894,1.1966,0.11373,1.7653,-1.947,1
-2.3824,1.7725,5.4008,-1.1037,5.2156,-5.977,-2.736,5.444,2
0.98867,-1.6345,1.3356,-0.9757,-1.4027,3.7626,0.43742,-1.6093,1
1.4487,3.4621,4.5974,1.7528,6.672,-1.4296,1.0734,6.7593,2
0.20472,1.1036,4.2688,-0.617,2.9685,2.0777,0.25318,-0.19674,3
1.3085,1.9347,0.87369,2.77,-0.64997,2.3865,-3.6536,0.46337,1
0.41016,2.7253,2.0629,-0.90156,-0.73278,0.40915,-2.274,-1.4074,3
-0.67794,-1.0933,0.45493,-1.7451,2.0317,12.835,2.1822,2.0255,1
-2.4299,-1.763,-0.55829,0.76963,1.3194,-1.7806,-3.4331,-1.4155,3
3.1887,1.1901,6.8911,-1.5448,5.5918,-0.48949,-3.7284,0.41318,2
2.9899,-0.079176,6.531,2.7485,5.2734,8.6306,4.8731,6.8896,2
4.4317,0.63378,0.5248,-1.1839,2.3818,6.0411,-0.98357,0.31812,3
-0.88743,-1.2293,1.7759,0.90661,0.14165,-4.4786,-2.3768,0.63594,3
-0.65022,-1.4722,6.0533,3.9294,6.7364,6.5504,-2.3319,3.2996,2
-2.066,0.24869,1.6438,-0.18317,4.767,1.0376,8.9115,-0.15613,3
3.0648,-0.51669,3.9503,-0.62679,6.1431,7.2354,0.78068,2.4089,2
-0.32587,0.83046,1.97,-0.024747,1.9687,-3.5742,-1.2521,0.89445,1
-1.5545,-1.08,1.5658,-1.377,1.6754,-3.1776,3.7065,0.76055,1
0.47589,-1.0721,-0.42313,-0.9418,0.45081,-2.0399,-0.47099,1.5713,1
3.6897,3.022,6.0836,5.5607,5.4582,7.1997,-1.9391,5.8965,2
1.387,-0.001486,-0.92844,2.4528,2.0433,1.3805,-4.1998,3.1374,1
2.7025,1.5112,2.835,-0.54565,1.2113,8.3272,0.94942,0.19002,1
-1.2098,-2.4915,4.7103,3.5581,-0.67597,-3.9816,-0.10712,5.2025,3
1.5947,0.76095,6.3816,2.9226,5.4009,5.5963,-0.60987,7.4122,2
-0.29403,-1.7162,4.7487,-1.3039,-1.192,1.3853,0.53898,4.0167,1
-1.1475,-0.53314,1.3477,1.8186,4.992,5.3967,5.298,3.2518,3
0.15535,3.3252,-0.59941,2.9462,-0.98027,2.1556,-3.5798,6.0846,1
-1.8534,1.7418,3.8563,-0.6156,0.10811,-3.2473,0.46218,1.2189,3
0.86155,1.3088,-0.62053,-0.96276,0.4931,-1.3048,-3.0567,1.533,1
3.5875,-1.6642,5.2982,1.3249,7.2981,6.2092,-2.6269,4.3234,2
-5.7227,-0.51267,6.1405,1.5211,7.4653,1.2814,1.8288,4.1867,2
-0.89899,0.70374,5.6779,2.9197,6.1563,9.5601,-2.4779,3.8152,2
1.1426,-1.746,1.7013,-3.8066,2.729,5.6357,1.4353,3.4197,2
-2.2878,-2.6794,0.10917,1.5601,-0.12189,-4.1303,-1.8794,2.0701,1
2.5238,1.7309,5.589,-1.5705,7.5741,1.2983,0.89539,5.8161,2
1.4886,1.5311,5.1753,-0.54506,6.0551,10.46,-3.0825,4.9632,2
3.9477,1.6871,6.0546,-1.9835,4.5999,-5.6969,0.56998,3.1317,2
1.733,1.3196,6.414,1.313,5.2121,5.791,1.8178,6.9203,2
1.4543,-1.275,-0.18356,-0.73812,1.9988,1.4599,0.78275,0.14089,3
-1.7082,0.55764,-0.64645,1.9964,0.26538,-0.55874,-1.0401,2.2452,3
-1.9964,1.1454,1.4038,2.6193,-0.39795,7.4473,0.17511,6.4241,3
-1.8513,-2.6692,-0.78379,1.9548,-0.77147,-2.7985,1.3855,-1.2906,1
-0.46704,0.34182,-0.035393,1.5813,4.1294,2.1191,-2.0951,4.5813,1
-2.3805,3.2545,-0.64013,4.0681,1.9286,2.9496,4.6464,-0.82864,3
-1.259,3.4546,-0.4052,-1.7279,1.9607,-3.6915,0.69914,1.0666,1
-1.5463,3.799,-0.64527,0.23009,4.1751,-1.3421,17.198,-0.52377,1
-2.4826,-1.1342,0.15905,1.0569,0.40652,-1.8366,0.91279,0.1419,3
0.59996,-4.498,5.0905,4.7928,4.4942,-2.1139,0.72924,5.7941,2
-3.1162,3.2499,6.8501,0.21278,0.95798,3.9445,3.6026,7.1902,2
-0.035053,-0.83618,2.8215,-0.84789,0.25118,9.6397,-2.4234,2.0455,1
-1.7619,2.5859,5.5406,4.6285,4.1148,5.3295,1.3926,4.5985,2
1.1897,-2.3848,0.16986,-1.4433,0.94929,-2.673,-2.3605,5.0702,1
1.4171,1.8056,7.5042,0.92979,1.6235,3.9448,3.7169,1.2107,2
2.0132,1.1791,3.2932,-1.1929,3.3702,9.6902,1.2574,6.7739,2
-1.308,1.1385,1.3636,6.9915,6.8683,3.9896,2.4506,0.23358,1
-1.984,-0.6091,-1.6634,-0.28887,-1.4614,5.4982,-0.39801,0.19265,1
0.03727,-1.4351,-1.7077,1.0756,8.3893,-2.4633,-1.6685,-1.2569,1
-1.7483,2.4974,0.2496,-0.73984,4.4376,5.7844,6.3653,0.95138,1
11.529,-0.97925,-1.3002,-0.77992,2.1587,2.538,0.012202,5.4846,3
-0.47513,-1.9235,2.3746,-0.90421,0.1576,-1.2918,3.2604,0.54985,3
2.3277,-0.53022,5.9467,6.0977,7.5154,7.7425,2.8789,6.5624,2
2.5908,0.98549,3.6129,2.1105,5.5431,0.20051,4.2975,6.1138,2
-0.074307,1.5911,-0.58096,2.6783,0.53665,0.46996,-2.2107,0.75108,3
-1.825,-1.7124,1.1094,0.49144,0.33702,8.2655,4.4403,2.3439,3
-0.52623,1.2121,5.7783,0.52024,-1.5905,-1.7003,-4.4965,-0.43819,1
2.9385,-0.061966,2.9757,3.5876,7.0634,8.754,5.3755,7.4687,2
1.2752,1.3052,2.3091,-1.0438,-0.16958,-0.28595,4.2039,-0.056168,3
1.7293,3.198,5.8985,-9.3388,6.8328,-1.0957,-0.91586,7.7903,2
1.4682,1.4034,7.4839,4.0424,6.1665,-1.1361,-4.2743,3.6858,2
0.51458,0.63625,3.8487,-0.007583,0.22635,4.1411,0.99031,-1.1077,1
3.2298,3.1998,2.7761,-15.432,5.9885,-4.9513,-4.6294,3.9721,2
-1.1104,0.21078,2.3588,-0.11655,4.5759,11.411,-1.76,2.1121,3
1.2087,0.10188,-0.98745,0.79322,-1.7599,-0.8656,4.293,2.2018,3
2.4047,-1.9653,3.5312,-1.8594,2.4425,0.30046,-1.5444,0.4742,3
-1.1601,0.90146,2.0929,1.4726,0.088619,-0.73599,-3.9494,1.3232,1
0.11975,-0.16359,4.9107,-1.1775,-1.8722,2.6405,8.7809,2.3064,3
0.727,-1.025,0.083805,2.1468,0.075561,-2.8636,6.3472,0.19796,3
-0.98049,-1.6607,4.1392,4.0431,3.6136,-2.1919,1.3424,3.2432,3
2.1147,-1.8731,-0.1852,-0.89905,3.2911,5.9187,11.95,1.1503,1
1.332,3.2911,-0.85786,-1.3545,0.1161,-1.6795,6.3071,-0.25151,1
-0.43507,-2.9459,-0.25942,0.58123,-0.66647,5.6975,-0.29012,-0.36125,1
3.0466,0.86294,4.6121,3.5056,7.4119,7.2948,-4.4132,7.0948,2
-0.23026,-0.67567,-0.89732,1.4368,4.0079,3.7366,11.132,0.60104,1
0.4583,-1.6438,-0.67599,-1.024,3.0644,2.3312,-0.20038,-0.079863,3
5.7746,2.21,-1.9888,-0.55184,2.1469,13.892,-3.1627,-0.18563,3
2.9702,-1.7551,-1.5863,1.1251,-0.89852,1.6263,4.309,1.0927,3
-0.27946,-2.2136,4.2175,0.37228,2.1642,0.25042,2.6141,1.1328,1
0.68938,2.5087,-1.5546,6.1486,1.3033,-0.64837,-1.0521,0.49443,3
2.466,2.2804,4.6594,-6.8296,5.9444,6.0444,-0.52725,6.8856,2
-2.4947,-2.4003,-0.58701,2.7596,7.2292,7.8221,2.2389,2.3077,3
-2.2131,-1.2137,1.2819,1.1087,1.9265,-2.1662,2.3999,-0.57111,3
3.1244,1.4852,5.9451,2.4145,5.7394,9.2511,-2.5027,6.5866,2
0.26359,2.9385,3.6139,2.1002,-0.30301,-0.99615,9.2153,5.097,1
-0.005002,1.6768,3.963,1.4678,0.71386,8.0381,-4.1061,2.8969,3
-1.9977,0.82142,6.611,-5.3827,3.6371,7.2077,5.0995,1.6948,2
-0.1425,0.63539,3.5541,-0.69548,2.8923,2.1458,3.4101,-0.15446,1
-2.3786,2.0426,1.8488,5.1392,-0.87919,1.4087,-0.49549,0.48112,3
2.1047,1.8027,6.6224,0.52354,4.8913,4.9169,2.485,4.5664,2
-0.398,-0.53912,-1.0992,-1.1307,1.7163,-2.8844,-0.076118,-0.39566,1
0.075586,-0.3626,1.6141,-0.057326,4.9298,-4.3687,-0.65096,0.79687,3
3.5376,0.19997,0.97068,3.3827,3.3279,-2.5351,-0.63328,3.3061,3
-1.4991,4.3136,-0.94495,3.694,3.8175,5.8398,-1.2945,-0.87523,1
3.1795,-0.60925,6.4636,5.3258,4.9489,-0.39607,0.54796,2.9413,2
2.7332,1.9914,0.56859,2.3409,7.0282,1.7972,-5.1462,1.334,2
2.965,1.3079,4.6676,5.4428,5.6,7.423,4.7768,6.7974,2
-1.8445,-0.92075,2.0362,3.3927,-1.5495,2.8535,-1.3505,5.9088,3
2.4285,5.4455,1.5661,-1.1266,4.6008,-0.22163,-3.8543,-0.91883,3
2.3658,4.4162,0.64138,4.6501,2.9885,2.2097,-2.5191,-0.94586,1
2.9067,2.9077,5.2217,1.7944,3.0318,3.827,-0.091291,5.2469,2
1.786,-2.7208,0.84882,2.8125,2.85,-1.5326,1.4067,1.5327,3
-2.679,-0.5872,5.6397,-0.84223,-0.83459,0.7382,4.8462,-0.12075,1
0.65604,-0.27067,0.3684,1.9986,6.2305,-0.17808,-3.6908,2.0204,1
-1.9338,0.35395,1.0462,5.0221,-0.61947,-1.8839,-1.0466,0.10146,1
0.047526,-2.5081,2.9454,-1.2494,0.59559,6.8342,1.1531,2.8926,3
-1.9048,-1.5633,-1.512,-0.75741,0.46323,-0.90302,-3.3807,-0.71276,3
2.2552,3.2798,5.2054,0.88176,2.5857,5.8412,2.3935,2.8844,2
-0.010732,2.1874,0.82602,8.3996,-1.3341,-2.577,-4.109,-0.44629,3
-1.1984,2.5317,-0.96453,-0.53357,-0.4904,0.48837,-0.016881,-1.4478,1
2.4002,1.77,5.6727,2.7398,6.1524,5.0921,1.701,5.8247,2
0.30374,4.3606,-0.094823,1.7218,-1.574,6.0206,-2.6694,0.26408,3
0.78354,-1.2488,1.696,3.3468,-1.0492,5.0475,1.6964,1.3291,3
-2.391,0.92459,1.2931,1.5579,0.32783,0.62551,2.7448,3.7668,3
3.3045,-1.6237,7.5878,-2.8307,5.4528,8.7578,1.3905,7.0371,2
3.2545,-2.1469,2.2341,4.6048,3.0076,8.5302,2.0944,2.3488,2
1.8276,1.3098,3.4905,1.0453,5.8791,6.1059,-4.6609,7.2065,2
3.0609,-1.5261,4.6202,0.15503,1.7283,0.82849,-0.54033,0.49687,3
-0.13848,0.17683,0.92774,-0.28016,0.42414,0.26994,-2.761,-1.4693,1
-0.027237,-1.2064,-0.060538,-0.55611,6.8332,6.7268,-0.83315,0.62819,1
-2.1221,-0.49981,0.79538,-1.4161,-0.33168,2.7949,0.96443,2.3499,1
1.2388,3.0389,4.8556,-4.5647,6.9985,6.9464,3.5319,5.8687,2
3.0035,-0.78953,6.532,3.5188,3.0148,7.0503,0.21599,4.6867,2
-1.4518,1.9422,-0.058821,-0.55255,-1.7136,-2.341,-3.1858,-1.768,3
-1.8319,-1.8183,1.7484,1.2388,-0.38265,4.1304,-1.5487,2.3196,3
0.33635,-1.8397,1.2247,0.029462,1.5258,1.7164,-3.5416,-0.65469,3
-0.39066,0.26773,-1.4921,-1.1225,-0.29062,-2.1601,9.4772,-0.20424,1
-0.40205,-0.6493,1.23,1.369,-0.006991,-3.9108,-3.406,-1.5083,1
4.1954,-1.2095,-1.7627,1.6842,-0.63828,-0.94504,0.96327,5.387,3
1.8921,-0.91552,1.7268,1.2403,1.2415,-2.8773,0.95931,-1.919,1
2.2788,2.4183,2.5039,4.1496,5.8227,9.3391,0.38419,7.07,2
-2.0622,5.6607,-0.062129,-0.60035,2.5503,-1.8452,1.6976,-0.12236,3
-1.1141,8.016,-0.6124,0.49498,2.8478,-1.7406,4.3711,3.1268,3
-1.1337,-0.96145,0.61498,-0.39605,-0.86202,1.4834,-1.4946,2.7962,1
3.6735,-4.577,5.7495,4.4804,4.9368,9.6724,4.0133,4.8719,2
-1.5454,0.20552,1.574,0.73942,-1.6675,-1.9166,-1.1472,0.89954,1
-2.1536,-2.4958,2.5794,-0.7621,-0.56518,-3.674,3.1266,-1.0295,1
3.0894,-0.24373,6.8271,5.4567,7.1886,5.2319,-4.61,5.2611,2
0.71335,0.49496,0.7454,-0.81335,-1.3707,-3.2782,6.5348,2.7077,3
-1.5401,2.1996,4.3666,4.093,0.10375,0.1538,-2.5618,3.1744,1
1.9732,4.7517,-0.5546,0.6159,0.00561,6.6639,-1.755,-1.1298,1
-0.59633,1.1955,-1.4893,-1.2032,1.6383,-0.25003,2.8567,-1.562,3
2.0487,2.5656,5.4806,-0.62427,5.1328,7.4287,4.7424,6.7687,2
-0.39723,-0.051334,0.42569,4.7891,3.3553,-4.5287,-1.8243,4.2943,1
-2.0579,-1.5268,4.1004,1.1534,3.4924,5.1993,-1.2926,3.3121,3
-0.08585,-3.3664,3.3356,0.82886,3.2275,7.744,4.4738,1.6243,2
2.129,0.93102,-1.5166,-1.4108,-1.5084,-1.4407,1.5978,0.63982,3
0.020499,-0.38871,0.35521,-0.79477,-0.85482,4.3955,-2.4598,1.9679,3
-2.6057,-1.401,-0.1243,0.72296,2.0114,2.7034,3.1602,-0.10569,3
1.0568,2.5536,6.4081,4.3946,6.5437,8.4773,4.9278,3.3468,2
1.1211,-0.48182,0.66287,7.8274,-0.53478,-2.2379,5.5024,2.9088,1
1.257,2.4946,5.4659,5.1361,1.9079,8.386,-3.4269,-0.51658,2
2.1085,5.1016,-0.65001,1.1136,3.0478,0.61044,-2.8617,3.4615,1
1.3555,-1.1431,0.81685,-0.13037,5.7268,3.4726,-0.87016,1.5253,1
-2.2313,0.79846,-1.2909,-0.79455,3.1164,-1.8552,-0.50109,-0.2086,3
3.4711,1.136,-1.1451,-1.9701,2.3015,-2.2989,-0.012925,4.401,3
0.22233,0.72151,3.0866,-0.17819,7.3563,1.4128,1.0167,6.6416,2
5.2668,0.29029,-0.56879,3.661,-0.28225,-2.8313,0.2114,3.8894,1
-0.56625,4.4109,5.9909,3.92,3.4747,2.5273,10.009,-1.6146,1
-3.7466,1.0112,1.0672,-7.7484,3.3938,1.5748,1.0296,6.1719,2
-1.4506,-2.0198,1.762,0.071292,3.4213,6.8534,3.8336,0.33943,1
-2.1675,-1.6425,0.72243,2.3262,0.046841,3.7345,-1.5987,0.49194,3
0.30906,-2.5698,-1.4127,3.2184,-1.6772,0.80578,1.123,0.189,1
-2.3574,-2.2659,-0.33315,-1.1433,-0.055883,-4.2429,1.7878,4.0113,3
-0.61258,-0.23478,7.1857,2.7881,4.4862,4.6076,-1.6324,3.2001,2
4.1074,-0.2487,-1.3858,-0.62647,2.5379,-0.71928,-4.1959,4.7356,3
6.6737,-0.33646,5.3647,-0.61424,0.17243,-1.6655,-4.5583,-1.5329,1
-1.741,-2.3976,0.91664,2.5543,1.8257,2.1605,1.647,0.43089,3
-2.257,0.085316,2.1447,1.4936,2.2834,-2.7708,0.50596,-0.79521,1
3.1119,-0.007968,-1.3715,1.4155,1.1004,-1.929,-0.22583,-0.53913,3
-0.54431,0.1548,3.1753,-0.023438,0.71048,1.3576,10.889,-1.397,3
-1.3672,-1.3486,-1.2706,0.027405,3.4991,4.3937,4.7192,2.8715,3
0.85128,-0.58754,6.5178,3.5519,7.5757,6.5911,1.6566,0.74303,2
3.2484,4.757,-1.9049,-0.93004,-0.57989,4.4185,-1.4085,0.070611,1
7.6134,2.7475,-0.24301,1.2464,-0.48595,-1.0328,-1.952,3.4425,1
1.0808,-0.45766,4.6735,3.9571,6.974,2.5173,4.8471,3.7318,2
1.4259,-1.5495,1.3716,0.34998,-1.4525,-0.96964,1.3397,0.25555,1
1.0813,2.9194,6.8088,-4.0694,6.4354,8.9906,-1.9162,4.9358,2
0.79179,-2.6069,-0.17595,-1.8323,0.93884,14.05,9.3845,1.4007,3
1.5164,1.2938,5.9574,0.75108,3.504,8.9182,-2.0944,6.0328,2
7.2837,3.9272,6.8825,0.49074,0.15691,-0.77681,2.9732,2.8366,1
-0.05688,-0.070042,-0.51865,2.2366,1.1806,-2.9427,-0.47435,3.7895,3
2.4964,-2.806,3.7797,1.446,0.72398,-4.1119,11.141,-1.0918,1
0.051199,-0.36939,3.6622,-0.398,-1.0122,-3.6126,3.5453,-1.5408,1
0.28281,-1.9289,-0.24877,0.64864,1.7681,-1.9647,1.5287,0.33619,3
2.5026,-1.7954,4.523,1.1022,0.22585,-0.64953,0.86495,4.0245,3
2.7514,0.63092,2.6713,5.3172,7.2975,10.201,4.3173,5.8096,2
0.24203,-1.984,0.76691,-1.2245,-1.4591,-3.2545,-0.11988,-0.53931,3
3.4532,-2.3026,-1.5805,2.4279,-1.7586,5.212,3.5196,-0.65136,1
1.2313,-1.1275,2.1437,-0.024463,1.1555,-2.0391,-2.8397,-0.19992,3
-1.1276,1.6315,2.2846,0.78593,-1.2072,5.5966,-0.70377,1.6785,1
0.11139,2.4167,-0.87726,-1.4247,-0.92813,-0.30486,-3.6175,2.4362,3
3.2522,-1.9601,-1.7932,7.5792,-0.88333,1.9085,-0.1862,-0.77796,3
1.8871,-0.8308,-1.8662,0.53537,-1.6072,-0.80412,1.16,-1.3445,3
1.8527,0.60713,5.1921,3.3472,1.4506,7.589,-0.67854,3.871,2
-1.8546,-2.5111,2.4391,1.3326,1.6143,-1.3638,0.48807,-1.7494,1
-0.26663,1.3816,6.0609,1.4311,4.6279,2.5447,-0.012586,6.0063,2
3.3064,3.4105,5.628,0.26917,3.0329,7.6345,4.7189,6.4548,2
0.71943,-3.2795,5.9723,-2.2349,4.2106,9.1793,-4.5804,5.65,2
1.0586,0.84076,4.8734,5.0037,1.2453,5.6094,0.87728,3.11,2
-1.2671,0.087799,4.0588,1.3332,0.8463,1.2015,-2.9188,-0.44209,3
0.94779,3.6394,5.6262,1.8019,4.9779,8.0793,0.64555,4.9075,2
-2.2461,-1.8296,-0.53552,-0.60098,3.3957,-0.76935,2.8369,-0.71559,1
2.3461,1.5917,2.1557,0.29726,4.9161,7.176,5.4883,1.0866,2
0.94081,-0.84648,1.2065,5.8858,6.156,3.1148,-4.8928,6.2475,2
-2.2723,-1.2931,-0.51507,0.47043,7.009,-3.9021,1.2289,3.8562,3
1.2344,0.28421,0.89243,3.3711,3.2694,0.89037,-3.0476,-0.73498,1
1.7556,-0.00487,-1.7702,0.50171,-1.4288,4.8599,-0.66962,-0.39866,1
-2.2931,-0.88008,0.93356,-0.43601,0.34773,-4.8284,1.9323,-0.23067,3
-0.19397,2.1948,7.1219,3.1961,3.1605,3.9589,1.8407,1.5349,2
0.25891,0.8676,6.9975,2.1466,4.0429,9.7364,-0.35022,7.783,2
1.1255,3.1282,6.6224,2.5885,4.0525,3.2815,0.8503,4.8935,2
3.724,-1.3226,0.24489,1.1032,3.6935,1.4099,1.9022,-1.1257,1
4.4403,0.50332,1.7253,2.795,-1.4259,2.4772,-4.0443,0.10853,1
2.2781,2.4412,7.5532,1.8305,0.69935,-0.79113,2.8339,2.0165,2
2.8899,2.2298,6.8111,0.17244,4.3705,8.1479,1.4418,6.6556,2
-1.0024,0.89031,2.6368,-0.38381,0.45491,4.9511,-2,-0.23911,1
2.7969,3.1079,7.4789,4.0669,5.0231,3.305,-3.272,5.9286,2
-2.5095,1.1537,1.9818,1.1334,-0.008021,7.132,-2.7009,1.9832,1
0.31801,0.58284,-0.7349,0.51087,4.7782,-4.7628,13.919,-1.4583,3
1.0957,-0.53117,1.9268,3.3247,3.5179,-1.0474,-3.1358,0.39576,3
-0.57267,0.27427,1.9171,5.2658,7.3623,1.0847,3.3112,2.8734,2
-1.347,3.3781,-1.229,-0.37035,-0.66125,6.2757,-0.75749,1.3329,3
0.33097,-0.9256,4.0957,-6.6963,2.0113,5.4294,2.3089,6.5505,2
-0.52266,-2.2997,2.1505,4.5995,2.4368,1.865,-1.5619,1.3852,3
-2.8439,-1.7574,0.43244,2.9123,3.9273,-0.92946,1.2873,-0.17947,1
-1.7717,5.4761,-1.4414,2.5645,0.22055,6.1891,-2.5869,5.2792,3
-0.55182,-0.53144,3.7441,5.3184,-0.36912,-1.1854,6.9341,-1.4027,1
-0.8529,-1.6996,-0.021173,0.47392,0.80246,-3.0686,1.0369,1.8543,3
-0.73281,2.5001,-1.1352,2.5467,1.4655,-3.6775,3.1728,1.3915,1
3.9482,1.9229,6.1627,3.4131,6.2201,5.5919,0.20117,5.7386,2
-0.97546,-2.7513,0.75551,7.0582,-0.36512,-0.26299,2.1385,-0.68573,3
-0.87243,-2.24,0.85894,-1.6604,-0.28773,-2.6768,1.7183,2.402,3
0.2093,-2.4213,4.6921,0.38827,2.8829,10.571,2.9492,1.1433,3
-0.53855,0.36338,-0.21747,-0.11621,0.2898,4.6217,7.0006,-0.21366,1
0.69702,-0.9477,2.7315,-0.2941,6.2841,7.2934,0.50819,4.0578,2
0.32684,6.7235,2.1429,4.9776,1.5475,6.4265,-0.080192,-0.6618,1
-0.25714,0.69588,-1.509,0.58847,3.3307,1.7548,-3.2759,0.28624,3
-0.59995,-0.053761,6.7775,-4.3948,7.4741,6.7286,-2.8131,5.1015,2
-1.1312,0.73659,0.58742,-1.5035,3.3601,-2.5879,-4.7175,-0.83446,3
0.31823,4.7183,-1.5826,1.4577,-0.020195,0.027973,-3.4479,3.1135,3
2.1014,-0.68635,4.991,-11.914,6.9363,6.6259,4.0968,4.7976,2
-0.97552,-2.3681,-1.3855,4.4322,2.5713,2.53,-1.527,2.2107,3
3.2284,2.9675,5.9078,-2.1274,6.8273,-2.0429,3.2891,6.9541,2
-1.6549,-1.0093,1.0496,0.85896,9.5382,-1.7798,-0.32824,0.064551,1
0.93412,2.3421,6.4277,4.9727,5.3201,2.9604,3.6175,3.3744,2
-0.73853,0.73538,-1.8425,4.4007,0.27201,0.84481,3.9852,4.2133,3
-4.4912,-2.5656,2.2578,2.3263,6.5099,3.516,-1.3388,4.3995,2
-0.7137,3.3972,5.6071,-3.9896,5.8766,7.2478,2.4156,7.5259,2
-0.76241,-1.6823,1.2135,-0.86185,0.29621,-2.1454,-1.2267,0.11101,3
3.3324,3.295,2.6972,0.75297,2.8085,-3.0448,-1.0826,6.6577,1
1.8475,-1.1997,0.86219,5.8185,1.1415,3.6364,0.35092,1.4563,3
5.5321,-2.8129,-1.82,2.8504,3.579,-0.070726,0.34978,0.94656,1
-0.75555,-1.2355,4.1578,-0.69967,2.2674,-2.8738,-4.466,0.12344,3
-2.3746,3.5424,0.026227,-0.12615,0.80366,1.161,5.498,-1.4245,3
0.52819,-0.52592,-0.91813,-1.7227,1.7266,3.1492,-4.1131,0.69984,3
-2.1886,0.63251,-0.50473,1.3225,-0.42764,4.5994,-1.8042,-0.21167,1
2.6408,-0.51978,0.45799,0.040133,-0.21176,8.7304,6.9875,2.4549,3
0.62482,-1.6754,6.0682,-0.62786,2.4741,6.678,4.4215,6.7438,2
-0.96647,-1.4397,0.21177,-0.98831,5.0034,-3.8681,2.5424,-0.12945,3
-1.1734,-1.8122,0.24424,1.0473,1.6635,0.35793,-1.0116,1.0275,3
-1.2944,-2.8853,4.717,4.215,2.5405,8.3168,2.5114,7.1486,2
3.6432,1.9637,0.83616,1.0418,1.4949,6.7746,-1.2161,0.43053,3
-2.5763,2.8755,-1.0307,-0.35661,1.7265,9.3515,-1.529,3.2995,3
-0.9482,-0.17734,-1.3719,4.1182,0.85944,14.425,-2.1349,-0.88911,3
2.1091,0.4356,-0.28025,2.408,-0.54106,4.9815,2.5945,-1.2047,1
-0.97101,0.62088,5.1666,0.85927,6.769,-2.4381,4.1597,7.7569,2
2.0539,-2.5023,-1.1049,0.8535,0.56085,-3.5125,-1.2196,-1.2893,1
-0.11323,-0.68527,7.3914,5.1375,5.656,3.1128,-7.4917,7.5474,2
-2.3464,-0.67197,-0.93501,2.182,0.004393,6.0001,5.6533,0.90167,1
1.0941,2.825,-0.66243,1.5499,3.7601,4.2143,0.13666,0.30147,3
3.6436,3.1382,6.6597,-7.2109,7.4781,9.3553,1.9692,5.9484,2
-0.22851,0.34409,2.7117,0.56364,-1.8328,2.1277,3.676,6.3171,1
0.86768,0.39908,1.317,0.19001,-0.83529,4.8564,3.3274,1.8558,3
-0.79035,2.9452,2.9925,0.32697,-1.9325,7.7291,-0.68439,-0.18887,3
0.70781,-2.6294,1.0218,-1.5622,0.96439,1.5356,-0.093786,6.4281,1
0.51489,1.3832,7.4428,3.2438,7.0511,4.6716,3.7489,4.3354,2
-1.8548,-1.1951,-0.38483,-1.2004,-1.7143,-0.95847,-1.404,0.80919,1
-0.85446,-0.82423,4.2132,-0.05735,0.49857,-2.7336,-3.1367,0.021428,3
1.5568,1.9715,-1.37,1.2359,-0.42308,-0.41171,5.1156,4.1701,3
1.5004,0.73757,4.778,-0.68975,0.010673,5.1399,0.8092,-0.68455,1
-2.3821,1.1809,-1.0899,-0.26723,2.1689,8.4286,-4.3242,1.6695,1
-0.33627,0.97168,4.1207,0.039288,-1.4046,10.757,4.1683,1.0188,1
3.3545,0.40943,2.9972,4.597,6.1959,4.9384,1.3479,7.1035,2
-1.1415,1.6733,0.60535,-1.1196,7.2551,5.122,1.9142,-0.3221,3
3.1615,-0.17586,6.5954,5.1672,5.0047,-0.79542,2.8935,7.3115,2
1.8245,-2.9197,2.7967,0.01589,3.7726,-5.1231,0.64396,6.679,2
-0.65551,-0.28298,-0.14369,1.3434,0.40039,-0.26329,12.873,-0.43949,3
2.3049,3.3724,6.5927,4.5897,5.1284,0.62119,2.3522,5.1348,2
0.85345,-1.3969,3.68,4.343,-1.6132,-1.5554,-2.7295,-1.1443,1
0.85345,-1.3969,3.68,4.343,-1.6132,-1.5554,-2.7295,-1.1443,3
2.1507,3.4898,4.5166,3.3033,7.2529,10.114,3.0136,1.6735,2
-2.5559,3.1664,-0.30514,-1.2428,-0.13875,0.97112,-2.8815,0.78916,1
0.64619,2.8804,1.8369,-1.7698,-1.1138,-1.7813,-4.0706,3.4607,1
2.3161,5.0499,0.49259,1.861,1.0374,12.342,-1.6246,0.27183,1
1.9592,-0.58245,2.2932,1.1673,1.1772,7.476,-2.5415,1.4267,3
-1.0274,1.705,1.1295,1.5732,-0.9918,4.4902,1.0845,-1.5055,3
-1.7364,-2.1865,1.5295,-0.57112,-0.68689,-0.60874,-1.9561,0.014658,3
0.56922,2.5432,-1.8214,-0.81998,0.04404,1.7046,5.5852,1.5185,1
0.19075,0.62592,0.35322,6.2439,1.9194,-0.88329,-5.0112,2.3948,2
1.9228,-1.1782,6.8045,3.5896,5.7484,8.41,-0.20732,5.1444,2
-1.7505,0.14775,3.718,-0.11476,3.4112,7.9436,5.0341,4.5353,2
2.2376,-2.4169,0.64728,0.2299,0.8966,6.1512,1.2632,1.7374,3
0.46497,0.63232,5.8581,-0.036832,5.29,-3.3576,2.0154,-0.77674,3
-1.817,-1.4589,1.0289,0.074225,3.3408,2.2535,4.1215,0.8095,1
-1.5395,-0.13598,4.9796,5.6577,5.6021,-1.1858,0.37596,-1.732,2
-2.3505,-1.1009,-1.3155,1.8148,0.75318,1.3837,-2.5137,1.4839,1
2.737,1.3493,3.8142,-1.7178,-0.082461,-1.0666,-1.9723,-1.7405,1
3.2035,2.6758,4.3979,3.0703,7.2254,2.4526,-4.6217,7.6068,2
-0.97743,0.11126,5.6378,-0.95826,3.7518,8.4437,2.0638,0.20974,2
1.2678,0.67082,0.30423,2.4383,8.1255,-1.655,1.7887,2.4397,1
0.34236,-0.56396,-0.64646,2.7277,2.484,-0.83839,1.0333,1.2703,3
1.1367,-1.2645,6.1419,3.1401,3.275,5.6088,2.1551,6.1015,2
-1.9951,0.92804,0.64254,-1.7505,1.9407,0.43229,1.6178,-0.024984,1
-0.32106,2.7154,3.2278,-0.24296,6.0789,8.5995,0.84152,7.6087,2
5.1956,-1.1588,2.8345,0.060002,1.8323,2.0877,-0.1054,5.0161,1
-0.60101,-0.45976,0.1116,-0.051604,-1.5581,-2.4846,2.2475,0.71094,3
-2.6758,-0.51329,-0.88587,7.3134,1.8038,-2.7679,-2.6348,1.0096,1
1.7317,-1.2072,6.1045,3.7291,6.9102,7.4359,-1.5288,4.61,2
-0.99436,0.72417,1.6061,2.8719,5.7253,4.008,-1.0023,6.6016,2
-1.7005,-1.6508,1.6084,0.46883,0.94779,-1.8025,4.4108,-1.5942,3
-1.3065,6.0884,2.181,0.79848,2.2639,0.73656,4.9315,3.9604,1
6.2951,1.534,4.7064,0.34803,1.5202,4.2556,1.4651,0.74007,3
3.0418,-0.42804,4.2386,3.2077,5.2512,6.2322,3.8685,7.0968,2
-1.384,0.63337,7.4676,3.5077,6.8238,-6.4885,3.3482,6.4041,2
-1.1083,3.5753,-0.50209,3.6352,5.3305,2.105,3.466,2.2009,1
-2.3786,2.0426,1.8488,5.1392,-0.87919,1.4087,-0.49549,0.48112,1
0.95669,-2.228,0.90692,6.1112,0.66863,3.9766,5.1329,0.58758,1
2.8987,-0.65827,-1.3907,-0.40694,0.45302,-3.3414,1.4942,-0.78412,3
4.1259,0.84069,3.39,6.2697,-1.7785,-4.8265,0.84744,0.70856,1
-0.55354,0.92916,5.3481,0.19992,-1.6218,2.3876,-2.7956,-1.4304,1
-2.8242,-3.5086,2.0536,-1.9902,6.0403,0.85264,3.6736,5.8232,2
-1.9943,-2.6997,1.7243,0.17936,5.1297,3.8936,4.4502,-1.2255,3
-1.4002,-2.0745,-1.6369,2.7235,0.5565,3.7238,2.2737,1.5745,3
-1.3547,-0.78571,-0.96729,-1.4921,2.0989,2.4853,-0.97275,1.5056,1
2.9785,-0.91155,0.006325,1.6549,0.25475,-0.65195,9.8414,0.41477,3
0.64833,-2.6474,0.39464,0.44716,2.6956,5.3083,8.7726,0.98607,3
2.1368,2.3806,7.0779,5.6336,4.2921,1.0009,-1.3791,3.844,2
-2.052,3.9481,-1.4483,0.29272,-1.6242,2.0111,-0.95398,0.37259,3
-0.34304,-0.22974,-0.16477,0.023691,-0.59311,-0.53903,2.4924,1.0956,1
4.8373,-2.7754,2.0388,5.9674,0.492,-2.0885,10.617,1.5848,1
-2.4507,1.5701,-0.19331,-1.0278,9.8214,-0.20183,8.0687,2.3818,3
0.030515,3.6205,7.1125,-0.50513,5.3172,9.8161,2.4997,1.7343,2
0.23092,-1.2633,6.0574,1.3563,6.6604,3.4432,-0.76403,1.7499,2
0.55209,-1.4371,-0.11547,2.1144,-0.96797,0.16208,-2.2942,0.62311,1
-2.6193,-0.008873,-0.23711,1.6053,3.7717,-1.048,-3.9776,4.5063,1
0.30906,-2.5698,-1.4127,3.2184,-1.6772,0.80578,1.123,0.189,3
1.05,-1.3306,1.3583,1.3487,-0.89408,-2.5976,3.3769,-1.0853,1
2.7212,0.9602,2.7385,4.0459,6.1633,4.5659,-7.5957,0.087433,2
3.8894,2.3703,1.976,-1.2171,-0.50625,8.6108,-3.1964,-0.68414,1
-2.2494,-0.9807,2.8764,0.7031,0.66218,6.2446,8.3015,1.0274,3
4.0979,1.0686,-1.6822,4.354,-1.4044,2.9832,-1.3635,0.59718,1
1.8815,1.9187,4.5738,3.4526,0.9889,6.2731,-5.1913,4.9109,2
2.9163,-1.3957,-1.0356,2.1706,-1.7841,1.8926,-2.6329,-1.1168,1
0.11873,-1.9129,-1.2618,2.4479,-0.9836,-2.8315,2.765,1.8274,1
-0.79974,-0.065082,-1.6303,-1.9682,-1.5999,8.6562,-2.8048,-1.5344,1
2.0974,-2.2593,3.3548,-0.23515,3.1326,2.0483,4.1619,1.6031,3
-1.3312,1.051,5.959,2.0724,5.3314,2.3731,3.5012,5.046,2
3.0327,3.3878,0.077501,-1.2829,1.5683,5.6632,3.9452,-0.35153,1
-0.64647,5.4868,-1.4451,3.2222,-0.49759,14.755,15.493,-1.3287,3
-2.243,-2.2523,-1.5899,-1.349,1.9158,1.6145,0.001784,-0.3091,1
-0.021773,-1.1736,0.33267,-0.086997,1.0069,1.5037,3.2575,1.5484,3
-2.4612,-0.85424,0.36598,0.94504,-0.23904,-1.9258,7.9827,2.3246,1
0.8387,2.1659,-1.4981,2.3493,0.78121,-1.5062,-1.8192,-1.5208,3
2.6708,5.1471,6.9793,2.1339,1.0213,-4.6578,-0.47223,1.6566,1
-1.4357,0.96496,5.223,5.3107,4.1103,9.6375,4.2827,6.885,2
-1.6045,1.0633,-0.95451,-1.5214,1.2919,6.3428,4.1522,-0.80742,3
-2.2443,1.8898,-0.53055,0.53626,0.62519,3.3637,-3.4377,-1.9039,1
1.5297,1.2065,3.3511,0.57366,7.2806,7.8703,4.7689,-0.14824,1
0.46382,-0.28041,4.6002,0.48642,3.6961,-2.9574,-1.3312,1.5469,1
-1.0757,-2.6342,0.056716,-0.38947,1.9905,-3.8521,-4.0319,0.32251,3
-0.10187,2.3006,0.59949,0.076969,7.5433,0.64745,5.0561,-0.9196,3
2.3091,0.070248,2.6804,4.3071,6.7905,7.4072,-1.6311,5.665,2
-3.5424,-1.394,6.747,4.6501,5.9151,8.0661,-1.6394,6.4985,2
0.39934,2.4302,2.2373,0.77502,2.5011,-3.7507,0.47441,-0.4249,1
2.2689,1.6793,2.1269,3.4206,0.704,3.1787,3.8568,-1.4236,1
-2.6377,3.8609,-0.76221,0.64308,5.1845,9.5585,-4.2285,-0.82521,1
4.3845,-1.7458,3.0865,-0.033194,0.58915,0.25801,1.9004,-0.093604,3
0.71963,2.3824,0.65891,1.3403,-0.92397,-3.6363,3.9809,3.2027,1
-1.2454,2.2171,3.9633,0.44895,3.1473,5.1311,0.76728,5.0325,2
2.2716,1.3627,-0.67337,4.1721,6.3093,10.817,3.6234,6.7623,2
-2.3479,-1.9823,-1.8303,1.2983,0.78322,9.46,-3.0718,-1.7035,1
-1.7066,3.8267,-0.79058,1.0769,1.0697,2.1416,-2.4362,-1.0857,3
0.31741,0.95277,2.9191,-0.44229,1.466,-0.55632,7.9378,2.1628,1
-0.65112,-0.33949,4.8043,-0.20531,-1.1857,4.0132,3.6866,-1.7647,1
0.094245,1.4899,-0.9274,-1.1938,2.1751,8.0371,8.2376,0.36349,1
0.067212,-2.8292,3.0084,0.083945,3.5879,3.7464,12.957,4.8138,1
-2.1634,0.30568,2.491,1.6189,2.5721,10.431,1.4364,3.8777,3
-0.85993,1.0869,0.5872,-0.057829,2.095,-2.5642,-0.1814,2.0964,3
2.7576,-0.80996,-0.89228,0.27598,-0.86683,1.499,3.5668,1.0047,1
0.57422,6.4543,2.148,3.3314,-0.48794,-0.039889,4.6141,2.618,3
-1.784,-1.1491,1.2207,2.4653,1.3752,-3.0425,-1.9649,2.2747,3
-2.6145,1.5206,3.8523,-1.8367,3.2987,-0.36616,7.5516,2.3993,1
-1.4517,-0.75265,0.46904,-1.5481,7.6104,-1.3905,1.4104,-0.73103,3
2.7604,1.9742,3.5637,-6.1793,6.0966,0.26721,1.2873,4.9657,2
3.4358,1.3096,6.4358,-0.48824,2.7942,9.1863,3.0238,6.0043,2
0.26608,0.35746,0.44516,2.7713,-1.1928,3.8452,8.9794,1.4426,3
-0.77647,-1.2419,5.2113,6.9036,-0.082192,-2.9866,3.1535,1.818,1
2.8075,-2.6492,-0.58044,-1.8538,2.185,-3.8433,-0.49188,5.4384,1
0.90473,0.4543,-0.57259,1.7582,2.7791,1.41,-1.2689,-0.18399,3
1.7891,1.7266,7.0908,4.1586,4.4872,6.7095,3.1102,6.3071,2
-2.2513,1.5788,1.3253,2.6601,-1.5764,-1.1132,-1.3321,0.97894,1
3.5654,-1.2017,-0.78888,0.77333,4.4999,2.9757,0.94586,-1.9093,3
-2.5796,-0.42643,-1.7015,0.005517,0.30988,3.1417,7.3138,2.2603,3
4.0141,-2.716,2.8718,2.499,6.144,6.6829,-2.482,-0.1147,3
0.98413,1.0329,-1.0042,2.0714,-1.2754,-2.3849,-1.4963,1.4808,1
0.48531,3.158,5.8719,0.51274,5.6983,8.6207,0.68751,7.563,2
1.0981,-1.8315,0.22435,0.90924,1.3065,5.028,-2.276,-0.84998,3
0.13091,-1.6468,1.3415,8.7919,1.9423,3.2611,2.611,-0.58191,1
-0.17072,-1.7463,-1.2698,4.134,3.1507,-3.465,3.5676,-1.5988,3
-2.8341,-0.77979,1.1942,-0.81261,-0.35008,0.23623,3.4911,1.9974,3
-1.4794,0.021795,0.4454,2.98,3.2185,0.54579,6.3085,1.0203,1
-1.2384,0.58743,0.017167,2.1263,0.15441,4.2698,1.5544,0.53219,1
1.5556,3.1074,3.522,3.0319,3.3382,1.4558,-1.1885,-0.043571,3
-0.74056,1.6143,1.0518,4.2291,0.073527,2.8333,2.5005,0.14655,3
1.6941,-2.7638,5.9671,5.3831,1.1415,6.8762,-1.8983,2.7143,2
-1.4559,-0.075526,-1.3063,-0.18647,5.2336,7.1614,-1.6918,-0.098936,1
-2.4597,-0.20643,2.9364,1.1855,-0.10922,3.8135,-0.29342,1.4365,1
2.3943,-0.48571,3.1299,-1.6651,2.4064,0.71964,-2.9733,1.7879,3
-1.1759,-0.5279,3.8016,3.4759,-1.7882,-0.051194,2.7932,-0.39873,1
2.7006,-1.049,3.8311,4.5472,-0.75135,-2.7076,2.015,-0.81701,1
1.8197,0.19092,1.0727,0.43995,2.6506,9.0761,-3.6685,-0.025317,1
0.23698,4.8287,4.9772,-0.000347,-1.5876,-2.33,-2.0047,-1.8144,3
2.3331,2.0151,7.2929,1.7917,5.005,8.7354,4.9548,6.868,2
-2.3872,0.7284,0.9489,-0.30726,1.4816,1.5974,-3.9404,2.0326,3
0.47646,0.36626,2.2287,-9.8037,5.1072,5.7933,1.7824,3.513,2
3.6466,1.6489,-0.49496,-1.8443,1.2688,-0.71449,3.3652,-1.3065,1
-0.10062,-5.6745,3.819,6.1394,6.2258,-0.77315,1.4257,5.4081,2
1.5594,-2.6508,3.9354,-1.1004,0.588,3.3449,-1.4276,1.3116,3
-1.8025,0.434,4.9899,1.5398,5.0065,4.026,2.1548,3.589,2
2.0902,2.5056,5.2885,-4.0012,4.4749,2.7586,5.1263,7.1617,2
-0.27914,-0.087004,-1.263,5.7347,1.7155,-2.0439,-3.4242,1.9234,1
-1.2931,-1.9692,2.9442,0.02619,4.5598,-1.0509,-3.5723,7.1341,3
-1.3252,5.2417,1.8459,-0.93519,-0.34348,0.67758,-4.0473,0.98127,1
-2.7039,4.9062,0.56189,-0.077154,0.19088,-3.3525,1.2734,-0.71385,3
-1.477,2.0878,-1.8793,0.39848,1.0663,12.898,1.2634,-0.016256,3
-0.14698,-2.0728,0.2504,1.8713,-1.996,-1.0768,0.050854,1.966,1
2.8961,-2.4833,5.8116,5.3987,6.8943,-2.4169,-0.56777,1.7946,2
3.8053,2.9011,2.0408,-0.2992,5.5369,-2.6398,-2.6028,6.0181,2
3.7541,1.8146,5.9937,-6.1242,5.4398,4.4634,0.46466,3.9351,2
2.6664,2.9255,-0.84352,-1.5115,0.93899,5.0773,-4.1725,1.6767,1
-2.4597,-0.20643,2.9364,1.1855,-0.10922,3.8135,-0.29342,1.4365,3
0.85547,1.8312,1.9386,0.023425,-0.19489,-4.7173,-4.2146,-0.30724,3
-0.088915,1.5471,1.6347,0.98021,5.245,5.1509,0.77802,-1.2253,1
2.4747,-1.4398,0.49361,4.5328,3.8058,9.653,1.7231,0.24222,2
-2.3567,-0.3827,-0.88617,-1.4989,3.2683,2.0023,-0.15697,-0.84187,3
-1.2112,-1.144,0.66453,4.2501,4.3803,1.4541,7.0795,0.39889,3
-0.90267,-1.313,0.73279,-0.7865,-0.20264,11.572,-1.7336,-1.5707,1
-0.31593,-1.6074,-1.2831,0.40024,-0.90809,1.3931,0.36568,4.831,3
4.1301,1.0666,-1.4949,-0.1269,1.1971,-0.54106,-3.5695,-0.79129,1
-0.097765,1.2539,4.3977,0.42249,-0.92018,-0.55305,11.077,-0.21709,1
-1.2845,-1.3851,1.8579,1.8834,0.71605,6.7099,0.56257,-1.6356,1
2.6916,-5.7826,6.1771,3.6562,5.8951,1.755,2.6231,4.0085,2
3.1951,2.9217,4.5056,1.0953,5.7823,9.7556,0.93366,7.236,2
2.739,-0.40599,7.051,-1.2644,4.7037,6.6472,3.3895,2.9602,2
1.3644,-1.9314,-1.2281,-1.556,0.95504,-1.3297,10.253,0.21002,1
-0.22955,1.4308,0.69656,-0.094017,1.7341,-0.81279,-3.2255,1.685,3
3.0609,-1.5261,4.6202,0.15503,1.7283,0.82849,-0.54033,0.49687,1
-1.4365,1.8325,7.2887,-0.45278,5.8632,6.8044,-1.9735,6.6857,2
-0.45454,0.099785,-0.8643,1.6055,0.89356,6.4954,3.0055,3.5488,1
-1.505,-0.3163,5.8459,3.0948,1.3899,-0.27885,-3.7222,-0.20996,1
-1.2433,-0.27252,6.5788,-0.57964,1.4197,1.8611,1.8375,5.129,2
6.8201,-2.9462,-0.66459,-1.1571,0.49168,4.4916,-1.254,2.1626,3
3.1438,2.4864,3.9269,2.3336,5.3806,2.5767,0.40979,5.2345,2
1.7037,-1.1794,0.10341,-0.98517,3.8198,-2.9114,2.1153,0.89513,3
-1.2024,-1.4776,1.9339,-1.4082,3.8446,2.6483,-3.248,-0.82637,1
0.37122,-3.097,7.2579,5.0825,5.6911,3.5903,-7.4016,5.5058,2
3.5695,-1.3635,2.742,0.26897,3.606,-2.5014,-0.7729,2.729,3
-0.75213,0.19349,-0.73101,-0.87507,-0.9292,1.6783,0.054662,3.5216,3
3.1953,0.85406,-1.1333,1.1507,-0.29804,-0.54988,7.0738,-1.2035,1
0.080828,-1.4953,3.026,2.5966,-1.586,4.1949,-0.002524,0.65495,3
-0.59047,0.034973,3.1597,2.2473,0.38174,6.5623,2.5262,0.82453,3
1.871,-2.2276,2.691,-0.039668,-0.95052,16.123,-3.8475,4.0919,3
-1.2014,-0.69887,2.927,-0.88052,7.2636,-2.6451,0.2156,1.6381,3
-2.0638,1.6158,-0.008927,5.3837,1.2767,1.3913,-3.0784,0.96608,1
-1.7524,-0.1422,2.8936,-0.73778,0.008128,-1.1101,-3.6109,-1.0961,1
2.6756,-0.40048,3.0622,0.11305,6.4616,9.9052,4.2866,6.9934,2
-0.3811,0.17583,-1.8608,2.362,0.36888,-1.9548,8.5378,-1.1464,1
2.8036,2.8848,1.4387,2.6914,-0.70319,7.6164,1.7366,3.8875,1
0.13697,0.98945,2.3865,-13.199,2.4954,1.1377,3.3892,4.3749,2
2.0789,-3.0196,6.1908,5.4922,3.494,-1.9477,-1.6896,2.2415,2
-1.445,1.1603,1.5872,-1.0645,2.6672,-0.76475,-3.1296,-0.11598,3
-0.6939,3.4734,3.0348,-1.7793,6.4394,10.295,-2.6308,5.7922,2
3.6633,2.121,3.83,6.3456,2.7696,0.96287,3.4233,5.4261,2
-2.0136,-0.74909,2.046,1.6216,2.5819,-5.0145,0.77745,2.6258,3
-0.90042,-1.3746,3.6956,2.0551,1.1578,2.2305,2.1535,3.2629,1
2.4134,3.3497,7.0122,3.1064,1.9636,6.6818,1.7934,5.3124,2
-0.82519,0.82757,1.4518,0.95985,-1.2029,6.0355,0.2852,-1.6789,3
-2.2082,3.1733,-1.7228,0.74753,5.1651,-3.7962,-1.5964,-1.7525,3
2.3815,-0.11427,7.2976,-4.7731,3.5363,8.9128,-3.1175,2.501,2
-0.087008,-0.7561,3.2093,-0.80057,-0.068178,1.2445,-0.24265,5.5592,1
0.44648,-1.7034,-0.35263,2.4586,0.46436,0.21736,3.1281,0.84822,1
-0.73991,0.089783,-1.8432,2.7083,1.3555,4.9037,2.3491,0.51487,3
-0.56556,3.732,2.788,-2.9611,6.6455,4.2457,3.3006,6.8051,2
0.37265,-2.0661,-1.0422,-0.95197,2.4244,-0.87611,-2.8433,-1.0678,3
-0.80481,-1.4538,5.5105,-1.2831,0.77862,3.2652,0.034372,3.7331,3
1.6729,1.5513,6.1968,-2.4932,6.1523,9.3152,0.10637,3.8161,2
2.6342,-3.0011,5.3371,-1.326,6.8776,6.4623,5.002,5.5418,2
-1.9936,-1.7068,0.83445,-1.1548,1.8298,-3.8675,3.7462,4.6419,3
1.3021,-3.4294,6.3713,-3.8888,6.7067,5.1025,2.8963,3.8112,2
-0.35727,-1.002,0.53705,-1.4882,3.136,0.15987,2.7502,-1.9717,3
2.0074,-2.1455,5.2375,3.2377,5.8057,7.4444,4.0255,-3.2235,2
2.5644,-2.5055,-0.015205,-0.71313,2.1456,1.5735,1.0977,1.3631,3
-0.72266,2.3603,1.9792,5.7372,4.2397,1.4724,3.2581,2.5739,2
-0.60842,1.662,0.80369,6.0881,4.0984,4.3639,-3.8715,3.8235,3
2.7922,1.5492,3.3609,-1.0682,-1.8888,0.44611,0.92079,0.6714,3
-0.96567,2.9491,1.4568,0.54198,-1.2223,-4.6563,2.161,2.1512,1
-0.63987,-0.59445,2.886,2.6927,-0.88074,1.3387,1.8108,1.4412,3
-1.9362,2.9694,-1.3887,3.7502,-0.5629,-3.5671,-2.0859,0.085906,1
1.1337,2.2787,2.0558,-4.634,2.5997,4.9412,-0.21264,6.1928,2
-1.5222,0.32941,4.3558,3.3223,-0.48418,13.223,-2.9575,3.5943,1
1.7037,-1.5191,4.5851,-0.70916,-1.5218,1.2178,-2.5463,-0.29875,1
-1.8534,1.7418,3.8563,-0.6156,0.10811,-3.2473,0.46218,1.2189,1
-0.91354,1.5134,3.7333,-4.5956,3.1513,6.5024,4.0651,6.7981,2
-0.11751,3.7133,0.98143,-1.2445,-0.72608,2.2364,-0.38939,1.1016,1
-2.2079,1.4155,1.6703,1.2412,0.44205,3.2959,2.32,-0.44406,3
2.7635,0.81219,4.8487,5.7243,5.1102,9.403,0.45402,5.5847,2
-2.1139,1.3856,0.071504,1.0589,4.3613,0.56204,-4.1279,-0.29071,3
-1.2108,1.7335,0.73534,-0.21075,4.5996,10.852,-0.67041,2.252,3
2.8399,3.673,6.9563,-3.8414,6.6029,3.7273,3.5454,6.7738,2
-0.10401,-2.1592,-0.96735,-0.15013,0.74687,0.23868,-1.1875,1.1964,1
-0.81392,-1.1878,0.94929,-0.04587,0.36848,2.0046,-3.6103,1.1843,1
3.7466,0.86431,6.1863,0.4428,6.705,0.92584,-0.088382,5.592,2
-1.4116,-1.897,0.91962,7.2271,1.0416,-2.9244,-1.5414,6.2303,1
0.041987,2.7653,1.6616,2.4385,-0.20261,-1.9005,-3.2612,-0.078082,1
-1.4354,1.1652,0.44635,1.449,0.73624,1.1497,-0.68371,0.11522,1
3.5585,0.39826,7.9244,0.2669,3.9958,1.9245,-4.7323,5.5578,2
0.99719,-0.87193,-0.26364,-0.47195,-0.90566,5.4947,-0.80954,2.9298,3
-1.6774,-2.9123,-1.2732,4.2967,0.73135,-0.17757,-2.6427,1.2861,1
1.9056,-1.8045,3.894,-1.6246,0.86154,0.33232,-2.1179,-1.8322,3
2.6411,0.86106,6.2065,3.673,5.4932,8.2044,0.66891,6.0525,2
2.7864,3.2285,3.8621,2.0213,7.0903,5.8886,2.9737,7.0375,2
-0.37997,2.4114,-0.77949,0.3343,0.43587,6.7857,-0.84312,-1.0438,1
-2.9158,-2.188,2.2386,-1.2284,-0.93756,-3.2035,2.1451,-0.96474,1
-1.87,0.75317,1.1473,-1.345,0.68178,-2.6025,-1.4768,-1.0721,1
2.3828,-1.1968,-0.41108,-1.3817,1.6559,-0.17138,-3.246,6.7836,3
4.4814,-0.22744,2.8084,3.0585,-0.20913,1.6372,12.198,-0.27086,3
-2.6475,2.7376,-1.3401,0.33334,1.5462,11.173,8.9834,1.6117,1
-2.9618,-1.7265,-0.35211,0.82054,0.17077,-3.1223,-2.749,0.49078,3
-2.0295,-0.51204,-0.34122,1.3353,-0.94081,2.2313,11.598,0.23124,3
-0.702,3.5893,5.8517,2.7751,4.7211,6.9361,2.1164,3.3811,2
-1.5938,-1.4376,1.2475,2.292,1.9774,-4.2282,-0.50748,5.7045,1
0.61082,2.3134,0.65055,2.4291,-1.0966,2.8088,4.9013,-0.64554,3
1.0178,-0.21141,6.2721,4.8854,-3.0059,2.0096,-2.0223,7.0204,2
2.9441,1.4354,0.66214,0.58603,-0.46681,-4.152,10.387,0.96735,3
3.5454,2.9322,3.0084,-3.8708,4.0908,5.7846,-2.7207,5.865,2
-1.4046,-1.5581,-0.81607,3.3323,-0.18183,-2.6871,-0.97613,2.8938,1
0.098913,0.51732,5.393,-7.3078,6.9799,10.256,3.0156,1.9636,2
1.61,2.0002,2.2884,-2.0251,7.5017,2.726,-0.94631,6.1379,2
-1.2931,-1.9692,2.9442,0.02619,4.5598,-1.0509,-3.5723,7.1341,1
0.49251,-1.2573,7.6652,-0.41439,-0.52408,-3.6657,10.793,1.6673,1
1.7001,1.4304,6.8793,-3.0647,-0.48715,7.2458,-3.0901,4.8758,2
2.3123,4.1392,0.12568,-0.54802,-1.2959,-0.85242,-1.2869,4.4313,3
3.1535,-2.9123,6.5738,3.2001,5.5746,2.4907,-4.3785,4.642,2
1.2434,-0.49221,-0.73066,1.3455,3.1164,2.9802,10.539,-0.37555,3
-0.65516,-2.5012,6.4889,-0.96861,2.309,-2.7427,0.60603,-1.0197,3
4.5741,2.5061,8.7839,1.3594,-0.45351,-2.5083,6.1322,1.8301,1
-0.63902,-1.8541,-0.03792,0.77584,-1.6692,-1.8641,1.3598,3.35,3
3.2921,2.9264,0.36188,1.5898,5.3697,-1.7577,1.7283,1.5416,3
1.3672,4.4975,-0.16098,3.997,-0.35688,-2.3934,-1.5709,-0.74664,1
0.36057,2.5206,-2.1989,3.2938,5.9115,4.9529,4.7293,3.6391,2
-1.7666,3.1333,0.74461,4.1065,3.3193,0.19346,10.666,-0.29469,3
3.5764,0.31998,5.0489,-0.76136,6.2732,5.3561,1.9325,7.4922,2
-0.86918,-0.76328,-0.052177,-0.93683,-1.1562,3.2008,-4.482,-1.7607,3
2.7471,0.9536,-0.36837,-1.4948,-1.879,-0.42415,13.804,5.4031,3
3.4215,1.3305,7.2107,2.2757,6.4549,10.794,-6.6979,3.0767,2
-0.95297,-1.67,1.9663,-1.672,-0.91633,0.62409,3.0985,0.94444,3
2.1147,-1.6938,1.6297,-0.49008,1.6086,-2.911,4.7777,-1.7669,1
-2.4231,-2.2678,0.017567,0.20344,1.5731,-3.2274,6.2224,-1.4136,1
1.6192,0.61804,5.2972,-10.875,6.2919,9.1651,-5.8212,1.4383,2
-1.0895,2.8002,6.5378,4.1807,7.7282,4.8432,4.6614,5.1503,2
2.8581,-0.18745,6.2148,1.2896,4.1953,8.7668,-11.407,1.5387,2
-0.47933,3.694,3.6586,2.1684,3.3538,8.6334,-3.0227,4.763,2
2.4297,-0.29516,-1.1036,-1.6347,2.9594,1.6697,-3.0402,1.491,1
0.64886,2.0214,-1.1234,2.6091,-0.20354,-1.757,1.7396,-0.35474,1
-0.12558,-2.3808,2.3416,3.244,0.83793,0.4088,4.9666,-1.0262,3
-1.6089,-1.6429,-1.1767,3.9747,-1.7506,1.7507,2.3552,-0.56607,3
0.40295,2.9926,6.7408,-4.4132,7.1607,9.963,2.4264,2.5987,2
-2.1428,-0.87616,-0.11179,2.4765,-0.2363,6.8421,-3.088,0.86476,1
1.7707,-0.20604,1.5786,-1.4465,1.7888,3.5158,1.0793,1.5011,1
2.2624,2.2534,1.1959,1.9452,3.5912,11.265,1.639,0.26484,3
0.64886,2.0214,-1.1234,2.6091,-0.20354,-1.757,1.7396,-0.35474,3
1.8067,1.8543,6.2219,-4.4434,4.9293,7.6421,-0.88338,-0.10754,2
-0.80682,-2.0575,-0.79445,1.1388,-0.014564,-2.8493,-0.36057,-1.3182,3
1.1192,1.9296,5.4864,2.8644,6.24,-1.0971,2.4931,4.0335,2
-2.3391,3.3468,0.1161,-1.5657,2.1468,3.767,-3.337,4.8675,3
-2.6546,-1.1333,1.6638,2.0462,-1.4441,3.5094,2.0559,0.57075,3
0.27306,-3.5931,6.4043,-3.9151,6.9031,2.4984,1.8768,4.5413,2
-2.3982,-2.3742,1.5447,-0.74526,2.2605,-4.1336,1.2666,-1.0466,3
-2.676,3.2062,7.7825,4.8396,5.5422,6.2165,4.4043,5.9522,2
2.6695,0.48918,-0.58986,1.0445,1.1662,-4.7769,7.763,-1.3128,1
-2.0454,0.10817,-1.1217,7.6601,0.43786,4.4778,2.521,-1.5819,3
-2.5445,-2.2888,0.31059,-0.38507,0.7985,1.3405,-0.73049,0.90217,3
-1,-0.87755,-0.37034,-0.13514,1.8951,-1.1492,4.8575,1.4669,3
-4.773,1.8794,2.3149,0.52215,5.6118,9.3345,-4.3122,5.4073,2
1.0559,3.2369,6.2194,6.5883,7.0656,1.777,0.94688,5.8408,2
2.3621,3.8621,1.3229,4.3562,5.9181,7.4827,1.7809,5.0367,2
-1.0743,-1.8219,5.8832,0.99964,1.0581,-4.589,4.4197,-0.061447,3
-1.2416,0.59728,0.6454,5.3106,-1.299,4.0386,4.2264,1.9705,1
0.35046,-1.3072,-0.14697,-1.0019,0.87243,3.7056,-4.6426,2.9535,1
-2.6004,-0.62081,2.786,-1.2532,-0.70426,-1.4481,-0.57235,-1.8663,3
0.83805,-1.6029,-0.024676,-1.3561,-0.94053,-1.7734,-1.3347,0.53564,3
-1.511,-1.7511,-1.5376,-0.8819,2.6547,2.7516,-1.1624,1.0345,1
0.88458,1.0111,7.0877,0.36149,3.7045,8.0292,-2.0957,3.3353,2
-2.1997,0.24618,0.33474,-1.7068,0.58691,10.68,13.134,1.8633,3
3.2896,3.587,6.4,1.7082,-1.2078,10.137,4.6435,5.9386,2
0.55784,0.78055,5.4742,3.7097,6.5865,2.4758,2.5615,6.2248,2
0.97419,0.67673,5.829,0.86998,5.4048,7.392,3.205,7.3323,2
2.768,1.2823,3.5398,-1.4887,7.7905,2.4212,4.0859,2.8616,2
-0.46683,-1.4333,-0.46656,-0.22925,-0.087398,4.5551,8.2285,0.12414,1
0.64032,-2.7949,1.5595,-1.4454,3.4864,-1.717,8.3369,-0.67309,3
-1.7975,1.7089,4.7466,2.427,1.5655,9.4832,-0.4936,-1.0766,1
-0.12865,3.8936,-1.247,2.637,2.3845,-1.7162,1.8512,0.46163,3
2.4208,-1.1891,7.4575,-6.1714,1.8701,5.7904,-0.89915,3.853,2
-1.4704,2.8439,4.2549,-3.8317,0.25575,2.0097,-0.043212,1.7705,2
-0.89922,2.7676,-0.052711,-0.91331,1.9033,-2.431,-0.39859,2.3576,1
-1.4953,0.42913,1.8891,-0.89052,-0.062733,4.4098,-0.17247,0.38131,1
2.9185,-0.67469,0.37311,-1.763,-1.7721,-2.5344,4.2842,4.4206,1
-1.8811,-2.3502,2.0221,-0.61158,-0.62848,6.2753,2.3366,3.6792,3
-2.0432,2.0128,8.441,0.60433,-1.0256,-1.4711,-2.6732,2.817,3
-0.86373,0.237,0.69941,-1.8451,-0.55991,-4.9489,2.9083,0.33006,3
-1.4392,-5.202,7.7441,-10.126,4.1572,7.3837,3.7041,1.2333,2
1.7215,0.39816,6.7275,4.5316,7.4308,9.0125,-2.0263,6.7094,2
-0.81797,0.58821,1.8482,1.1127,-1.3261,-0.79026,-2.552,2.3751,1
-2.4271,-2.0731,2.5107,6.3812,4.0144,4.9487,2.7482,3.3108,3
0.46756,1.9406,1.7189,2.8658,1.8651,-0.0475,-1.9205,0.30326,1
0.51267,-0.059089,-0.34428,-1.8726,0.097583,-2.7616,0.4226,-1.1491,1
0.45254,-0.4732,0.21792,2.9179,1.7331,-2.4162,7.4569,1.2437,1
-1.2782,-1.743,2.4063,-0.38136,-0.41491,-2.9015,-0.47247,0.39718,3
2.2255,0.1755,1.423,7.7233,0.71427,1.2956,-0.39093,-1.6497,1
1.4213,1.6816,7.4294,-0.67907,6.2384,7.5597,-4.8151,3.7036,2
-3.9741,2.8656,6.6727,6.7273,5.4,5.2123,2.8761,6.3275,2
-0.70607,-1.6732,7.5903,4.9579,3.7832,8.5209,1.3651,7.7214,2
0.97173,-1.3249,-0.17287,1.1922,0.30935,0.9416,-1.3223,2.7855,3
0.079769,-1.1886,4.1591,4.9941,1.4429,-1.9073,-3.1971,0.10227,3
-2.1744,5.5762,-1.8148,4.6834,-1.7889,0.58778,6.2415,-0.13112,1
-0.77415,-0.71385,-0.091894,0.21411,-1.7199,-3.7723,-1.6276,-0.74064,1
-0.35435,0.48817,1.8214,3.4297,6.5122,8.9771,4.3497,2.3587,2
0.10914,-0.94541,1.1035,-1.117,1.3949,-0.97617,0.011926,-0.52148,3
-0.69793,0.78924,6.4062,-1.4795,2.0676,-4.9666,-0.99136,7.4855,2
0.70262,-1.9005,7.1021,5.2511,6.4324,10.59,3.3731,4.2118,2
1.7354,2.8946,0.36424,-0.99352,6.9018,7.6541,4.901,7.1484,2
5.2431,-0.91615,2.0926,1.7426,-0.64477,5.7799,-4.0333,1.2973,1
0.39764,3.0565,2.1008,-7.0465,6.7829,6.4681,3.0334,3.2307,2
1.977,-0.86699,-0.72533,-0.66095,-1.2656,5.3825,0.22377,-1.0892,1
2.8127,1.4852,6.3135,3.3915,7.1884,2.3906,-3.7745,7.3969,2
1.7311,2.536,7.0121,2.3436,-2.5902,-1.7484,0.25886,7.0383,2
-0.093412,-1.8256,4.219,-1.7791,0.91394,-0.35,-1.8703,0.32459,1
-0.027872,0.3896,-1.429,0.33711,-0.5977,6.1778,10.091,-0.21114,1
2.8849,2.2499,7.5433,-3.5635,3.1704,5.8006,0.75803,6.5842,2
-1.5868,1.5353,-0.11351,-0.34938,0.54532,-1.6627,-1.7878,-1.2926,1
-0.46481,-1.3728,-0.102,-0.60959,-1.9312,1.0825,1.2559,5.1501,3
2.1588,2.0016,6.6156,2.1223,2.5743,3.405,1.0863,6.2151,2
0.018937,-1.3776,1.2501,-0.0234,0.95482,-2.3146,4.8141,-1.1012,3
3.0784,2.8902,1.3534,-1.1447,4.0738,-1.9787,-2.7462,3.1807,3
1.1198,2.8962,6.6208,-0.41156,6.6049,7.1481,3.5582,7.2867,2
-5.9535,3.3345,3.9379,-1.8152,6.7321,4.2052,1.968,6.8406,2
0.2931,1.6525,6.2884,5.5703,7.8319,6.9886,-0.53834,6.1646,2
1.1355,0.96811,5.5931,6.4111,6.3015,-1.5328,1.6139,5.693,2
-1.8319,8.8843,0.596,3.5383,-1.1648,2.7123,-1.2776,1.7584,3
0.008213,2.0426,0.93423,3.1773,0.39537,5.1453,9.3697,3.3706,1
-1.9389,0.66421,1.3867,2.513,0.64713,0.72297,0.32758,3.4397,1
1.1702,-0.86554,0.41597,-1.4996,-1.6904,-3.361,2.8276,-1.4311,3
2.2453,3.0432,3.3176,1.1182,7.5382,6.3896,2.2534,6.8616,2
-1.298,5.5365,1.6966,0.76133,0.041336,-0.7507,2.2254,0.64295,3
1.9002,1.1048,0.059791,1.5295,0.9778,3.1402,-4.0445,2.8416,1
1.7723,2.284,5.8364,6.0413,6.4273,1.7281,0.38496,7.1243,2
1.9664,3.1716,7.4691,-3.8487,-0.18043,6.9487,-1.4613,6.3685,2
-1.9762,0.90621,6.5229,-2.8592,7.2194,5.9521,0.30273,6.9555,2
-0.80848,1.7109,4.4298,-1.4271,3.1004,5.2318,4.6855,7.1825,2
1.2316,-1.8602,0.21223,-1.3661,2.738,-0.62348,12.213,-0.10737,1
-2.8227,-1.7671,0.78882,4.0564,3.2341,0.76543,21.045,1.4858,1
-0.78667,4.4741,-1.0631,0.014134,2.5246,-2.6872,-2.4544,-0.70662,3
2.5092,-2.3073,0.54177,1.1267,1.8694,-1.8656,-2.2319,-0.74818,1
-1.1172,-1.3724,1.385,0.96938,1.8639,-1.7508,5.3939,1.0562,1
-0.11871,3.52,5.8552,1.39,4.8937,7.2972,2.934,1.4497,2
-0.28134,-2.3993,2.1644,-2.0415,2.1139,-2.3601,-3.0328,1.8338,1
0.42442,1.3189,2.5572,2.8946,7.5382,8.7538,-11.037,6.637,2
1.2517,3.6629,1.9906,-10.003,7.0933,9.7752,2.8155,6.8904,2
-0.77367,-0.82032,5.0688,3.8606,1.5781,-4.2471,0.77788,4.4391,3
1.0019,-2.5227,-0.36729,-0.694,3.9429,-3.6151,-0.38081,0.23463,1
2.4535,0.69113,4.6253,3.5979,6.7055,6.7331,4.0754,7.8146,2
2.1081,-2.0061,0.84479,2.5374,-0.66695,-4.0984,-0.11386,5.0523,1
2.4885,0.60116,3.7909,0.55876,7.4844,5.6526,-0.94675,7.1285,2
-0.48218,2.0042,2.2383,6.3855,0.79577,-3.2102,4.746,0.73398,1
-2.6293,-2.0519,-0.25205,-0.30827,2.6614,1.0291,5.9767,-1.8842,1
-0.64104,2.8893,1.7187,4.7908,-0.4437,4.4088,1.6157,1.9248,1
-2.1522,2.4636,1.6733,0.17497,-0.22987,-2.8367,-1.707,0.90626,1
-0.64196,-0.32889,-0.20147,-1.5598,2.478,-3.0351,2.0309,3.0901,3
0.59186,0.58625,4.0669,1.0971,4.7252,-0.49934,3.1441,-0.20612,1
-0.15789,-2.213,1.5129,6.1115,0.33439,-3.7408,-0.90738,-0.15829,3
-1.6243,0.91031,5.6749,-1.4416,1.6791,3.3046,1.468,0.088804,1
-1.6966,2.4337,6.5474,-1.3595,4.3915,3.0096,-2.5201,4.0059,2
-1.2143,2.9727,5.9753,-7.8622,5.6591,2.4924,2.0655,6.9402,2
0.74867,0.35568,2.6283,0.44043,-1.3075,4.4355,2.8868,2.3235,1
3.2452,1.3284,4.1533,2.323,3.9246,6.267,0.80023,4.0685,2
1.4209,3.4554,6.4833,-0.55334,5.6755,-0.17766,2.1204,4.2181,2
-0.17104,0.92365,5.4957,-3.6167,6.7447,3.815,3.2352,4.6813,2
2.1933,2.901,5.4558,4.9511,2.3098,-1.9697,1.0679,5.212,2
3.4186,1.6004,0.31347,-1.3764,0.77016,5.5449,2.395,-0.33966,1
2.1867,-0.43734,6.4516,-7.5098,7.3334,8.7679,0.224,5.1394,2
3.172,3.3937,6.4911,2.2809,5.247,8.9905,1.5573,4.8375,2
-0.46329,-0.1261,1.0231,3.194,0.36493,-0.11811,1.1389,0.89924,1
-0.11037,1.3442,0.7544,1.8081,-1.4998,-2.8018,6.7129,0.37787,3
-2.1239,-1.579,-1.2023,2.1342,1.2906,2.6693,-4.5225,-1.2252,1
-5.7556,3.6622,6.5509,-2.9715,4.4036,9.1811,3.2329,5.2175,2
-2.0814,-1.4874,-1.0174,-0.13211,-0.72172,-1.7296,-4.0579,5.7111,1
-2.0726,-0.20022,-0.41048,0.59983,2.4706,-3.3132,10.888,2.3547,3
3.0613,-2.2235,6.2993,1.5936,7.3195,3.4146,1.753,6.6837,2
2.0162,0.44864,0.91147,2.2238,1.2218,8.9082,0.5901,-0.95647,3
-1.9544,-1.3829,-0.19208,-1.092,0.917,-1.4344,1.4803,0.32095,3
2.7017,-1.2234,5.6611,1.3502,-0.94501,-3.1656,1.5675,2.4822,1
1.6704,-0.67111,1.0382,-0.10928,-1.3898,-0.59793,-4.1685,0.55997,3
3.3214,2.7906,6.399,2.8858,7.2089,4.6788,4.6174,7.347,2
1.7632,-0.0239,-0.48234,-1.9874,-0.38964,0.87387,-1.5002,-0.9159,1
1.715,3.0091,6.1473,2.1773,3.6922,3.3761,-1.5841,4.121,2
2.1222,-0.65748,5.1779,-3.1524,3.8023,-2.3657,0.9335,6.7657,2
1.8527,-1.062,4.8707,-1.4943,3.0753,-3.8253,4.1077,-0.75236,3
0.82945,2.9927,5.3746,4.3317,3.4013,-0.8625,1.7724,5.4456,2
2.3161,5.0499,0.49259,1.861,1.0374,12.342,-1.6246,0.27183,3
-0.49945,1.6511,6.5618,4.7452,3.8113,4.0126,0.12283,5.356,2
1.8827,-1.9224,1.9816,-0.5732,5.9282,1.3514,-1.1643,-1.6806,1
-1.877,-0.41324,0.070443,0.26213,6.0824,-2.3556,-2.9067,3.8624,3
1.3534,3.4916,1.2614,1.14,-1.051,3.5724,-0.10066,1.8938,1
-1.7122,3.9447,0.80445,0.36635,6.3008,-1.2767,-2.596,-1.6187,3
-1.3645,-0.89842,2.3952,1.1931,2.2004,-2.8075,-4.3524,2.8033,1
0.027955,-0.92449,1.1989,3.537,0.55505,-1.6665,-1.8913,0.63994,1
0.9937,2.8563,3.3152,4.4335,1.1575,4.353,-0.47863,3.3688,2
-2.0658,-1.8422,-1.1141,3.6313,-1.5596,0.52241,2.1758,3.7411,3
-2.3024,1.622,-0.98142,1.3994,1.3804,0.60305,-3.5797,0.71259,3
1.8822,0.8288,3.6831,1.8938,5.0901,4.4434,2.9562,7.8854,2
2.8974,-1.7435,6.8165,-7.001,6.3229,0.003494,1.8363,2.8483,2
0.75879,2.8401,4.2514,2.5828,1.8468,0.27248,4.5304,6.8191,2
2.8236,3.4276,4.5954,-1.9355,4.4704,6.7186,1.2979,7.864,2
3.4182,-2.1165,-1.2859,-0.77297,7.6882,7.1212,2.4269,0.73344,3
-1.263,-1.6334,-0.30781,2.1897,2.4057,3.7815,0.73385,-0.048593,3
-2.0071,2.7255,0.70878,1.3914,1.5615,-0.5955,1.0349,0.5681,1
-0.76878,-1.7955,0.4848,2.8585,-1.1058,10.227,-0.87306,-0.12585,3
-0.099179,-2.3954,-1.7575,1.4513,-1.2303,-3.0629,2.3843,2.28,3
3.8122,2.3134,4.7322,2.7032,6.2488,9.2102,2.5666,6.6055,2
-0.04802,1.9363,1.7261,-1.0986,-0.040466,-2.0459,3.5499,2.0038,3
-0.79883,-2.2888,4.3045,-0.71628,-1.7825,-4.6405,-1.8231,0.50331,3
-0.69909,-1.1843,-0.86717,3.5114,4.4314,-2.0353,-1.478,1.8688,1
-0.72869,-0.79245,1.9049,1.2328,0.063903,11.656,-0.32808,0.0547,3
4.11,-1.6846,-1.7876,3.3545,-0.30809,-1.4496,-3.8224,-0.89731,3
3.3303,-2.224,2.7585,-0.63587,-0.73774,-0.88678,-3.2426,-0.045384,1
-0.026679,2.5101,-0.043125,-1.2813,0.89257,-1.1276,2.7838,4.6994,3
-2.4055,-0.42599,-0.20534,1.5388,-1.0984,3.6621,-1.9282,2.873,3
4.2269,1.2342,5.0463,-1.1358,0.26509,-2.2456,9.4002,1.9787,1
4.3087,-2.1785,5.1893,-1.501,1.3304,-0.24158,-1.3565,1.7138,1
-1.5974,-1.1698,-0.40426,-0.99792,3.6685,-0.45611,-3.4549,0.59378,1
0.38172,0.83772,5.0851,3.1135,0.80808,6.1478,2.8629,1.4207,2
-3.5412,-3.8641,6.6788,-1.8891,6.15,2.1253,5.1723,3.4107,2
-2.5392,-1.7856,-0.38593,2.2865,-1.3158,8.1255,1.0457,1.7326,1
-0.090831,1.6237,2.4696,1.6723,5.7499,3.4679,5.1322,6.7343,2
2.0893,-2.6809,1.2755,2.5939,2.2928,-2.4378,3.8285,0.60001,3
1.2764,-0.34813,-0.87103,-1.0436,0.91807,-2.4062,4.2529,0.29261,3
2.7863,2.4754,2.5121,6.997,6.0585,6.0257,1.1871,5.5576,2
-2.1046,2.5176,3.6248,-0.61612,7.2194,9.8997,3.5721,5.636,2
0.40972,-2.4313,-0.40697,0.91519,-0.1892,0.77426,0.23819,1.2837,3
1.4048,-0.75354,6.6352,0.17945,7.6613,7.1647,-1.0634,4.5564,2
2.9499,3.1415,4.4721,0.022569,3.4265,-2.1104,3.0054,3.3791,2
3.3157,-1.1816,4.2152,0.50757,3.5903,2.4918,-5.169,5.389,2
-2.1587,-0.34135,-0.43871,0.87942,3.0376,-2.696,8.4864,2.536,3
2.901,-1.9713,5.347,0.65798,3.6355,-2.7639,1.2611,6.221,2
-0.99796,-1.3924,1.1119,2.1375,5.7777,-2.6576,-1.6794,-0.10345,3
2.8796,-0.12258,-0.57427,2.4029,5.4632,-0.97077,0.1515,2.3776,2
-2.1153,0.92394,0.06765,-0.14395,-1.2207,-3.6603,5.4102,1.6562,3
0.739,-1.5621,0.17891,0.12482,1.2505,0.11192,-0.59116,0.65055,3
1.985,0.56113,1.723,2.601,-0.80141,-0.49875,6.485,5.2473,1
3.2233,1.7293,7.4065,3.9138,7.2199,-1.5898,3.7148,5.8822,2
-2.4393,-1.594,-1.4643,0.86673,-0.76635,-1.3496,-0.77792,-0.4384,3
0.3408,-2.0505,-1.8854,-0.13558,-0.61967,-2.1096,1.44,-1.5732,3
0.30393,-0.67144,1.4534,0.19156,1.5148,-4.1096,-2.2496,1.2884,1
2.2055,1.2585,-0.29975,5.9956,-0.76953,-4.5304,0.08309,3.643,3
3.1703,1.7484,6.2385,5.0342,4.6998,10.886,4.3169,5.9633,2
-1.385,0.46964,-0.71309,-0.88208,2.3885,1.0987,-2.8726,2.5641,3
-0.054031,-1.7925,5.5697,-0.52124,6.4031,8.0438,3.5978,3.5359,2
0.55548,2.3739,6.2921,-0.43695,6.1204,-10.289,2.4664,3.2237,2
-1.2145,1.8368,7.1382,3.6345,3.892,2.9193,-0.16361,5.3116,2
-0.72395,1.4978,-1.4659,1.1881,4.5292,-2.7009,-1.8576,-0.77753,1
0.81583,-5.6997,4.7941,2.0584,6.0183,1.9395,-1.1096,6.0496,2
2.5588,2.0404,3.2769,0.94224,-0.4284,-1.1346,1.6012,-0.47779,3
-1.4192,-1.6387,-0.17662,2.2621,1.0848,0.10139,4.2452,-0.93927,3
1.5875,-0.45181,4.7006,1.4379,3.1011,6.3357,-3.9884,4.7503,2
-1.067,-1.5022,3.7519,-0.48618,-0.23367,-0.89981,5.0953,3.4236,3
-1.7104,1.6995,5.9082,-3.9017,6.6831,-2.8372,2.2009,2.711,2
-1.3925,1.6281,5.7982,-2.8418,6.1473,4.9185,2.2432,5.44,2
2.3121,2.7574,6.9198,5.1015,4.2648,8.1061,2.9812,6.6618,2
-0.043571,-0.95673,-0.3105,-1.1505,4.3503,-1.6182,6.5603,3.1839,3
3.6081,-5.714,7.6506,1.1368,5.4097,8.1344,2.0453,7.8992,2
-1.3954,1.7688,-0.5583,1.5396,-1.5591,6.4292,8.4669,1.8162,1
2.7851,-2.9703,5.9847,5.2726,6.8253,4.9834,3.6254,7.0814,2
0.58802,3.7919,1.3776,-0.85342,-1.7275,-2.2835,-0.60639,-0.10124,3
0.99262,1.9001,6.5425,2.6174,4.5704,5.7279,2.1356,5.8606,2
-0.10187,2.3006,0.59949,0.076969,7.5433,0.64745,5.0561,-0.9196,1
-2.1135,-1.9327,0.29282,-0.11778,1.5459,-3.4771,1.6156,-1.4563,1
2.5752,-1.7437,-1.7591,-0.14588,0.6778,-3.5124,0.35567,-0.47735,3
-2.7082,-0.30273,-0.43073,1.9735,1.6946,3.1088,-0.13435,-0.19989,3
0.51323,2.7602,3.641,4.7446,7.0631,9.4568,3.5149,6.5011,2
1.9607,0.18557,1.117,7.4053,4.4425,12.429,1.0846,2.3193,3
1.5007,-2.7667,4.5111,1.981,2.5419,4.2352,11.224,-0.24208,1
3.2392,1.6105,5.2299,0.84405,1.6339,4.9605,-3.4288,1.0067,1
-0.37178,0.74539,5.4313,0.70733,-0.93029,-4.4725,3.3071,-0.67122,1
3.9755,-2.2197,0.096129,0.62853,4.5535,8.9091,3.1003,2.9643,1
-1.6472,5.6944,-1.8899,-0.63185,0.26431,-0.45798,-3.7083,2.5292,1
-0.46099,-0.63011,6.163,-0.22565,0.05705,1.4534,-3.4699,2.2178,3
0.33322,-1.1042,5.9583,2.1918,7.3155,6.0583,0.51528,1.7394,2
-0.86344,-0.091058,-0.36521,1.5952,1.7665,2.2435,6.7593,0.087706,1
-0.8905,1.7153,0.55553,-0.28469,0.19911,4.1466,-0.49578,1.5965,1
0.56892,-0.90722,1.6182,0.65396,-1.8723,-2.7706,-1.9961,1.884,3
-1.7925,3.6835,4.2637,6.8161,-1.2429,1.374,-0.068554,-0.55977,3
0.71673,0.23842,7.1226,-1.4295,4.7666,6.967,2.0207,2.6278,2
2.952,2.9616,5.8735,6.4529,5.1666,2.37,-6.5072,0.85297,2
0.10979,4.2255,0.28958,-1.5017,0.19461,0.10199,8.9129,-0.014084,1
-0.95192,-1.5757,1.5245,2.1996,3.5558,-2.8442,7.5697,0.2241,1
1.6433,0.94137,3.941,-1.863,-0.32202,-2.1108,6.7585,-1.1303,3
2.2627,-1.4647,2.2121,0.58584,2.8716,9.1938,3.1331,6.4618,2
0.53925,-1.5021,1.7543,1.0215,1.4759,1.6132,-1.2593,5.8632,1
1.3515,0.5734,0.80075,2.9173,4.3674,3.2563,-1.9287,-1.4522,1
1.8001,2.4927,6.4347,1.6455,7.6676,5.7411,0.41949,2.9836,2
-0.66876,3.0957,-1.5694,0.04876,4.5749,-1.4053,1.5047,-0.8057,1
-2.9321,0.90188,2.7855,-0.3759,1.8381,0.38131,0.18996,-0.90463,3
-2.0046,2.682,-0.38205,-0.33786,7.9395,1.2033,-0.4876,-0.42867,1
-0.69982,-1.7295,0.72199,-0.63501,0.37321,-2.9352,0.1522,-0.70393,1
0.97666,2.0819,-0.043429,0.60519,0.071393,-2.5853,2.8545,-0.31927,1
0.17145,-0.40142,2.3624,4.1928,4.4013,5.0718,3.8095,1.2847,1
2.1097,0.88879,4.0489,-3.7603,4.2847,-0.11634,-1.606,4.6659,2
-0.67553,1.9747,5.6378,3.1061,-2.2399,7.74,-2.0041,6.8535,2
-1.3396,0.054106,2.1508,1.6198,7.0347,4.7284,0.84679,2.8425,2
0.47078,1.1406,1.5012,0.48653,0.91919,0.67697,-3.634,1.8396,1
-1.9586,2.1177,0.82878,-0.1822,-1.7013,11.504,2.9296,2.1264,1
-1.319,-2.437,1.132,3.3855,2.7976,-2.9993,1.5327,0.14177,3
-1.1652,0.47111,5.3568,3.201,4.9353,9.2424,-0.25664,4.7143,2
-1.8528,0.16302,-0.5497,3.516,5.662,-0.079665,-3.6238,0.036124,3
-1.4794,0.021795,0.4454,2.98,3.2185,0.54579,6.3085,1.0203,3
2.5481,1.708,6.2829,-9.9825,5.4536,4.0547,2.5894,5.0122,2
-1.9785,0.017759,4.0736,8.9554,0.40264,-0.11374,2.3717,0.18942,3
1.8756,-2.4088,3.7924,3.4594,7.8602,6.9916,4.6492,5.4117,2
0.41016,2.7253,2.0629,-0.90156,-0.73278,0.40915,-2.274,-1.4074,1
3.0256,-0.99776,6.1047,-4.7609,6.4921,7.9145,4.6853,-0.84781,2
2.931,-0.30417,6.6098,0.52468,4.8778,6.3846,-2.3495,4.3211,2
0.58008,-0.51838,0.98101,1.1748,2.3846,-2.8541,-1.1929,3.2634,1
-0.29403,-1.7162,4.7487,-1.3039,-1.192,1.3853,0.53898,4.0167,3
-1.8571,-0.52156,1.8832,0.9212,1.2417,1.5457,0.74247,-1.3384,1
0.027711,1.4636,-0.36697,1.578,-0.49845,0.39786,3.9369,-0.616,3
1.413,-1.4463,4.9663,2.589,5.0455,0.48553,-2.3512,1.284,3
-2.0382,-1.5671,-0.22401,0.76886,-0.72964,-1.873,-4.0745,7.7276,1
0.083158,0.65179,1.8662,-0.15827,0.51524,0.29019,1.7514,1.707,3
-0.054606,3.2116,-0.65264,1.0001,-0.004579,6.3739,3.7445,3.452,1
-1.2966,0.75959,1.9857,-1.6476,4.0451,-5.0018,-3.79,-0.27314,3
3.4263,-4.7474,2.1498,0.096166,7.4177,3.3851,3.3369,5.2769,2
-2.6789,1.4473,6.673,0.64366,5.726,6.6623,-2.6553,7.2362,2
1.6747,3.0202,6.2011,3.8711,1.6195,5.4855,2.5859,6.8065,2
0.61375,-1.6313,-0.46983,1.145,-1.3924,-0.71362,0.45181,2.5937,1
3.3912,1.8213,4.2745,2.6941,5.1155,8.4753,-6.2628,5.3351,2
3.4084,-1.1816,7.2633,-6.6633,6.2906,3.3533,1.2169,4.3099,2
1.7332,-1.0833,3.5243,-0.75372,-0.86396,0.62949,1.5085,0.53485,1
-0.4975,3.1804,6.1566,1.234,6.1843,7.3761,3.987,5.5836,2
-0.82093,-1.3308,-0.22259,3.6607,-1.6215,-2.4199,-3.7034,0.35111,3
-2.0697,-1.8884,-1.4911,-0.49102,-0.90748,5.2059,2.6308,-0.18498,1
2.2057,-1.2752,4.2797,4.0566,6.0283,0.10421,2.9,-1.9928,2
2.4671,-0.95624,4.7213,-9.5698,5.2067,4.6376,3.2102,6.2971,2
-0.56446,-2.2149,-0.66481,-1.5501,0.82872,1.3015,1.8247,-0.20681,3
-0.12999,-1.9134,4.1109,0.63847,0.29343,5.8183,0.40005,3.5457,1
-2.2169,0.95213,0.34567,0.025378,0.5992,-2.0987,6.3442,0.81556,3
0.60823,0.59247,0.9803,4.2344,1.6261,6.4326,-3.0822,-1.3484,3
0.055005,-0.61233,2.0751,2.9906,0.79753,-2.9992,0.95168,3.0276,1
-1.2463,0.49055,-1.008,3.9106,4.1273,-3.9988,3.2626,0.94019,1
1.8257,-2.0462,-1.8984,-1.9012,-0.47375,7.1384,3.9081,0.022974,3
0.57961,0.5334,-0.70224,4.4845,0.10176,-1.1943,2.611,0.89955,3
-2.9439,3.7689,7.0643,2.6834,7.0974,5.5442,4.868,6.9303,2
-2.3883,-0.38316,-0.65588,4.3478,1.7547,11.021,-0.55856,3.253,3
-0.3883,-2.4752,3.7348,1.5502,3.6118,-1.0078,-2.5745,-0.19021,1
1.0823,-0.11392,7.5751,5.4888,3.1384,-0.2194,-3.6924,5.345,2
0.64304,2.1124,4.6159,5.2872,5.7923,1.7105,3.5042,5.1695,2
1.2286,-0.93115,3.0202,1.0217,-1.5435,-4.2612,-0.76944,1.9032,3
0.77388,0.16856,3.5474,1.0118,-0.54931,1.1655,-2.1205,-0.004486,1
-1.748,0.95439,-0.16715,1.2308,-0.36898,-1.3088,-1.3551,-0.15596,1
1.5816,2.0734,7.0241,-0.15563,1.7947,5.3814,-3.4766,6.5851,2
1.2058,2.6043,6.3055,-4.1316,1.4918,9.2261,2.3955,5.7086,2
0.037011,0.68184,-0.16295,1.4466,-1.4487,-3.7412,0.30949,2.7933,3
3.2714,2.5085,3.8244,0.61776,5.312,-3.0017,0.72968,4.5964,2
-0.06038,-0.82424,-1.6923,-1.1713,1.4874,1.4419,3.2419,0.54098,3
1.2528,2.6107,3.2344,0.057301,3.5607,6.4886,-0.4177,0.64341,2
0.97173,-1.3249,-0.17287,1.1922,0.30935,0.9416,-1.3223,2.7855,1
6.1803,-1.4468,-0.24997,-0.083793,2.542,5.27,0.21122,0.33291,1
4.5185,4.4313,1.3701,1.6406,-0.92517,-1.9672,-2.6882,1.6267,3
0.82749,-1.2554,-1.012,1.2819,1.2473,-2.7421,6.2778,-0.64444,1
6.2011,-0.73485,-0.54781,-0.42959,-0.6438,2.5615,11.333,-0.73656,3
1.955,-2.7511,4.891,0.90664,5.5248,4.1977,0.72757,6.2816,2
2.3239,-1.0721,-0.99928,0.080333,1.7442,-0.10415,-2.0902,5.0428,1
-1.3387,-2.4964,-0.41291,1.9532,2.629,-2.38,-0.54074,2.2994,1
-0.51183,-2.0089,5.1116,0.60707,-0.038052,5.2345,-0.31896,6.9506,2
0.099487,3.2673,5.0567,4.0393,7.1956,4.3519,-0.71873,6.264,2
-0.77289,-1.4509,2.4531,-0.1924,4.972,6.2832,3.2099,-0.77766,3
-0.62533,0.51334,5.3655,1.68,1.9994,0.9304,8.8789,4.0078,3
0.80622,-1.3242,1.8643,0.51301,2.1332,-0.083721,-1.1555,-0.6357,3
1.8684,-0.51741,6.0897,3.2117,5.1227,2.6979,0.61982,7.1238,2
-1.5719,2.5515,1.238,-1.0116,2.1735,2.1068,-0.38109,4.2696,3
-1.8365,3.8541,3.2082,1.6708,5.1983,6.6922,-4.3288,3.295,2
0.064453,0.10012,2.712,2.631,2.5372,2.9817,3.0203,5.6772,2
4.3217,-1.5358,1.3164,-1.0264,1.5098,2.8213,-4.1481,-1.115,1
-0.15793,1.1008,-0.33251,1.829,-0.38995,-2.4503,-1.5779,1.2067,3
1.3536,4.3196,0.89452,-0.44946,0.35247,-1.0991,3.6641,0.9138,1
2.5305,1.8181,2.6782,4.4139,5.064,2.3371,1.5356,6.0461,2
3.2988,0.067664,3.9867,2.8045,5.8531,5.2063,2.6389,1.526,2
2.7585,2.1928,2.5779,3.5406,6.3387,7.9863,3.0517,6.966,2
3.4736,0.90255,6.9536,6.4626,4.5958,6.8464,-3.1816,4.0302,2
-0.63785,2.5103,7.9191,-4.3498,3.0625,0.44068,-4.403,5.1148,2
-3.313,2.9226,5.4893,3.0818,3.7427,5.834,2.8881,7.7752,2
-0.67527,3.2815,-0.31262,2.1161,2.2747,-0.094464,1.349,1.5445,1
2.4332,-2.3663,-0.57356,4.9983,2.9521,5.9273,6.829,-1.0899,3
-0.84616,-1.5038,2.6954,-0.43822,4.6899,5.4522,-1.6216,3.4848,3
0.759,2.8971,6.5727,6.479,5.5268,5.2599,4.2073,0.9435,2
-1.6994,-0.1823,-1.7689,-0.45174,-0.85111,-0.73912,-3.4407,-1.5393,1
2.5864,2.6771,2.1395,2.2118,-0.53228,7.2674,4.6427,6.9349,2
-2.3895,-0.81433,-0.5393,1.3756,-1.7986,-2.1436,1.7078,-1.6309,1
1.3029,1.1784,3.4054,2.6034,0.75184,0.96885,-3.265,-1.3655,3
0.6275,-0.69115,2.2761,-1.0821,-1.2932,-3.4687,-3.3552,0.36414,1
3.3844,2.4544,0.43261,0.45235,1.6662,1.4517,3.9638,1.0163,1
0.49418,2.3182,2.4824,0.96151,0.93366,2.8414,1.2249,5.0449,3
0.69631,2.7674,1.0226,1.9289,-0.73024,4.925,1.4598,-1.2933,3
1.5064,2.9987,1.0066,0.7585,-1.0049,15.343,-3.7004,2.9792,3
-0.56432,-2.4899,1.5758,0.014594,1.1152,0.86336,5.6931,0.094144,3
1.536,2.8491,3.195,4.9751,6.675,9.4027,-1.5455,3.7881,2
-1.0092,-3.0281,1.0212,-1.1367,-0.20421,1.4408,5.7505,0.89956,3
1.0703,-0.13678,3.2443,5.8424,5.6465,9.4421,2.1726,6.5893,2
0.80263,2.7561,6.6033,5.4467,6.2773,9.8494,-3.6274,2.8698,2
-0.12476,-0.97942,3.2477,0.44328,1.0164,0.5333,-0.8899,0.5031,1
-2.0864,2.1404,7.359,6.2428,6.6234,5.4963,2.3742,3.8876,2
1.2667,-1.1212,-0.55173,3.4807,2.2464,-0.77364,3.8305,0.46677,3
0.76094,-0.19647,0.95462,1.1042,-0.12604,-3.2618,-1.416,-0.76193,3
-0.784,2.5898,1.8298,1.9158,1.1826,3.6246,-0.60385,-0.10675,1
-1.7771,-1.5803,-1.2853,0.1292,1.6146,2.5486,-1.4208,-0.26825,3
0.69542,-1.4807,7.083,0.6917,5.2453,9.1567,1.5736,6.5862,2
-0.72872,-0.22269,3.8801,2.3278,2.1271,-1.2765,2.2772,-0.57373,1
1.7915,3.8103,5.6387,1.557,5.4357,10.707,1.6942,6.4133,2
0.75484,1.5932,0.46412,-0.98772,3.246,2.243,-0.77708,0.026213,3
0.69708,0.5137,0.62289,-0.69298,-1.6512,-2.0101,0.56526,-1.7441,3
2.8239,1.5049,7.0591,-2.4449,5.2157,7.6922,1.4542,7.7528,2
-1.4195,4.0807,0.24276,3.1008,2.8494,3.1983,-2.2067,-0.27706,3
2.3377,-2.0381,7.5037,-4.7978,7.6079,0.90683,5.316,5.3396,2
-0.59527,3.013,3.3022,0.47376,1.1194,3.9105,1.1329,7.8701,2
0.49159,-2.1287,0.053477,3.4748,1.5675,4.175,6.2411,-0.17472,1
-0.48709,-1.0442,0.31563,2.553,3.6396,1.2042,5.5614,-0.21893,1
0.84796,0.82595,4.721,0.59108,4.2563,-0.94081,2.1997,5.8369,2
2.6932,2.2704,3.9726,-2.7862,0.20596,6.0524,0.97636,7.0338,2
-0.55105,1.7549,-0.17347,6.1519,0.88976,-2.225,0.28158,-1.252,3
3.9145,0.19964,-0.28335,-0.059975,1.3537,-2.3213,-4.1777,4.3397,1
-0.29908,-1.3202,0.77747,-0.38845,1.2946,-0.31626,-4.5721,-0.019434,1
-1.0458,0.57562,1.7373,4.8097,6.0657,3.0348,1.9977,7.3383,2
3.4239,2.3238,3.5766,4.2744,0.3954,6.1031,1.5048,4.7014,2
1.7045,0.92955,4.3509,1.3604,2.45,-6.5824,-5.6934,6.716,2
2.1848,-1.4233,5.0276,1.9038,1.4344,-0.17354,1.3332,-0.060822,1
2.3901,-2.6793,-0.85875,-1.7825,1.2014,0.7292,-3.4058,1.9544,3
0.92231,0.073597,0.30624,1.346,-0.055681,-4.2685,-1.6994,3.7868,1
-1.839,0.62526,5.644,3.4013,1.7224,9.7735,3.5602,7.2744,2
-1.7053,2.507,4.5792,-0.85355,0.72805,2.9475,-1.6131,0.9907,3
3.3673,3.4078,-0.050207,2.449,-0.677,-2.8471,5.0318,-1.3275,1
3.7439,-0.49017,3.2891,4.2956,-1.0303,3.9355,2.0386,5.0774,2
0.042195,4.0503,1.2566,-0.28068,3.4072,-4.4462,-0.45515,0.93711,1
1.7464,0.29925,2.2245,2.3218,0.091025,1.5066,-2.683,-1.9028,1
-1.9478,-0.55055,1.9471,1.7969,0.7183,3.5802,-1.0607,-0.66074,1
-1.4374,0.27818,0.96179,-1.6287,0.54892,-0.065676,1.2313,-0.21474,3
-2.5809,0.12557,0.15201,0.39194,1.3164,0.57619,-0.20127,4.801,1
-1.2423,-2.3934,0.47009,1.3613,0.53792,-2.9559,-0.44023,2.1526,1
0.17145,-0.40142,2.3624,4.1928,4.4013,5.0718,3.8095,1.2847,3
0.50465,-0.98015,-1.7475,1.7023,-1.5052,-3.4832,1.9431,0.016762,3
-0.10258,3.132,5.5305,-1.6768,2.9199,0.17867,-6.0284,6.1843,2
-1.0274,-2.6189,1.8042,1.8556,-1.5918,-1.2908,-2.2362,4.7978,3
1.8735,2.314,-0.49638,0.30823,-1.699,2.9598,-1.6148,1.6943,3
-0.31256,-2.0652,-0.3643,-0.17782,1.7269,-1.6823,-0.45333,-1.151,1
0.98877,2.5917,6.5822,6.2884,5.7837,4.1663,1.2759,7.2596,2
-2.7295,2.2701,2.7593,1.0989,-0.61091,-4.5703,-1.3682,-0.65747,1
-2.2276,1.4703,4.8158,0.12022,1.0918,-1.4222,-0.47282,1.2067,3
-0.97096,3.2636,-0.51829,1.3945,-1.6963,3.7113,-3.5597,-0.65881,3
2.4054,-1.0482,5.3651,4.0988,6.8448,6.8833,-0.37647,6.7478,2
-2.0814,-1.4874,-1.0174,-0.13211,-0.72172,-1.7296,-4.0579,5.7111,3
5.1141,1.9523,2.3364,-0.64147,0.031392,6.9803,0.94088,0.36665,1
0.83497,-2.0436,1.8336,-0.19681,6.3406,-1.15,-1.2847,-0.22989,1
0.17959,2.3864,-0.96062,1.6809,-0.10436,0.48081,4.5207,0.53015,1
2.0902,1.9258,0.43898,-10.513,7.5557,7.2346,3.6176,6.8154,2
2.9223,-1.6118,1.086,-1.1236,3.6342,1.4221,-1.3276,-0.77456,3
-2.4925,-2.4437,6.0947,3.1072,-1.2158,0.56682,-3.6867,1.5772,3
-0.43124,1.5393,6.9791,6.511,-5.0548,4.625,4.9737,5.1388,2
0.23233,-2.1263,2.5916,-0.95668,6.1583,-3.0901,9.7752,-1.6001,1
-0.68188,1.4629,0.30701,0.56655,-1.1745,-1.7865,3.4286,0.36799,1
3.9153,-0.75245,5.5275,2.4221,7.5774,-2.8448,2.8084,6.0725,2
0.53545,-0.40447,1.502,-1.1927,-1.6798,-4.0373,0.029883,2.4871,3
-0.41204,0.61124,0.66183,-0.30621,-0.98897,-2.4976,1.0821,3.0555,3
1.3956,2.0304,7.6206,0.46803,5.0328,6.275,-4.7065,3.8741,2
-1.8487,-0.18159,0.98214,-0.7403,1.5576,-1.6343,1.0147,-0.86662,1
-1.738,3.7913,4.8441,2.6869,5.0517,1.5179,-3.6648,3.6743,3
1.8081,-2.6158,3.5504,-1.7549,0.73961,0.22153,2.7598,-0.37294,1
-0.059507,-1.048,-0.7346,0.82232,-0.97065,4.865,-1.9037,-0.16306,3
2.427,3.0593,0.29305,4.2654,4.6089,5.5838,4.9143,4.8956,2
3.8019,0.27504,-0.3549,-1.0573,3.1315,7.4404,-0.97419,0.98409,3
-1.1392,-1.5778,-1.4186,0.47507,-0.51518,1.1056,6.278,5.8138,3
0.25433,-0.4733,-0.36973,4.9206,0.95164,3.6375,-1.4608,3.039,3
1.6901,0.55023,1.0376,0.884,1.8091,2.3548,-4.0436,2.0746,1
-1.0005,-1.175,0.17559,-0.31154,6.3801,-1.1063,-1.2107,-1.0402,1
3.0612,3.1012,6.7506,4.969,5.0391,6.9846,0.027812,5.0695,2
-1.0208,2.7601,6.3302,-2.1895,6.252,3.0805,-0.088802,4.5423,2
-2.3547,-0.70352,-0.69535,-0.42346,-0.86298,-0.42667,2.6858,0.75629,3
-2.5652,1.8625,-0.82134,-0.27592,-0.97569,-2.0654,14.715,5.5857,1
3.1219,0.38073,4.3522,4.1152,6.1523,6.9598,1.0244,4.3453,2
-2.1175,6.8416,1.5506,-0.50742,0.27763,-3.6285,-3.754,0.045615,1
1.9474,-0.9468,-1.4794,-0.27611,-0.13472,1.4494,-1.1421,-0.016416,1
-0.64338,1.769,0.54449,0.75846,0.2872,-0.2193,-4.1795,-0.078269,3
-1.6792,5.6488,2.0871,-1.1628,3.7466,5.6351,3.7706,1.1962,3
1.1313,0.91048,6.3121,1.2598,6.1844,7.0312,-1.7261,4.6028,2
-2.4663,-1.3249,2.5379,1.5249,1.4175,-2.4786,-1.8682,0.20278,3
-1.1552,-0.75352,3.0701,3.1918,3.9543,-2.3787,-0.24879,-0.78953,1
3.3703,-2.0902,2.5127,5.4063,3.0263,6.6756,-2.2861,2.9205,2
-0.39598,1.2943,6.17,3.5383,2.9585,7.8599,1.6582,5.044,2
1.0235,-0.77568,-0.033812,0.19211,-0.20619,-0.45345,2.8376,-0.59562,1
-1.6239,-1.5931,-1.4547,-1.1378,3.0498,0.67037,-3.7687,5.851,1
1.1082,1.2172,6.9898,3.1854,0.14614,6.6581,-3.9012,3.4252,3
1.6224,-1.7591,-0.070458,-0.37479,2.5318,-2.1042,3.03,-0.5952,3
-0.094724,-0.9685,-0.7596,1.6189,0.18235,2.1584,-0.10102,6.5324,3
4.1243,-1.398,1.099,0.88785,-0.64919,0.25389,-1.7407,-1.8483,1
3.7298,-0.97738,1.0655,-0.62832,-0.22741,11.767,2.9161,-0.71262,1
-1.6348,0.82118,1.042,4.0594,5.4988,8.5171,1.1576,3.5398,3
-0.57709,-1.7517,-0.4639,3.2289,1.0445,-2.3475,-3.1852,0.67138,1
1.8818,-0.12794,3.0326,0.21892,5.546,3.8871,2.7157,7.0541,2
-0.33201,-0.4355,-0.72141,2.6401,4.2428,3.7384,-0.66966,0.71716,3
-1.9448,1.6825,2.9451,-0.55236,-0.038442,-3.6695,4.0314,0.24839,3
2.735,1.5143,-0.58744,4.3577,0.85147,0.64371,0.54456,2.5412,3
-0.38025,3.3953,5.8918,3.2599,3.6327,3.7657,-5.862,6.2811,2
0.87574,-1.8151,-1.5275,0.13446,0.23913,-2.6225,-0.89863,0.56949,3
1.6972,-1.6747,-0.033342,-1.1092,0.71004,-0.96562,-0.73361,-1.4122,1
0.48134,-1.4961,0.096127,11.032,2.6322,-1.2486,4.4894,4.3854,3
-1.1958,3.5724,3.9482,0.67549,5.9524,4.3958,0.05577,5.0528,2
5.2431,-0.91615,2.0926,1.7426,-0.64477,5.7799,-4.0333,1.2973,3
-0.80187,-0.63444,2.8138,-8.298,5.2811,10.048,-8.0155,6.7251,2
-0.93271,-0.92841,2.7903,0.12219,1.5203,-3.0142,-1.9219,2.3263,1
0.49756,-0.27727,1.5806,1.2126,6.4906,7.6508,6.4864,3.1493,1
1.0169,-1.6078,3.3217,1.045,1.2331,-2.007,-1.2443,-0.40018,3
-0.94818,-1.2129,-0.53178,0.80236,0.82515,-1.2945,2.1316,2.4777,1
-2.3689,-1.8408,4.6468,-1.0276,0.49971,-1.2422,0.35367,4.9372,1
-0.95582,-1.5257,0.75449,1.4799,-0.42638,-4.3197,6.3754,-1.6355,1
2.0232,-1.0378,0.76281,-0.91358,1.919,9.0288,8.6562,-0.34045,3
-0.065199,-3.0456,7.1954,3.6763,7.2878,8.0303,1.5213,6.5571,2
0.34563,3.4972,6.9523,2.8106,4.1808,5.6019,-3.9524,2.7832,2
2.2378,-0.021185,3.9484,4.0185,7.6348,3.9064,-0.053159,5.5742,2
-0.28499,4.79,-1.606,-0.36037,0.78379,5.6364,4.4946,-0.62743,1
2.6075,-1.1755,7.6279,3.7783,7.5521,3.5853,-1.3686,5.6072,2
2.9024,0.83189,-1.4804,4.6398,-1.1104,3.6095,-2.2169,3.7892,3
-0.90664,-3.6586,7.5768,5.4463,1.3502,9.9224,4.4888,4.1787,2
1.481,-0.55242,0.78134,3.5415,5.5088,6.3127,1.2476,7.714,2
0.078159,0.85301,-0.29279,1.2522,-1.1199,-0.82402,0.27448,1.0552,1
-2.0499,2.6014,-1.2967,1.0818,3.8846,1.8096,-3.2401,-0.045662,1
0.70119,-1.2057,1.2305,2.2141,5.7591,0.96106,0.83544,-1.4752,1
-2.9809,-0.50389,-1.1554,1.5952,4.7351,-1.5991,-1.2906,1.3332,1
0.034548,-1.7814,5.0937,-1.5412,0.35429,-1.3201,-4.0828,3.3788,3
-2.2846,-0.32724,-0.83396,1.8214,-1.1377,0.93488,-1.8303,2.2274,1
2.522,1.3216,5.5385,6.1851,7.324,3.7789,4.9253,4.21,2
2.8732,1.3303,4.8882,-4.886,4.1879,4.1464,-0.50305,6.6769,2
-2.7552,-0.14189,4.1297,2.021,-1.2055,-1.0409,-0.029069,-0.5476,1
-2.4551,0.98433,-1.1452,3.5242,-0.1649,5.9265,-3.6311,1.3818,1
3.3874,-0.17794,6.631,3.8029,6.3493,7.3925,5.0081,7.7407,2
-1.8619,-2.0783,2.5148,1.7552,0.81213,-3.9816,-1.7948,0.72425,1
3.5875,3.2339,6.4839,-3.9455,6.8823,5.7279,1.7597,5.1186,2
1.5239,3.2643,7.2592,-2.4574,6.0376,-2.5432,2.781,-0.35112,2
-1.7702,6.2271,-0.66265,2.1098,0.3827,-2.0172,-2.8424,4.9498,3
0.008373,-1.022,0.49221,1.5626,-0.99675,-1.7082,-4.5363,1.6046,1
2.3148,3.0714,-1.8936,2.0512,-1.2475,6.4535,2.0516,1.5826,3
0.006922,3.7428,5.828,1.1327,7.3386,8.9837,-1.6353,6.3767,2
-0.83861,-0.36383,0.78888,-1.6446,-0.71479,-2.1623,-3.0799,0.49175,1
-0.77026,1.2286,-0.082936,1.394,0.69365,7.1355,1.9031,3.2363,3
0.41091,3.1309,3.0097,0.068174,4.1098,-2.2992,4.7485,3.1472,2
0.066198,-0.34249,0.78784,1.7733,-0.47019,-1.6983,-1.9581,5.5744,3
-2.7682,1.4759,4.6456,1.8881,0.57488,-2.9402,-4.4241,-1.0074,1
3.1219,0.34799,-1.2707,-0.92608,0.8956,11.829,-1.9002,-0.95932,1
1.8189,1.8798,3.3911,0.45461,4.4037,0.067273,-0.80191,5.9386,2
3.9337,0.6795,2.4005,5.8045,3.8438,0.1843,-0.79569,-1.859,1
2.9524,2.9818,5.8311,-4.0715,6.6778,0.47382,3.6013,5.807,2
0.28837,-0.27819,0.15844,0.14026,-0.32081,-0.72791,-2.1789,3.6114,1
-2.2521,3.1633,-0.19771,0.41148,-1.83,0.76792,-2.5566,4.1238,3
1.1714,3.5776,6.8745,-0.074895,6.9387,8.2841,-7.6935,4.0829,2
-2.0164,-1.7362,1.3479,0.058436,-0.76104,-1.2032,-4.6937,0.03788,3
-1.3807,-0.13922,-0.001229,1.0604,1.898,-3.666,-2.0283,2.7582,1
2.9439,1.2802,3.5117,-5.6302,4.7096,9.2191,2.1102,2.7142,2
-0.34345,-1.077,-1.4652,-1.5836,-1.4615,-1.6119,2.0284,2.0175,3
1.5279,1.2543,4.1909,3.9582,3.4772,5.443,0.99609,3.0776,2
-0.45999,-0.083938,1.151,4.5921,5.1881,8.3462,0.67195,6.5705,2
5.8911,-0.5359,1.5297,-0.54651,-0.21794,3.553,0.26508,-0.79387,3
4.2258,-0.01208,-1.0281,4.3385,-1.5978,-0.12056,-2.6531,-0.36523,1
0.21218,0.02891,-1.2587,8.5261,3.4958,1.804,-2.9767,1.9097,1
-2.0781,0.7834,1.8773,0.88495,1.1612,-3.6686,-2.6884,2.158,3
-1.7413,3.6206,3.5884,-1.0751,-1.0078,-4.3002,-4.2548,-1.5299,1
2.5858,0.088583,0.57625,4.2328,4.8194,-1.9123,-1.9466,7.5755,2
1.6222,-0.96183,0.78123,1.6609,0.24696,0.49708,7.352,-0.46019,1
4.1107,-0.20659,1.1142,0.92031,-0.58757,-2.4312,6.7199,-1.4236,1
2.2134,2.6251,4.4982,6.0083,6.0675,7.8884,2.6373,5.5393,2
-2.6601,6.3246,2.9439,5.4515,0.27274,-1.7938,0.45513,2.2776,1
-1.5674,-0.52045,-1.1352,3.1394,2.6943,7.7645,-3.4771,9.2181,3
-1.0964,-2.3712,2.8747,5.4922,-1.5251,-1.5559,2.8314,-0.92391,1
-1.9645,-1.652,5.6459,0.16777,-1.5491,2.8802,6.9462,3.2332,1
1.9553,2.4857,5.6913,-2.8847,6.3811,6.5353,1.2349,3.7204,2
-0.97371,3.1452,5.163,4.2987,3.0013,-2.3947,1.6606,2.218,2
1.6914,0.91928,3.1212,1.7293,0.31598,2.49,-1.3654,0.53743,1
-1.1636,-0.86441,-0.5418,-1.989,-1.221,-0.84471,0.18195,-0.27392,3
-2.0917,4.912,-0.052196,2.8385,0.22935,1.1536,-2.5881,4.0031,1
1.1956,1.9268,6.6679,-6.856,4.9136,10.062,3.1381,7.1815,2
5.2758,0.46287,1.285,-0.949,-1.6761,-3.5359,-3.2544,2.8051,3
-0.47143,0.51559,-0.57517,1.4153,-0.12434,-0.54153,1.9469,0.85541,3
-1.7315,-1.071,-1.0057,5.0527,-0.80759,0.029707,2.6938,3.4099,3
-0.71322,-1.0153,0.067096,3.0592,0.20266,-3.1336,2.3939,4.2868,1
2.2308,2.8997,3.9935,0.4419,4.6493,8.7056,1.4464,3.2483,2
3.5594,1.7453,2.2697,4.9813,3.929,2.3418,3.4816,6.9657,2
3.7222,1.3684,4.8576,3.0378,5.8454,2.7496,1.2778,2.8628,2
3.3946,3.5405,-0.68169,-0.17282,-1.0767,-2.5265,-2.6458,2.532,1
0.20657,0.41402,-1.378,-0.70065,-1.8138,9.2159,-1.5006,-1.1607,1
-2.7044,-1.577,-1.0543,0.80218,1.8577,-1.769,4.7948,-1.4512,3
2.4475,2.7798,5.0589,-4.6156,5.0066,3.1099,-1.2679,6.6146,2
-0.4189,0.28344,2.538,4.6269,5.1007,6.4765,0.26509,6.992,2
0.45916,-2.9531,7.1526,5.2712,6.7459,1.8263,-0.38477,1.7799,2
2.1228,2.8313,6.0301,1.4222,2.5013,6.9441,0.18443,7.5608,2
2.107,0.33906,1.0451,1.4822,3.8273,4.0788,3.4685,3.0212,1
-1.5963,-1.281,3.3423,3.0834,2.3439,6.3694,-4.4267,0.98698,1
-0.60486,-0.025871,0.061836,0.12434,2.4497,-4.4817,2.9204,-1.1166,1
0.13905,-2.0404,0.55593,-0.30286,2.1897,13.295,1.5099,1.8319,3
-0.60035,0.015828,6.6607,-4.76,5.0259,9.2888,-2.2837,6.779,2
1.24,-1.6829,1.2962,2.6773,-1.1645,-2.5475,-0.30256,-0.22163,3
3.7129,-0.066385,1.8348,2.2279,4.1342,2.1136,1.0209,-1.1737,1
-0.99339,1.6786,2.5517,1.4389,0.49063,-2.0577,12.611,-0.085052,3
3.519,-1.3648,0.27137,-0.32972,1.4336,-1.9578,4.631,-1.3848,3
-0.46577,1.2307,1.4163,-1.0323,-0.19654,-2.0643,-3.3152,1.0703,1
4.0563,0.18912,-0.90457,2.6161,6.2994,2.6409,4.308,4.7482,3
0.86767,0.31544,6.1069,1.81,7.5524,9.4856,3.0104,5.759,2
-1.071,1.3494,4.7086,-0.14324,0.39895,5.2153,-0.31594,1.3939,1
-0.88006,0.20109,-1.0511,3.8286,4.5448,3.8795,4.083,0.83084,3
0.57916,0.098056,-0.11677,-1.0082,0.85411,-2.2414,0.39503,2.2748,1
1.3927,-2.5896,2.6022,-0.17533,-0.006461,1.9975,-2.5855,-0.93931,1
4.5741,2.5061,8.7839,1.3594,-0.45351,-2.5083,6.1322,1.8301,3
1.4305,-1.8491,2.4726,-0.92234,-0.6082,-0.11611,2.4242,-0.037441,1
0.34054,3.8682,-0.085149,1.6638,4.8289,6.3815,-2.5064,-0.31687,3
-0.62698,0.12748,3.6418,-0.17321,-1.2003,0.83882,-3.7714,1.2212,1
2.4424,-1.426,7.2516,-0.048285,0.97712,-2.4057,1.6625,-0.26675,3
-0.057121,0.68755,1.5957,1.6644,0.39013,-1.3361,3.9724,1.5897,1
3.0303,2.7374,4.9679,0.30855,6.6395,6.1291,-1.2602,3.4634,2
-2.2237,0.14264,-0.38727,4.8255,-1.5535,4.7624,1.93,-0.8735,3
2.9929,2.6683,3.4984,-0.52229,4.7834,7.7906,-2.897,5.5389,2
-0.43999,1.4125,7.4072,-2.7515,6.9364,8.0653,-1.4187,6.6872,2
0.97466,-1.2869,-0.38937,-0.97054,-1.1538,-0.90961,5.8581,-0.61844,1
-2.0917,4.912,-0.052196,2.8385,0.22935,1.1536,-2.5881,4.0031,3
1.2331,-0.69312,2.7409,2.0076,0.5246,-2.0308,5.8739,-0.16397,1
2.5106,1.7532,1.0814,3.0833,-1.6329,-0.25288,-3.5073,2.5987,3
-0.11056,-0.85561,-1.9663,3.8762,-0.56923,0.062702,4.9553,0.15588,3
-0.94505,-0.70818,2.1262,-1.1892,-1.8892,5.1153,0.14612,-1.1668,1
0.047889,0.067512,0.14292,-1.1873,0.16359,-1.4212,-0.83289,0.15062,3
1.5836,-2.3605,0.81713,-0.40256,2.9188,-1.4004,-1.4545,0.19895,1
4.726,-2.5482,1.4928,-0.98467,4.6018,1.0214,-4.096,0.040445,3
-0.10161,3.4481,4.2635,-0.42939,6.4277,4.8131,4.6991,5.1389,2
-1.896,-0.68539,-0.96117,-0.8057,0.36074,1.8814,2.5028,-0.84791,1
-1.2981,-1.9429,3.1587,-0.46265,-0.17794,-2.4228,3.3352,1.6075,1
1.3021,-1.7461,-0.1677,0.89008,5.4437,3.7112,-0.17664,-0.69048,3
1.3713,3.4959,4.071,-4.3471,7.087,9.4424,-1.7122,4.2854,2
1.6018,0.64719,0.89025,-1.6467,3.4884,8.8231,4.3985,0.15026,3
1.7349,-4.5107,5.6397,-0.93819,5.4394,3.5766,4.0745,7.4297,2
2.5653,-1.7039,-1.6342,2.5322,5.0724,0.37105,1.8601,-0.079233,3
0.79547,3.3898,6.9775,-7.6068,7.2085,-1.9219,3.8045,3.0102,2
-0.67806,-0.24011,2.6247,1.0311,2.1068,-1.4628,-3.4242,0.94249,1
3.407,1.4831,5.4868,-4.8716,5.7982,9.0612,2.3866,5.1949,2
3.3291,2.5196,6.1658,-8.687,4.5141,4.2055,3.2786,1.9267,2
-1.5778,-2.5041,-1.2298,2.8049,-1.3722,-1.5377,0.090614,0.25946,1
-2.4317,-1.682,-0.064575,-0.47351,5.9178,-2.8056,2.3379,-0.22279,1
-0.33828,1.4078,-0.44938,-0.093148,3.6835,-2.9888,0.22455,2.2208,3
-0.5684,1.6817,-0.89749,5.136,-1.1699,-0.36194,0.48884,7.7075,3
0.000214,1.1335,6.2069,-4.2176,0.32072,6.2422,2.8839,4.309,2
0.41125,0.95496,4.6399,-0.17887,-0.7134,4.5981,1.0504,-0.31456,1
0.10118,1.6331,6.4275,-0.006974,6.3172,7.8653,5.1686,2.3043,2
3.1223,-0.23422,0.36967,-0.12496,-1.2359,-2.4228,0.80022,-1.3087,3
-1.5042,1.1506,0.20514,-0.41826,0.18384,8.5926,1.6349,7.4448,1
1.7389,-3.5044,4.498,0.8045,3.834,-0.63884,-0.76793,5.4947,2
1.8184,2.7975,1.7215,0.50831,-0.90399,-2.0867,-0.66192,2.6746,3
0.6659,2.4345,4.204,-3.1341,2.0543,2.4173,0.4347,6.8139,2
2.9128,-1.0655,6.996,2.5938,-0.7855,4.5935,-0.12564,3.3278,2
-0.9174,3.2117,1.0434,-1.2773,1.4689,-2.8286,-1.9647,-0.33403,1
0.66674,-0.4896,2.5752,-0.96372,-0.75705,0.40831,3.5653,-0.13622,1
3.09,-1.2874,6.459,-7.4229,6.7529,-1.7603,2.8358,5.0937,2
-0.51501,0.32856,0.25898,0.62181,3.5977,15.294,5.7662,-1.1791,1
-0.70195,-1.7893,7.8556,-0.48362,1.2716,1.9138,1.8712,0.19976,3
-2.3662,0.3848,0.032095,2.9735,3.0534,-1.8453,-4.1833,-0.86984,1
2.3962,0.92147,0.68494,1.6765,2.4493,7.3504,-0.36946,-0.002863,3
0.022397,-0.49444,-0.91584,2.2556,5.014,5.6082,1.9799,5.7643,2
3.4643,3.6742,-0.10892,1.821,2.7825,-2.138,8.1432,0.000734,3
2.1536,-1.8948,0.30214,0.95205,0.22758,-0.94852,-3.1981,0.036927,1
-6.0972,3.6847,2.6358,0.68808,0.24282,10.269,-4.6221,1.1471,2
3.1445,2.4359,1.9626,-0.29558,5.7642,3.3192,-7.952,7.9645,2
0.22689,1.1575,-0.42497,-0.99857,1.4842,-3.5849,1.858,2.5056,3
-2.1042,-2.0331,0.57186,-0.18841,1.5297,7.9594,-1.201,1.055,1
0.23161,0.18114,6.7361,-2.3137,6.2514,7.2388,-0.002406,4.9077,2
-0.26385,-2.5188,-0.16209,6.1757,-0.85994,0.36548,5.1984,1.9347,1
2.7557,-0.5007,-0.74597,4.8836,0.00537,-4.8002,2.2701,1.3465,1
4.0302,-0.95073,2.1157,0.11889,0.7596,1.693,-2.2111,-0.20924,1
3.562,3.1503,4.2034,3.1744,7.4098,-5.2944,4.4254,5.7604,2
0.14935,1.727,4.9713,-4.1407,4.8975,6.3303,-0.2646,6.3298,2
1.6872,1.4584,6.1594,1.2528,3.7608,4.0085,-5.4118,5.9264,2
5.9909,3.0222,0.036412,0.73291,0.34978,0.036912,2.202,-0.48926,1
-2.3717,-1.82,0.092123,0.77785,0.42743,-4.5945,-2.1311,2.0627,1
9.2136,-0.70279,1.0225,-0.77356,0.55035,-1.4971,-0.91376,4.9688,3
0.28535,0.24272,-1.2079,-0.47854,3.4065,-1.8177,9.6022,0.30349,3
2.2316,1.1029,6.9064,-6.5145,1.9386,4.7843,1.9535,4.4288,2
-0.54983,-0.7491,-1.3242,0.21996,-1.3749,-3.4775,1.7625,1.6121,1
-2.4285,1.6809,3.8699,1.6806,3.7379,3.2034,-0.70964,0.033216,3
3.1772,1.1132,3.0367,5.2449,0.11965,0.029829,8.0692,-1.1682,1
2.8384,2.5487,2.7888,1.2043,7.8066,8.4988,4.2549,5.6653,2
-2.1159,4.2389,5.3718,0.92929,0.66822,3.9119,4.7921,1.6374,1
0.15729,1.1428,4.7816,1.2809,-0.057697,0.21274,-1.1949,2.7523,1
3.1942,1.825,5.1523,1.2765,-0.47757,-1.1139,2.4887,1.5507,1
-2.7358,6.2616,1.3778,2.0902,1.1927,-1.1481,-0.73478,1.6292,3
-2.0875,-0.35984,0.7722,2.9221,-0.78867,1.6977,-2.5154,2.4785,1
-0.69816,-1.7437,4.4608,-1.1664,6.7095,3.4451,0.25496,7.285,2
2.5628,2.4821,0.95632,7.377,4.1096,-4.6375,-3.1977,2.5235,1
1.1254,2.1116,1.116,-1.4936,0.92804,3.8011,5.7194,0.84287,3
0.85473,-1.9626,-1.3766,-1.7187,-0.31511,-1.0333,-0.39049,1.5596,3
-0.04802,1.9363,1.7261,-1.0986,-0.040466,-2.0459,3.5499,2.0038,1
0.087418,-0.38826,6.1636,2.2086,7.347,6.9407,2.9513,3.7249,2
-2.1938,1.9554,-0.78949,1.3212,-1.4201,6.5653,3.0883,-0.80033,3
6.7928,-1.7717,1.7287,0.28921,0.7481,-0.68905,-0.15565,-1.4444,3
2.4559,1.9467,4.2516,-2.1428,5.3478,6.9281,-0.42193,6.0341,2
-2.0123,1.6914,3.7756,6.3278,3.977,2.9901,2.651,2.258,2
-0.6737,-1.2784,-1.4016,-0.55332,0.78725,-3.6251,-0.14883,3.077,1
0.042195,4.0503,1.2566,-0.28068,3.4072,-4.4462,-0.45515,0.93711,3
3.6779,-1.7322,1.1613,-0.79568,-0.43275,0.70533,1.8995,-0.5686,3
1.6995,5.6061,0.12255,-0.15545,0.83901,7.2755,-0.8861,-1.2753,3
0.53096,2.2035,7.3972,0.68434,6.6222,-0.62845,4.8885,4.4411,2
-0.71634,0.99636,1.0208,0.92701,2.1431,1.5222,0.17142,-0.6823,1
-2.9872,-0.031134,-1.4081,2.2382,2.1559,-2.539,-2.2994,1.7387,3
-0.16713,1.5821,5.5569,2.233,3.9637,6.0032,-7.8873,6.6495,2
-0.96647,-1.4397,0.21177,-0.98831,5.0034,-3.8681,2.5424,-0.12945,1
0.58752,-1.3979,-0.46391,7.8398,-1.0846,5.53,-2.0465,0.80105,3
-0.28285,2.3046,-1.4608,4.9541,5.2839,6.5876,2.4802,4.8872,2
3.3391,-1.3751,3.9925,-1.2137,0.2395,0.20063,-1.4281,0.12225,3
0.44733,-2.5274,4.5685,2.8375,-1.0211,1.0017,2.505,2.1973,2
-2.6734,2.8252,-1.6706,0.18721,-0.052097,-0.86431,1.1823,1.8238,3
0.56684,-1.2884,1.7445,-0.55709,2.628,6.8531,2.1712,-0.14342,3
1.0474,-0.81021,0.60033,4.1952,1.0117,-1.5697,-4.3832,-0.19055,3
3.8024,4.1601,-1.0145,0.84291,0.19042,-1.4323,-3.4739,-0.87687,1
5.0613,-2.1191,-1.3225,-0.27782,3.9405,3.3112,8.8287,-0.65639,1
2.0255,2.0194,1.8808,3.7722,7.386,10.868,2.5365,7.3258,2
-2.2187,-2.1205,-1.1165,-1.0827,-0.18958,-2.0491,1.0536,4.8076,1
0.20471,-0.062746,0.15417,1.3843,-1.0119,-3.073,-3.0142,0.82138,3
-1.2966,-0.61039,2.3349,0.63043,-1.1452,-0.76593,-0.99191,1.0945,3
0.80111,3.6667,5.9006,0.28711,6.8055,5.5985,2.7084,6.7924,2
-0.46828,3.4537,2.9527,-1.6647,2.5668,5.1165,-1.9079,0.27023,3
-1.4004,5.3519,0.96451,0.16263,-0.50175,1.5058,4.5309,-0.60585,1
-1.925,2.9397,2.9901,0.61621,6.1024,-2.5879,6.8348,1.2647,1
0.87884,-0.73561,6.6638,3.1417,4.5875,7.3076,1.0643,5.6272,2
2.8069,-0.18726,1.6087,-0.095953,-0.19395,-2.6179,0.099901,-0.56527,1
2.426,1.719,3.4889,0.22561,7.0083,9.6548,1.8892,4.7189,2
-0.3652,2.0649,-0.34171,2.2387,-0.78175,9.7077,0.36483,0.25652,1
0.60628,3.861,2.571,2.5903,1.7369,1.804,-4.704,0.1953,1
-1.9595,0.4487,2.8102,-0.29807,2.2943,7.4989,-1.7818,-0.24084,3
-0.89251,-0.11974,0.45922,4.2872,-0.16776,-3.1052,0.57692,-1.1518,3
1.9783,1.6513,7.0667,-2.8559,4.7304,9.8734,3.6122,5.3982,2
-2.1912,4.0561,3.7999,3.0814,1.6183,1.0466,3.3972,1.9894,1
-0.11064,2.7562,5.4961,5.0907,4.7085,5.2508,-0.29059,5.1185,2
-2.2097,3.5748,-0.82036,-1.2627,1.8845,0.72169,9.5726,-1.1551,1
2.1186,-0.24368,7.0504,-3.2613,5.8443,8.8045,0.67525,5.931,2
2.7544,-4.4759,3.9171,-0.77674,6.5528,-0.077751,-3.7942,4.1285,2
-1.2699,3.473,0.40926,-0.38744,-0.13491,6.9847,3.5711,1.6787,1
3.9963,-1.0577,2.9042,0.059388,3.8315,6.1904,1.6794,5.3455,2
1.456,1.3357,3.2712,5.3647,7.2738,8.4961,3.2531,4.0504,2
-0.067797,1.9084,4.6239,5.8421,6.4092,10.376,4.837,1.3366,2
0.32202,1.2624,4.0265,0.11667,5.4262,6.119,3.6103,7.4619,2
2.8784,1.1353,1.9505,4.1652,0.2881,-2.9291,-3.5671,3.7546,1
1.3141,-0.71113,5.466,2.4961,5.561,2.8568,2.1064,3.912,2
-0.017668,1.3553,7.2716,0.96724,5.3424,8.2208,1.1414,0.71797,2
1.4688,-0.79432,7.2634,5.5668,7.7315,6.8753,0.9523,6.3596,2
-1.1674,0.65352,4.1286,-1.0802,3.5998,-0.54398,-3.1142,-1.7576,1
-1.8742,-0.34849,-0.94296,0.0508,1.186,-1.0581,-4.2233,2.4292,3
3.642,-2.3183,-1.2678,0.75437,1.4536,10.813,2.2355,0.92861,3
-2.3688,-1.2304,2.4476,-0.1287,0.71863,-2.5766,-3.4956,2.9742,3
1.6738,3.1834,7.3401,6.4013,5.5623,8.9589,1.0319,4.9731,2
1.5058,2.0565,2.3433,3.1411,-0.31892,2.3977,-1.5165,-0.3545,1
2.0414,-1.6068,3.7375,-0.37171,3.6541,5.6774,3.1337,1.8217,2
-1.0925,-1.9781,-0.030572,0.96493,-0.87062,2.7405,-1.1901,1.727,3
-0.81906,0.59964,3.9681,-5.5499,2.3836,3.9365,3.492,7.104,2
4.3217,-1.5358,1.3164,-1.0264,1.5098,2.8213,-4.1481,-1.115,3
-0.7198,1.4095,1.3581,1.9865,0.3451,5.155,2.824,-0.47905,1
9.1731,1.3529,0.3422,1.7467,4.9029,-0.16342,-2.2188,0.19874,3
2.2534,-0.87734,1.9992,1.4959,4.2757,4.7833,-4.2059,-0.36318,3
1.4989,5.0565,1.3909,-0.30377,-0.71513,11.724,-0.11484,6.6615,1
3.1687,-0.85392,5.5817,1.2409,6.6666,7.6152,-0.078316,4.9149,2
-0.5434,4.3288,0.79834,-0.98801,1.7774,0.40462,9.0929,0.49995,1
-0.12674,-0.77633,-0.66216,6.7351,2.2125,0.90357,-1.1708,2.7361,3
2.2719,3.023,5.8406,5.5892,4.2084,1.4036,0.87998,2.9537,2
-2.1351,-1.7783,-0.68007,-0.36864,-1.389,0.15514,-0.20346,0.38104,3
-1.968,-0.66439,0.80027,1.5454,-1.4938,-0.18186,1.9691,0.71459,1
-0.46929,0.86236,5.1039,4.455,6.4688,7.8123,2.5037,1.2557,2
1.1765,-0.22346,3.1831,-0.65418,1.7762,4.4145,-0.24656,-1.7264,3
1.4435,-1.4137,0.70239,0.39087,-0.44084,3.7562,3.8455,1.4767,3
1.2507,-0.90396,0.18063,2.3172,-0.80231,1.1072,-4.9314,1.5023,3
-2.8612,2.1088,1.1858,0.49755,2.935,-2.6943,-2.1157,-0.87231,1
3.1616,-2.396,3.486,4.2242,5.8647,9.0615,4.1478,4.3219,2
-4.898,2.203,7.3974,2.4439,6.7123,0.72534,4.0133,3.8366,2
6.5206,1.2739,-1.3722,5.1035,-0.15686,-1.1204,8.3638,-0.38822,1
0.20253,1.7011,3.5917,-0.28619,-0.25377,-1.0042,-1.2658,1.1635,1
-0.57036,-0.003432,-0.95416,1.2467,-0.78242,2.9046,2.0573,-1.6108,1
0.58908,-0.80374,5.0148,6.6876,-1.6378,6.0184,-1.7841,3.7791,1
2.3718,-1.7574,-0.18119,-1.5115,0.035938,3.2957,10.822,-0.023657,3
0.044276,1.1499,4.3929,0.23098,0.50147,-0.9468,1.1195,-0.24942,1
0.67903,0.71972,6.8262,4.1956,3.6087,2.4309,3.4291,0.2983,2
2.9654,2.4512,6.163,6.7665,3.0299,-1.1484,4.5947,1.6874,2
1.1407,0.86731,6.9254,3.3197,5.6383,6.8704,-0.41552,5.6562,2
1.3884,1.4744,6.4915,-1.6554,3.2913,7.9141,5.0013,5.4507,2
-0.85508,6.1061,2.6435,-0.39793,1.1473,-3.6223,9.6651,2.4144,3
0.32405,-0.76533,2.5531,2.972,-0.48376,-0.78402,-2.5201,-1.3193,3
-1.8188,1.24,1.3199,-0.75671,-0.88599,3.0488,-0.97906,0.7205,1
0.71841,3.1708,3.9123,2.4557,4.4342,-0.81122,3.0943,7.2585,2
-1.6758,2.461,-0.98138,-0.24971,0.78751,0.077338,5.5,2.6278,3
-3.3589,3.0985,6.6972,0.39065,0.38801,8.8103,-1.1663,3.2735,2
3.31,1.944,5.2132,1.7259,7.3025,3.8725,2.7631,2.464,2
2.9559,2.0435,-0.095694,2.1659,1.6759,-2.1288,-0.71004,-0.33989,3
1.1305,-0.34501,1.2615,0.57016,3.4637,-2.951,11.102,1.2405,3
2.7534,-3.4777,5.7653,7.0364,5.1253,10.708,3.4612,4.9318,2
-7.8863,3.1513,4.4601,0.29554,2.7602,6.5399,5.2709,5.5105,2
0.3585,-0.53111,0.19528,-0.57316,-1.8277,4.0365,0.42933,4.2914,1
-2.558,1.5249,4.3196,1.719,4.2977,-2.4684,0.73781,6.5925,2
-0.71858,-0.18298,2.6803,5.3398,0.81551,1.4821,0.14084,2.6103,1
-0.68906,-0.3031,1.7052,-0.6365,2.3739,-2.6279,-0.78962,0.51654,1
-1.3897,-3.6972,7.872,1.7656,3.9424,8.7778,-2.6417,5.3814,2
-1.2932,-1.7189,-1.7916,-0.91995,1.404,4.3177,6.375,-1.1045,3
2.4197,0.054305,5.4944,-2.6256,6.6889,9.7167,3.9107,0.48495,2
-1.2775,-0.85879,5.3689,3.4478,-0.2756,-2.5698,-0.51521,0.1908,3
-2.2078,0.26797,0.14775,2.0895,-1.3224,6.2027,9.8319,0.51906,3
0.28212,0.14329,-0.65822,-0.31321,1.436,0.6209,-0.23306,-0.81071,3
-0.95337,-0.32197,0.33896,-0.18867,0.50773,1.2719,3.2737,4.788,1
-1.7308,-2.6487,0.65539,-0.38439,2.8862,-4.6734,2.1123,-1.4449,1
-1.8616,-2.7008,-1.333,3.6022,-1.6481,-0.97887,-3.713,-0.90662,1
2.3239,-1.0721,-0.99928,0.080333,1.7442,-0.10415,-2.0902,5.0428,3
-2.0053,1.4393,1.1135,4.6292,3.6241,2.9902,0.94094,-0.98572,1
2.1966,1.8319,-1.7364,2.0271,0.21917,-2.6226,-0.004039,2.288,1
-2.0551,4.9376,0.71792,1.5295,-1.5134,-4.5311,2.7141,2.2864,1
-1.2185,1.6076,-0.83218,-1.2661,4.1514,2.2996,1.8909,5.0278,1
-1.6996,-0.99953,0.49748,-1.331,3.28,-0.021238,5.2035,-0.51862,3
-1.1744,-1.5539,1.0002,0.26688,0.13738,1.4355,-3.558,0.58692,1
1.0139,7.3667,-0.54093,4.6895,0.48296,4.9749,-0.38948,-1.0105,3
1.7858,2.4547,1.5174,-7.9716,6.9106,1.1915,0.933,3.0042,2
0.39779,-2.3539,0.84235,5.1736,-1.2368,1.0051,-0.24075,-1.3548,1
-1.5889,-1.429,-0.72562,0.026828,-0.423,11.157,-1.8725,-0.57068,1
-2.1593,3.806,1.5839,0.67305,1.5719,4.2859,-3.9598,1.9197,3
-1.3707,-0.76021,-1.1367,2.2307,-0.70748,7.2611,-0.93754,0.053424,3
-0.93026,-1.1068,-2.0255,3.8141,5.7436,-0.71516,-1.3062,7.8331,3
5.1234,7.8525,4.1833,-0.6473,3.0532,1.9313,1.8025,-0.47521,1
-0.59094,0.47888,3.4294,2.1291,-0.8408,-3.7386,3.0958,1.1723,1
1.3648,0.79543,-0.44291,3.3069,7.1883,4.8608,3.7131,0.13658,1
-2.643,-0.161,0.66208,5.483,-1.0473,-2.6238,8.0826,1.9702,3
0.41302,-0.61722,3.295,-0.10506,0.24638,-0.96778,-0.35437,-0.88937,3
-1.4932,4.9647,2.0175,2.939,1.1404,1.0479,9.7113,1.8349,3
5.8869,-0.49336,0.73296,-0.20447,-0.74605,4.1031,-3.1687,-0.26942,3
-3.3716,-0.4575,3.9599,-1.8059,5.0665,7.6816,3.3394,4.6549,2
5.2294,0.66977,-0.90761,2.3693,0.57721,-0.60415,-3.8469,1.796,3
2.3154,1.6311,7.3957,2.0095,7.3937,2.3618,-0.54925,5.3306,2
3.6981,-2.1118,-0.4448,-0.69261,-0.57644,-3.2482,-1.5296,1.3684,3
-0.52831,0.53909,4.1948,4.2249,7.0766,3.5639,2.8578,5.0948,2
-1.7757,8.6571,1.0075,0.34886,-0.8055,-1.1067,-3.044,-1.4477,3
-3.8954,1.039,1.7142,3.2184,4.8253,1.1892,-2.0579,5.1908,2
-2.901,-0.93895,-1.8517,3.0439,0.63811,-4.2748,2.5316,-0.029678,1
1.3134,2.5365,0.3663,-0.8162,3.8345,1.6039,-0.52428,1.9763,1
-0.22428,-0.91477,-0.11107,0.88942,-1.2601,3.9351,5.6004,-0.7367,3
5.2622,1.7459,0.2131,-0.85584,-0.82338,2.6177,9.0064,2.7937,3
-2.4317,-1.682,-0.064575,-0.47351,5.9178,-2.8056,2.3379,-0.22279,3
0.73339,1.8857,3.6697,3.0514,1.9933,3.8725,7.5219,3.4431,1
-2.2257,2.9289,0.7421,-0.005068,-0.001205,-3.8379,0.86396,0.53503,1
3.1539,0.6035,6.1685,1.3329,4.9203,7.3221,-3.4053,4.6722,2
1.0152,1.2776,-0.61399,-0.38708,-0.4565,0.34754,-0.18284,3.2481,1
-2.8543,-2.0127,0.98134,-1.6698,-1.3007,5.2591,-3.3759,1.4314,3
0.66783,-0.8436,0.31709,1.7238,-1.1422,0.35853,11.052,0.17508,3
0.27711,0.64516,2.2841,5.6467,3.8103,4.6869,-1.6865,7.5164,2
3.0483,2.4417,7.2429,-2.7587,7.3411,5.6569,1.0752,5.7377,2
3.0208,0.65855,7.5784,-2.0545,7.0033,0.53817,2.3197,7.2142,2
-1.7198,-0.18702,7.2576,2.7338,6.2852,3.365,1.8231,6.5553,2
-2.9618,-1.7265,-0.35211,0.82054,0.17077,-3.1223,-2.749,0.49078,1
-0.74056,1.6143,1.0518,4.2291,0.073527,2.8333,2.5005,0.14655,1
1.6485,-0.97533,-1.1257,0.7533,-0.11986,6.8968,6.5713,0.62797,1
1.5557,-2.3416,-2.0172,2.4138,4.6796,8.9847,4.6481,5.8193,2
1.2665,-1.3618,7.5109,-3.6089,5.66,4.1128,2.1977,4.2797,2
-2.2405,0.77504,-0.50331,-0.13633,1.9099,4.2338,-0.53486,-0.95673,1
7.4334,0.97142,-0.55825,0.39911,2.4018,9.2097,-0.4164,4.2905,1
2.074,3.0215,2.6186,-0.63137,3.4162,-3.225,3.8803,7.4463,2
-1.9274,2.2623,1.189,1.2083,-0.23309,-2.0382,-1.2857,2.1259,3
-1.8513,-2.6692,-0.78379,1.9548,-0.77147,-2.7985,1.3855,-1.2906,3
-1.2392,2.7221,5.9585,0.94002,4.5172,0.57236,1.3273,4.9786,2
-0.6555,-2.5988,2.1209,-0.11363,-1.1248,0.55675,-1.4454,-1.3015,1
-1.2076,1.7444,5.0936,-0.25644,5.6357,4.2447,-8.4359,6.9044,2
-0.15929,0.27458,-1.013,0.45477,0.032848,-0.47611,-1.0764,1.4408,1
0.14347,3.959,-1.8511,1.1133,-1.596,1.9731,-4.4603,1.4327,3
1.558,3.9379,5.5955,4.0375,6.0706,4.0928,3.3908,-3.2407,2
0.25244,1.0675,-0.3763,2.8944,0.64122,-2.7169,2.4351,-0.15515,3
2.062,-5.59,6.4231,2.659,6.4184,6.0526,2.498,3.6563,2
2.0064,3.7495,5.9786,-6.0051,7.2312,5.5749,1.2527,4.3135,2
0.023401,3.5921,-0.4969,3.3848,4.4728,-2.4643,-3.518,1.1293,3
1.5637,-2.0591,1.1985,1.8333,3.2499,-0.76833,6.2444,-0.000296,3
0.86084,-1.6028,0.15305,-0.99495,1.2819,-1.5427,7.8103,1.1024,1
-0.84406,2.4475,5.6366,0.052233,-0.44208,-2.8949,5.4423,2.0647,1
-2.6718,1.9239,5.232,4.3483,3.0572,8.7341,-1.34,5.8862,2
-2.5761,0.59753,4.4259,-0.27862,-1.0646,-1.0532,4.1907,0.48514,1
-0.12338,2.3332,4.5158,0.75679,6.1665,4.2038,-1.3836,4.8604,2
3.163,3.8528,7.307,5.6204,-0.29009,5.5481,2.5717,0.16423,2
0.32823,0.33076,4.1099,0.19106,5.8799,8.3956,0.26527,7.1789,2
0.72131,3.8993,-1.4994,-0.51166,0.31888,4.5921,0.38495,4.4498,1
2.511,0.61752,4.971,0.95354,1.8444,9.607,2.2782,5.4131,2
4.1828,0.019982,4.3897,1.1939,-0.50616,0.92306,2.4181,2.4944,1
0.22967,-1.8521,1.1466,0.83282,0.97067,-2.0211,-1.6822,1.9079,3
-2.522,-0.25435,0.29125,-0.51022,0.54352,4.0861,-1.6461,-0.87643,3
1.3657,-0.16334,4.6946,0.78986,7.3069,5.5655,-0.33009,5.9505,2
-2.251,0.034506,-1.3052,6.2153,-0.63084,14.999,3.2259,-0.95553,1
2.1085,1.6413,7.1159,-6.4702,3.0655,1.2086,1.7917,6.9747,2
-0.82854,2.8163,6.9165,4.5785,5.5069,9.8798,3.911,4.555,2
-1.0732,-2.3798,-0.11372,-0.3985,1.525,1.9964,-4.3824,5.0029,1
2.7969,1.8606,2.8768,0.82849,6.5442,1.1421,-0.16785,7.4671,2
-1.039,3.0143,6.7099,-1.5795,6.8407,8.0497,2.2458,2.752,2
-0.5345,-5.1846,3.4586,-3.6641,6.5894,7.1392,4.9797,6.2584,2
-1.8667,-1.9585,6.1902,0.45052,3.8164,5.4574,2.7305,5.2413,2
-1.7651,0.56006,0.53256,0.41521,0.17812,5.0421,-3.8227,0.46593,1
-0.31256,-2.0652,-0.3643,-0.17782,1.7269,-1.6823,-0.45333,-1.151,3
2.3161,0.41854,3.687,0.085367,5.6112,8.0987,0.47653,6.3412,2
0.87267,0.53541,2.1887,5.599,4.2067,15.512,2.0303,4.3167,1
3.6246,1.9223,2.3859,-4.8419,5.8385,9.4791,-3.357,6.3293,2
2.2825,-1.0997,-0.45305,0.58445,2.7653,-1.3285,9.3014,-0.85697,3
5.7647,-1.6724,-0.4989,-1.0805,0.42279,-2.6032,9.796,-0.81063,3
2.0337,-0.25089,1.6362,-0.64877,1.4381,1.3786,3.3587,4.3785,1
2.4152,0.015659,7.1547,0.55116,4.4539,-0.4415,3.0258,3.6088,2
1.6508,0.10935,6.8081,3.2339,5.0026,5.4401,4.392,5.5123,2
0.45209,-1.9391,6.6117,4.4615,6.8088,6.1185,5.2384,5.2294,2
-0.71183,-0.60065,-1.7382,2.5345,0.34301,-3.1835,-3.5223,1.2806,1
1.0573,4.5777,-0.41493,1.6244,-0.93001,-4.8994,-3.9175,3.3859,3
5.9832,0.62141,1.668,0.97289,0.31551,-4.807,-1.7433,-0.98343,1
-2.2095,-1.8906,-0.53254,0.020693,-1.0779,8.1575,-4.0088,0.51261,3
3.1997,0.30667,0.77697,2.5893,6.1625,2.3888,-1.0474,6.1265,2
-1.3427,0.36471,-0.83713,0.51049,0.65427,5.4316,3.3425,1.3999,3
-2.3829,2.1045,0.38944,1.3974,2.0932,2.1417,4.3137,-1.5497,1
1.4267,-0.54187,6.4296,2.5231,5.854,6.0583,5.3645,6.3743,2
-0.96511,-0.081424,-0.10204,-1.7257,0.55626,1.2236,6.1644,-0.18467,3
-0.81702,-0.25485,0.82295,-1.2276,0.034085,-2.6081,-2.9834,0.38956,3
-1.249,-0.68229,-0.16273,-0.80306,6.967,-2.9306,1.3481,-1.2412,1
-0.24875,0.89469,6.2646,0.47733,3.4629,7.0807,4.727,3.7324,2
-1.7179,-2.53,4.0065,0.14131,0.91765,0.29766,-0.54811,0.62966,1
1.6447,-0.99658,-1.855,0.39678,1.7017,1.9721,0.014333,-0.65238,1
-0.71345,-0.67108,1.1338,-0.45772,-0.14437,-3.1201,-1.4509,-0.004782,1
-0.6528,-3.1319,5.7181,4.6781,4.1131,7.0378,-1.1731,4.1563,2
-0.15594,3.0127,8.8917,0.67883,3.3055,11.014,-3.2952,-0.63272,1
1.9109,-2.6331,2.207,0.21557,6.0246,5.7314,-2.2747,-0.064225,1
-2.2307,-2.1467,-0.58315,7.317,0.24404,3.1359,0.98386,-0.85487,1
-1.0552,-0.45051,-1.0738,-0.64781,-0.84085,2.5663,4.8827,2.8673,3
-0.62685,1.7201,0.38084,5.9085,0.008195,7.8013,-4.5475,2.5044,3
2.7,2.4475,5.452,-2.0265,5.8715,3.47,1.1141,5.9898,2
0.48072,1.5686,6.1898,6.0073,7.6556,5.7016,-1.3887,6.0571,2
1.9806,2.5104,4.2449,2.1933,6.1551,7.5292,2.6767,5.2349,2
-1.1916,5.1656,1.4098,2.471,0.44564,2.1135,0.44747,0.26586,3
-4.3215,2.3635,0.59532,-3.2733,1.1768,-0.64802,3.4754,6.4327,2
1.3001,-1.9725,0.12194,-0.4186,0.063601,0.66882,-1.8234,5.0855,3
1.1506,1.5699,0.076305,2.0376,1.7536,-2.9967,-2.1592,2.4207,1
-0.35804,3.062,3.2617,6.5024,6.678,6.0922,2.2307,6.4576,2
-0.60136,1.6699,0.36229,2.0224,0.76756,4.4601,2.0507,6.5455,1
2.0299,3.3474,5.0505,-0.58313,3.315,-3.2147,-2.1731,7.173,2
4.2258,-0.01208,-1.0281,4.3385,-1.5978,-0.12056,-2.6531,-0.36523,3
1.6214,-5.0163,5.1102,-1.2081,4.8137,5.6171,4.97,7.1259,2
7.4957,1.4397,-1.4009,-0.48577,1.3517,3.0005,-3.4222,-0.34084,1
1.0682,2.9194,6.9648,4.3969,6.3739,4.4999,2.4622,-0.97857,2
0.32773,-0.80903,-0.96212,-1.1251,1.7368,-0.94428,-4.9554,2.3558,3
-0.36429,3.1806,4.921,-0.446,2.1761,-0.31591,-4.2979,-0.018045,1
-1.7651,-0.10133,1.6669,-0.65067,0.32909,2.5984,2.9452,1.9446,1
1.7505,3.3223,3.2705,3.9594,6.0503,3.6058,5.2881,2.9377,2
0.68301,9.1115,1.2806,0.55541,-0.39193,3.7742,-3.4366,-0.61645,1
-0.58813,-2.0802,3.0894,-0.45315,0.000644,-1.211,4.252,-0.3004,3
3.1436,2.7588,-0.80167,5.064,-0.82887,-1.9384,0.98191,1.8577,3
0.71531,-2.5125,0.28626,6.6191,-1.5723,8.0836,-2.8642,0.57127,3
0.048659,0.88124,1.9074,1.2371,1.3297,1.1502,-1.3684,-0.796,1
1.6634,0.48482,-0.17694,0.73569,-0.32249,-0.14298,-4.487,4.7897,3
2.6192,2.8183,3.9575,5.4219,3.3066,10.279,0.34346,7.2917,2
-1.5784,-1.8776,1.7548,-0.66657,-0.01916,3.6698,1.8888,0.68698,1
0.88146,-0.36077,6.1946,-8.4265,4.2075,3.5676,-2.8235,4.5837,2
-0.56446,-2.2149,-0.66481,-1.5501,0.82872,1.3015,1.8247,-0.20681,1
-2.7407,5.7847,3.5138,-0.83346,-0.66573,1.5291,-2.3021,-0.65662,3
-1.4444,2.9207,6.2004,-0.061004,1.5141,-1.8401,5.2802,2.1639,1
1.2561,-0.91819,1.7297,4.0817,6.3168,5.7065,0.60143,7.5899,2
3.9815,0.21316,-1.4486,-1.0876,2.8685,-1.5532,1.4441,1.5836,3
-2.4964,1.294,0.22739,5.2495,2.6174,1.6152,-2.8405,0.67561,3
0.37267,3.629,3.4931,0.39117,1.4911,5.0295,0.37105,1.614,2
2.6952,0.58284,3.7145,-1.6193,0.10309,7.9979,3.196,-0.018313,1
0.99915,1.6404,4.9888,4.0481,1.3598,9.3003,1.1003,7.5539,2
3.3682,3.9117,4.5974,-0.006693,6.4898,7.8527,2.9401,7.5258,2
2.2806,-4.0297,3.3947,-3.3381,6.7431,6.2002,1.0803,7.8591,2
-0.12112,0.71219,1.5986,-0.54289,3.7043,0.31697,-1.6044,3.6411,1
3.1053,3.1647,7.8738,-0.86767,3.3678,9.1094,-1.8014,4.8857,2
-1.977,-2.4909,-0.69442,3.6598,0.53542,4.7905,-1.8116,-0.73491,1
2.0432,-1.8147,0.32052,-0.76873,1.7142,-1.6482,-3.14,-1.0542,1
0.85312,-1.5632,-1.6162,-0.9069,-0.73304,5.0089,1.133,3.313,3
2.6679,1.8899,2.1883,2.5702,7.7932,0.061444,-1.6647,2.7896,2
-1.4261,-1.9506,2.3459,0.31428,0.70552,-2.2907,-2.8354,-0.59101,1
2.6202,0.51086,1.2341,-0.59137,-1.5338,-3.3582,0.057295,0.62535,1
0.9231,2.1426,6.9885,-0.75299,-1.2067,-3.883,5.4739,-0.45117,3
5.9619,-0.60471,-0.35694,-0.19157,-0.96884,-1.6867,7.8521,-0.005236,1
2.697,-5.296,3.1876,2.7009,7.9867,7.7564,1.0852,6.5546,2
0.53585,-0.38004,-1.9804,0.97157,-0.13089,1.7102,-4.4016,0.49412,1
3.7958,3.088,6.901,6.6811,2.8211,0.34507,3.1077,3.3416,2
2.6829,0.42801,1.7675,0.17829,5.5936,1.4377,0.19235,0.12421,3
1.2038,1.5994,5.8889,5.1917,4.5812,5.2161,5.0075,2.5835,2
2.9185,-0.67469,0.37311,-1.763,-1.7721,-2.5344,4.2842,4.4206,3
3.8063,1.6115,4.4828,-9.801,5.1611,-0.568,-1.9611,5.826,2
-0.25871,0.33806,-0.17916,3.98,4.2336,-3.2358,-4.4142,-0.98952,3
-1.9712,-1.669,-1.2936,-1.2517,0.72558,-2.234,6.8235,0.7208,1
0.15463,-2.5015,2.7396,1.874,1.2913,-3.6918,-1.1229,0.13293,1
1.8389,3.3846,3.8127,3.6199,3.9349,6.0977,-0.77378,5.7807,2
-0.57915,0.74913,2.0008,0.55956,-0.49705,1.5795,2.7951,1.2502,1
-1.0938,-1.3424,-0.81196,0.25387,-0.4409,-1.8405,0.19925,2.7532,1
-1.6047,0.44173,-0.18237,5.3615,1.2233,-0.1337,-0.31345,1.1289,3
-0.65112,-0.33949,4.8043,-0.20531,-1.1857,4.0132,3.6866,-1.7647,3
0.39647,0.30653,4.9878,5.2305,6.3564,9.1559,0.11872,2.3006,2
-1.5852,-1.6446,-1.5872,-1.2307,0.12625,-2.2892,-1.1289,-0.78085,1
2.4729,1.4449,7.2217,1.1876,6.8445,-0.06512,-4.1301,0.85781,2
2.4469,2.9585,4.6738,0.25046,1.3017,5.6932,-5.1704,5.9303,2
0.85448,3.4594,0.019488,-0.62413,-0.90636,4.0919,0.72999,3.8395,3
2.5383,1.5455,4.0031,-3.2679,7.0054,-3.0015,2.448,1.3675,2
0.69538,0.46823,3.2945,6.0094,3.7227,-4.0477,1.7178,6.1016,2
-1.6713,0.61527,-1.6828,1.619,1.0616,-1.0333,4.5302,0.27581,3
-1.0525,-1.2559,1.2977,3.4649,6.5244,9.069,2.1794,7.7891,2
-0.44461,-0.97059,-0.68184,-0.34548,-0.87872,1.5979,-3.9481,0.11955,3
1.5027,2.3652,4.419,-1.7808,0.029417,-2.1696,3.378,0.74406,1
0.93132,-0.37465,-1.3498,2.8655,4.4002,0.72136,3.2546,0.81615,3
2.6652,-0.11173,-0.13431,-1.1339,1.197,10.955,2.2912,-0.94597,1
-1.4602,-0.94554,1.1789,0.30917,-0.91759,3.8435,1.8573,2.4969,1
-1.639,1.2265,6.8985,2.4659,2.4077,-2.1532,-1.7829,7.1468,2
1.4808,2.0564,6.3647,-2.9641,0.97884,2.2914,1.0073,2.9297,2
0.22186,0.636,1.928,1.571,3.4243,1.1506,1.4361,2.7896,3
-1.5469,1.5415,6.9536,1.3937,2.3203,5.8927,4.523,4.3723,2
-1.2596,2.1036,5.548,2.5992,0.21038,4.5105,2.8936,-1.1856,1
1.4239,-0.15096,1.4071,7.5564,-0.51912,-4.1209,-0.31114,0.075474,3
3.2752,-2.3002,7.8775,-5.2151,5.0265,9.1794,-1.8906,6.8969,2
-1.4388,0.3508,7.1651,1.4362,-1.0215,-1.6365,-3.2564,2.6737,1
-0.10061,-0.4486,5.6722,5.3157,0.6288,1.2095,0.74015,7.8219,2
2.0852,2.4194,2.1681,0.79731,4.9919,4.5719,3.4359,2.9237,2
-0.17784,-0.4161,3.484,-0.5485,6.2958,5.1637,0.61407,7.3148,2
-1.7462,0.40031,-1.4627,-1.3085,0.61101,2.1447,-4.1861,-1.0105,1
1.0093,-0.81659,0.28673,-0.38932,3.4667,-2.1978,3.668,-1.795,1
-0.34766,0.011092,1.0939,5.0874,-1.0315,1.1214,9.5256,7.392,1
-0.26314,-1.4847,2.5579,4.3408,0.76069,9.593,0.68495,3.4046,2
0.33561,3.5972,3.2552,-0.84617,7.6466,7.9917,4.7833,3.3858,2
0.39143,-1.2404,-0.053717,4.3157,2.2983,4.1058,-3.1974,1.5788,1
0.64677,0.20122,1.5459,3.9736,1.2462,6.9189,-1.1359,1.6893,1
0.99096,-0.59097,0.4885,0.79482,-0.65156,-0.76226,0.33409,2.3592,1
-5.5953,-1.7667,6.1216,-0.76563,4.3286,6.8874,1.3921,1.3136,2
0.22543,0.85303,3.6533,1.5234,0.14673,-0.49953,6.6169,2.0504,1
-0.17193,-1.9611,4.29,2.6731,0.21668,7.4424,-1.2793,3.3882,3
1.6134,-1.4462,-1.7063,0.15072,0.51216,0.64592,5.4354,4.7608,3
1.7604,1.8276,-0.16562,1.5782,5.282,-3.1809,0.67712,10.602,1
-0.35687,0.52953,0.74755,1.4234,1.2473,0.70488,4.8405,-0.57071,3
2.7631,2.6428,0.75176,-1.2517,0.70343,-3.5888,2.1101,1.9378,3
-1.5751,0.92004,4.7247,0.9196,-0.95389,-2.9333,4.684,2.7319,3
1.04,1.5845,3.7914,0.71159,3.7506,6.0735,0.92139,0.58778,1
0.95297,-0.038263,-0.3228,2.6692,2.9731,4.7397,-1.645,3.816,1
0.18795,0.63448,6.3484,-6.6758,5.3183,0.53008,4.0296,-0.14025,2
2.0699,0.86386,0.25542,-1.638,3.8126,2.7312,-2.1716,0.39068,3
-1.2272,-2.3548,1.2463,3.2147,0.49208,0.090779,-3.4291,-0.36374,1
3.6024,1.9651,3.6308,2.7713,2.602,9.2053,-5.576,3.7324,2
0.24664,4.4346,1.237,5.8257,0.11915,7.0771,10.71,0.56899,3
3.3085,-1.548,-1.0841,0.78656,-1.5942,-0.19986,-2.5228,-0.49672,3
-1.737,0.5372,1.1972,4.9203,0.79613,-1.3785,1.6024,5.3051,1
1.0792,-1.0998,-1.1002,2.5894,-1.1764,2.6562,-2.0904,0.61206,1
-4.1672,0.19143,0.74035,4.9999,3.133,-0.88474,0.61067,6.2885,2
1.6018,0.64719,0.89025,-1.6467,3.4884,8.8231,4.3985,0.15026,1
3.184,2.7435,-1.4911,1.5428,-0.24062,-1.9755,1.9821,2.2354,3
-1.347,3.3781,-1.229,-0.37035,-0.66125,6.2757,-0.75749,1.3329,1
-1.4573,-0.76475,-0.051764,0.32118,-1.4263,3.6518,-1.9307,6.1284,3
1.0815,3.7783,0.23596,3.7554,0.77944,0.068283,-2.8443,1.7519,3
-0.91622,0.35684,2.6499,0.86331,0.19482,-3.1327,5.1098,1.9257,3
1.1175,0.04033,0.17185,-0.21648,0.80242,-2.4792,-0.47674,-0.45556,1
-1.7293,0.50787,-1.2937,-1.1856,-1.1946,-1.4549,3.6199,-0.12174,3
-2.8718,-1.1556,1.1094,1.39,2.2164,-2.3576,-1.8567,2.2408,3
4.9059,-0.10267,-0.36542,0.74711,-1.8313,2.5234,-4.1008,1.2002,3
2.6693,1.3315,2.8545,3.4729,0.28111,3.5404,3.1078,5.354,2
-0.27725,-0.072527,1.6611,0.47503,1.8514,1.18,-0.14598,-0.33774,3
1.9342,2.8934,4.8638,-5.8065,6.6172,5.2811,-0.87861,6.9402,2
3.5482,-0.94288,5.6986,-0.44429,-2.0176,3.3047,13.763,0.17217,3
-1.0243,1.3882,0.11833,1.8428,-1.0215,5.4229,-3.6642,-0.30391,1
-1.2162,0.095021,-0.43337,0.98315,1.2269,2.2411,-3.0215,1.2383,3
1.3149,-3.8453,3.7607,5.9563,6.2076,0.70236,-4.275,5.8606,2
-1.6445,-0.74962,5.08,5.0191,7.253,10.233,2.7478,1.7698,2
-2.0268,1.1315,-0.78109,0.66841,-1.2368,-1.2321,-3.17,2.2074,3
2.358,0.59566,4.6497,-3.4074,6.2786,6.1398,1.4044,4.9703,2
0.8134,-0.94731,4.6238,0.015458,0.8138,-4.487,2.9289,1.7027,3
1.111,3.6503,4.3436,5.4838,6.6707,-0.45407,4.0728,7.2515,2
-1.406,-2.7344,0.6746,0.51217,3.1739,-0.7776,-0.051638,-0.32075,1
-0.61632,-1.1508,4.345,-1.4626,-0.084031,2.9713,-1.0237,2.7559,3
1.5254,1.7005,3.2451,-10.425,6.7666,9.1735,-1.1298,7.5251,2
-2.6637,1.8396,0.78847,4.0153,-0.69907,-1.0228,1.9012,2.5148,1
2.4118,1.2199,3.3525,3.0544,-0.5259,-3.5294,5.3383,2.8904,1
0.54413,0.94231,-0.45744,-2.9185,5.4653,3.0331,0.003631,7.1382,2
1.6844,0.47402,5.3163,3.5213,6.4713,-3.3225,2.5298,6.997,2
0.39941,-1.2047,0.65425,-0.11022,0.38666,-2.4145,-0.42896,-0.72345,1
0.57614,2.4469,3.5476,-0.33177,-1.404,-3.3387,0.58773,-0.24515,1
1.3933,-0.38711,-0.84528,-0.51739,-0.33844,-4.1615,-3.2603,0.86004,1
0.3274,-0.18315,-1.1212,6.2838,1.249,-1.8341,5.1208,1.9692,1
0.39504,0.17853,-0.54669,0.92998,10.793,1.0321,-0.50706,-1.0893,3
-0.36117,0.32482,3.3215,0.57359,6.5326,0.49322,3.2992,1.1327,2
4.113,-0.29203,1.2262,-0.65669,-0.66199,3.7929,0.55515,-1.4936,3
3.178,-2.1674,1.5169,1.2147,-1.089,-1.6638,-3.8031,1.0975,3
-0.88294,0.1443,1.0365,1.6883,1.201,0.267,3.7158,4.7551,3
-0.70497,0.41175,2.3361,-4.398,2.4954,-3.0687,4.9537,3.9988,2
-2.872,-0.398,-0.05744,-1.3461,1.802,-0.11992,6.1513,1.2662,3
-1.6326,2.7907,0.20013,2.8225,0.87318,5.0324,-3.4545,0.69798,1
-0.90556,4.4455,0.15752,5.892,4.0561,-4.7404,-3.9063,3.5252,1
2.4292,-0.90393,2.6287,2.5748,7.4768,10.329,0.80765,7.1621,2
-2.283,2.2493,-0.34909,0.48319,1.5371,3.7401,-1.0295,-0.49679,1
2.8566,-1.1296,3.3577,1.1931,6.6543,5.1791,2.2556,4.431,2
-2.389,-2.0356,-0.81141,5.5377,-1.9041,-2.1497,-3.4821,3.9006,1
-1.3056,0.94723,3.2777,-6.6861,-1.5027,6.3312,2.8204,1.8384,2
-1.6116,2.3056,5.9971,-1.6933,5.019,7.19,1.0043,7.5328,2
-1.5016,-2.2355,-0.31404,-1.3896,1.8366,3.2332,-0.019103,-0.52802,3
-0.419,0.84372,7.5248,0.015535,7.8972,7.7402,-1.887,6.3596,2
-0.85767,3.1929,0.014542,-1.0833,3.7624,1.5843,-0.55474,5.425,3
-1.327,-0.12109,1.582,2.2707,3.0966,0.29789,-1.02,2.1842,1
-2.2654,-0.68255,0.4047,1.9155,-0.80871,8.116,2.1615,1.0525,1
-1.2215,0.79113,-1.169,3.7045,6.3845,-1.975,9.4079,1.6908,3
0.75246,-1.8342,0.69762,-1.7399,2.4795,3.1157,4.8286,3.0967,3
1.232,0.78059,-1.8407,-0.61141,-0.67382,-4.6038,6.0966,-0.76482,1
1.7575,-2.2378,1.588,3.6669,5.4219,1.82,-4.2096,1.3806,3
0.75864,-1.8415,1.6185,-1.1974,-1.2898,1.6133,-2.1543,-0.38184,1
0.98321,0.14508,1.0033,-1.2272,2.5875,1.8172,-1.393,-1.5641,1
-0.31928,1.5357,1.856,4.3722,-0.19112,-0.37384,3.3008,1.5612,3
1.0747,-2.0091,-0.22698,0.6625,-0.73535,-2.197,2.2282,1.844,3
0.20749,-1.0628,9.1397,0.21798,-1.5913,3.191,-0.54948,1.0821,1
1.4076,3.8546,6.5792,3.3218,6.4384,1.3636,0.44078,5.7241,2
0.90966,-1.5942,1.143,5.3629,0.79949,3.2567,4.8129,4.6126,3
-4.9358,-1.3811,4.8786,2.8262,5.8249,9.2332,1.6637,5.2958,2
-0.10413,-2.0614,0.57467,-1.4664,-0.19038,-1.2914,-3.3879,-0.42712,3
2.7038,0.19021,5.6061,6.5565,5.7779,8.1467,4.7684,6.7945,2
0.82195,1.4488,0.89377,-0.6598,1.928,-3.8563,-0.6288,2.6003,3
-0.90203,-2.7121,-1.1171,0.90815,-0.81866,-1.238,5.9391,1.9346,3
-2.0754,-2.197,0.62106,2.2045,-1.1146,5.1976,-3.4517,1.9546,1
0.52642,1.5433,1.7733,5.3375,7.8706,5.8378,2.5404,3.8553,2
4.866,-2.4889,0.62659,1.76,2.3556,1.9507,8.114,1.2936,3
-0.5142,-0.97732,1.3218,1.0169,4.731,0.19179,3.4194,4.3302,3
1.8508,-1.6953,5.1485,5.1994,4.7433,7.5551,-0.098114,5.6802,2
-1.117,-2.4571,3.7297,-0.23364,-0.11912,-1.2256,5.2641,-0.98737,1
4.5447,1.5147,5.8271,2.0969,3.086,-3.7999,2.0924,3.6951,3
-2.1675,-2.4319,-1.6655,2.2958,-0.2732,-1.2689,2.7928,3.6132,3
1.6932,-2.6317,3.1076,1.01,4.9162,2.1475,-2.6902,2.674,1
-0.57133,0.73437,1.8186,-1.4092,0.7421,-0.88386,-2.5763,-0.64401,1
2.8662,-1.9252,3.2627,1.9891,6.8775,-1.0135,5.1204,5.7976,2
0.94149,-1.0454,-0.51179,-0.093429,2.5138,3.8182,3.9851,1.8367,1
-2.5078,-1.4926,-0.78746,-1.8702,6.7658,-0.52652,-2.283,2.0633,3
2.9141,0.99582,2.0177,3.4303,3.8612,2.6978,5.4969,7.0391,2
-0.51271,5.6177,5.1408,6.7681,2.1154,7.0345,2.8749,-1.3748,3
4.8968,-2.4166,-1.1825,4.0522,-1.2427,-0.92994,-2.9768,1.6608,1
1.2048,3.9416,7.0572,4.02,5.6317,5.5416,-1.8495,3.7302,2
-4.3881,2.3249,7.6708,6.7204,6.0303,-1.4163,3.6417,4.2853,2
3.275,1.5485,5.889,5.218,3.0108,6.3803,-1.0874,3.4972,2
-2.2958,-0.80265,-0.42094,-1.5584,0.35853,3.725,0.40054,0.45803,1
-0.33659,-0.79508,1.091,-0.17744,-1.8398,-0.27082,-1.0994,0.96296,3
1.4176,0.21107,-0.88435,-1.5925,2.3331,6.3446,-3.7901,1.2248,1
2.108,1.4252,6.8951,6.4137,2.4252,4.9046,-0.24637,1.3089,2
-1.5464,1.3419,0.95727,-2.4358,6.2933,6.5589,-1.7485,2.4304,2
1.6353,-0.53452,-0.97018,-0.62361,1.9589,-0.51699,-2.3623,2.1611,1
-1.2684,0.96846,3.4237,-1.7752,4.3412,10.602,-0.16036,6.7436,2
0.022559,-2.243,0.59545,4.5061,0.15448,4.2568,5.8799,0.12695,1
2.3351,1.7322,4.792,-3.0021,6.3958,8.6241,-1.3568,6.4801,2
-1.4629,-2.2283,-0.84665,1.6018,2.2018,1.0815,1.6233,2.0774,3
-2.4947,1.8465,7.5337,3.4447,-1.8448,6.3059,2.0066,6.6468,2
-1.6412,-0.24837,1.7119,5.3439,1.4508,1.814,0.35466,1.4079,3
-0.026554,-2.3987,0.90536,-1.0857,4.9119,5.8321,6.1541,2.0773,3
-1.3003,-1.9547,-0.11796,-1.9339,4.0183,-2.5775,2.3248,-0.995,1
3.1971,-1.8739,-1.4148,1.6024,-0.19381,-0.9262,11.452,2.622,1
-1.291,-0.056696,2.6708,2.0369,0.36776,0.020786,-1.6292,-0.70227,1
1.0266,-0.5904,-0.21177,3.3578,0.023446,3.2242,-0.21753,-0.040423,1
-1.9998,0.90034,2.4967,2.4467,1.853,2.2968,1.5663,-0.63445,3
-2.8177,1.3817,4.9182,1.2208,2.9518,-3.5197,0.096566,-0.8552,3
-0.94996,-1.1861,1.403,2.3744,-1.8363,-2.4474,0.62192,0.26078,3
2.3891,2.2687,4.3665,3.1708,5.1078,8.1694,-0.49703,3.278,2
-0.082652,9.2324,-0.90576,4.0747,0.14482,9.0726,3.6685,-0.44199,3
3.2565,1.3519,-1.508,2.0616,2.5202,2.2241,-0.75062,4.8551,1
2.9055,-2.298,2.2546,1.2137,6.1889,3.6419,1.9267,4.2422,2
1.3406,-0.80004,-1.3331,-0.44618,0.40745,-0.40141,-3.552,2.6811,3
-0.020498,3.0422,0.66617,-0.12587,-1.6843,2.3365,-2.6884,-0.99861,3
-1.7612,-0.52036,-1.7986,0.73128,-0.013629,0.069901,2.7796,1.04,1
0.8069,-2.8764,7.1956,3.3469,4.2822,9.6922,1.2783,6.8434,2
-0.88689,0.26979,1.7666,7.4476,1.2965,-0.13131,-0.59347,3.2196,1
-0.064635,0.83481,4.6064,1.4526,2.8559,-1.4031,0.41778,-0.15318,3
1.6647,0.41812,2.0573,5.3227,-0.35856,3.0853,6.4224,-1.7458,1
-0.1078,-0.66413,4.7277,2.0973,2.4359,-3.9617,1.5806,1.7207,1
3.2114,2.2359,-0.41855,-1.2401,0.754,-3.2393,-1.0762,0.34144,1
2.0718,-2.2332,0.051486,0.15555,0.7435,-2.0331,0.11739,-1.2632,1
0.98232,3.7479,1.0308,0.69288,0.6215,-2.7086,-3.4481,0.043048,3
2.0786,1.3612,6.4979,2.297,0.39955,8.4513,2.0504,5.1494,2
-0.69558,-0.84967,3.1136,1.0951,0.10111,2.8337,2.3871,2.1386,1
-1.5212,3.1535,-0.56903,0.31628,6.517,12.307,-2.8638,0.39827,3
1.6225,0.35551,0.42678,0.17935,-0.6471,-2.9925,-0.2098,-0.91373,1
-1.9514,2.2723,1.0385,-1.2861,2.7896,-1.6067,-4.0882,2.3832,1
0.86911,2.0124,2.3339,1.7609,-0.67285,-3.0747,1.3149,0.49147,1
-0.23802,-1.8989,6.3057,-0.68301,1.1838,-0.53984,-0.61659,0.56212,3
-2.69,7.1528,-0.084528,-1.7048,-0.19686,3.5246,-3.2625,0.054896,1
-1.7309,3.6995,1.239,1.526,6.1028,5.3702,-3.7717,1.9701,3
0.99848,1.4607,5.0358,3.6564,3.8087,1.0345,-3.7743,0.37509,1
-0.86632,3.378,-3.7539,6.5227,6.9828,7.705,-2.3109,7.5449,2
2.1137,2.189,6.0242,1.0734,6.6537,8.2329,0.60421,5.3646,2
1.1816,0.90904,-1.7066,-1.0403,1.6874,7.0604,11.204,7.2415,3
-1.3356,2.0201,4.3903,-6.4611,4.6183,8.8471,-2.4839,0.74796,2
1.8505,-2.4153,-0.94328,-0.43287,2.1829,-1.8293,-3.7812,0.57781,1
-1.4425,-1.6034,4.8295,-0.91245,0.64884,1.2973,1.3535,-1.3315,1
4.0821,-0.035235,-0.96131,1.2577,1.8832,0.019193,4.9596,-0.31585,3
2.8017,-2.0824,-1.7002,-0.3648,0.20825,3.2102,-0.42514,0.65667,1
-2.549,0.00106,1.6952,-0.31217,-0.52429,12.371,-0.94834,-0.71742,3
-1.1404,-0.47122,-1.4655,2.0146,-1.8839,-2.7765,3.9136,1.8619,3
0.89765,-1.1791,1.9739,-0.65929,-1.2848,0.78912,0.7917,-1.5786,3
-1.3462,-2.0364,1.0271,1.7846,0.071615,-1.1704,9.9385,1.7995,3
0.34265,0.08578,-1.4947,-0.80802,0.53802,6.9084,4.2456,1.3139,3
-0.97739,1.4295,-1.2347,4.1255,-0.9617,2.7428,2.4622,4.7167,3
3.1922,-1.2405,1.7561,-0.17224,-0.51324,-3.1949,-1.9691,1.6305,3
1.7481,-0.26105,4.8907,1.9703,2.1643,7.0184,-4.1484,5.5609,2
0.41247,-1.4,-0.41731,3.7929,-0.87573,-0.52884,11.168,1.7331,3
-0.29444,-0.64527,2.7231,0.094454,2.5261,-4.003,3.7529,3.5384,1
1.0803,-2.1298,-1.659,-1.1544,1.8746,2.8919,3.4956,2.8285,3
-1.8332,-1.184,-1.1768,-0.87871,1.8892,-1.8958,0.22118,1.9269,1
0.098167,-2.0932,5.1718,-0.70634,6.1864,6.9037,-1.2293,6.9884,2
-1.1617,-0.47135,-0.25097,-0.81174,1.9376,3.1674,-0.54996,-0.24937,3
-1.8105,-0.87687,6.5686,0.35293,0.71534,7.5431,-4.6186,-0.19255,3
-0.52232,1.1142,1.2321,-1.0119,0.54273,4.9261,-2.6614,0.24117,3
2.9127,-1.9991,-0.31161,0.81689,1.285,-1.3035,1.1078,2.7893,1
4.1828,0.019982,4.3897,1.1939,-0.50616,0.92306,2.4181,2.4944,3
-1.6376,-2.3703,1.8923,1.6002,1.8678,-2.7579,2.9239,0.6547,3
-3.5569,-1.7251,5.749,3.3498,5.0125,5.661,-0.89078,6.3095,2
-2.4734,-1.0446,2.3839,-1.7587,-0.22617,-3.2064,-0.040412,-1.3933,3
-1.018,1.2881,1.4233,1.0307,1.7969,3.1856,4.2696,-0.61381,3
-1.2395,-2.4733,-0.79392,-1.8427,6.647,1.1746,8.3953,0.23515,1
2.3159,1.0434,5.5054,3.0966,3.7573,8.6521,3.2785,1.6827,2
1.6696,0.26368,0.71669,1.9798,3.8325,1.5086,-2.5933,4.5223,2
-2.3944,-0.77022,-0.43813,-0.18723,-1.1613,-3.7584,0.48799,3.4592,3
2.3441,-0.5274,0.012084,-0.98323,2.2507,3.0865,-3.9977,-1.0542,1
-4.802,-0.22701,2.2691,4.4056,2.3041,7.8513,3.5549,6.6719,2
-1.017,-0.34574,-1.0385,-0.37161,6.1641,0.24517,3.3507,0.65936,1
-1.5221,-1.1219,4.0786,-0.30775,-1.5281,0.9807,-0.49392,4.5079,3
-2.5206,-2.0517,0.50357,0.24452,-0.22717,-2.879,0.26535,3.1477,3
-1.4247,-2.1772,4.4141,1.7557,3.6188,-3.5757,-2.3725,0.36037,1
-0.57588,-2.2709,-0.40241,0.66929,4.7858,-1.1539,-3.1248,2.96,3
2.2328,2.7975,5.9136,-2.8779,4.292,-2.5935,-4.1849,6.2136,2
4.0712,-1.8201,2.1118,1.6226,0.076966,15.426,0.91582,3.598,1
-2.0871,1.1439,1.9357,0.098288,-1.3356,7.1503,-4.2044,-1.1332,3
1.4389,-0.002872,2.8211,-0.67771,1.9069,0.80731,3.9477,6.1484,2
-0.23697,-2.3072,-1.1403,-0.073707,3.3232,-2.8729,1.4698,3.1009,1
3.9121,0.004433,4.3616,-2.2323,7.2796,4.8417,-1.6401,6.2679,2
-2.0194,0.62092,-1.3578,0.557,2.0581,-1.581,8.3188,0.23953,3
-0.32525,3.3311,7.28,-11.276,7.2536,10.682,-8.5749,3.1393,2
0.41046,-1.9097,0.66567,-1.4533,0.15189,-0.64633,-2.2618,0.3849,1
-2.5089,-0.40906,-0.4266,5.6402,-1.4255,0.11928,-1.4739,-0.23784,3
-0.10743,-0.64485,3.7019,2.3539,-1.083,-2.2532,3.4457,1.8294,1
-0.85525,-1.5757,7.1357,2.7529,0.89755,4.7387,-0.86159,1.4253,1
0.61411,3.4813,4.1304,-0.053411,0.96029,1.8784,-1.8008,-1.3888,1
-2.1873,-0.95606,-0.48321,0.6654,-0.63848,-1.1442,8.2785,2.2571,3
-1.6949,2.413,-0.83076,1.2582,-0.35232,-0.96877,-0.57731,-0.059692,3
-0.35239,3.535,5.4903,4.8803,7.0489,-1.7425,1.0765,5.6822,2
0.90933,2.6421,6.6255,-1.5279,5.774,2.4816,-0.95767,5.3819,2
0.186,0.62499,2.9491,-1.9442,-1.5684,-0.66391,3.3035,0.601,1
1.4625,2.3059,7.6901,5.0274,2.8824,1.7879,3.1838,5.0992,2
2.3189,1.5202,5.2029,-3.2176,4.6246,6.7588,4.6843,0.17673,2
-2.1497,1.0499,2.3746,0.5574,2.3633,-0.41049,-1.9115,-0.91703,1
-1.739,-0.007076,-0.12848,1.1294,-1.0739,1.099,-0.27158,-0.74446,1
-1.5126,-1.5491,1.9488,7.5767,1.518,1.5586,-1.9719,-1.814,3
0.097642,0.11979,6.2941,6.1182,3.4505,5.1129,2.4962,6.4103,2
-0.8332,0.19504,7.4385,-10.692,4.3435,10.341,3.2113,5.1146,2
1.0623,1.9832,2.995,3.5129,4.8873,7.1753,3.5293,4.338,2
-0.23946,1.6855,0.37907,6.8084,1.7297,0.6934,1.4181,-0.69923,3
-2.2131,-1.2137,1.2819,1.1087,1.9265,-2.1662,2.3999,-0.57111,1
-0.57475,-2.3137,3.3335,0.11988,2.3352,1.5508,-1.7323,-0.38549,3
0.50574,-0.31567,0.35627,0.40032,0.14706,6.1951,-4.4003,4.1425,1
0.91141,-1.6009,1.4507,0.75297,4.8478,3.6012,14.334,-1.3146,3
1.3409,-2.7738,3.8958,-1.0386,-0.001306,4.0935,-2.7396,2.8326,3
0.48583,4.6215,1.3566,4.5215,-1.7651,8.1413,-1.9678,0.47483,1
3.2838,1.3717,2.6595,-0.9026,0.36877,0.29405,7.4483,-0.058996,3
-0.92615,-1.3896,-0.80937,-0.70789,1.2146,-1.1037,2.8478,-0.4256,1
-2.8213,5.7695,1.207,0.22917,-1.1785,2.2628,-0.33594,2.7645,3
-0.93195,2.0976,-0.43939,-0.80952,-0.77653,4.4493,1.3748,-1.1165,3
0.83008,-1.5955,1.0116,-0.63909,-1.4824,-4.1782,0.54613,0.26936,3
-0.97768,-2.7385,4.8816,-1.1437,3.3862,0.4535,-2.779,-0.51585,3
-2.4979,-1.8784,7.0449,3.317,2.6267,9.2366,5.0635,7.5161,2
-1.6079,-0.44783,0.7262,-0.34096,3.966,0.84344,-2.8173,1.287,1
-0.71645,0.21442,1.5951,2.7228,-0.74943,-2.4933,7.9031,-0.52112,3
2.2624,2.9499,4.4683,-1.8114,5.0387,5.6043,0.43928,5.6124,2
-1.503,-1.7566,3.4063,0.81929,-1.0992,-2.8625,-2.2698,-0.46286,1
1.3339,3.9365,1.4293,-0.37269,0.79411,-3.723,1.7071,-1.293,1
-2.1298,-1.5533,1.7425,-1.903,1.5335,-1.2148,-2.9215,-1.2275,3
-1.2333,-0.47693,0.72337,-0.55112,2.3822,-0.012347,-0.56801,-1.7615,1
1.5275,0.9889,3.4431,-0.16697,1.5732,3.2626,6.5156,-0.86437,3
-2.6652,-0.16082,0.41022,4.263,3.4324,-2.2458,-2.5731,-0.94579,1
0.36964,2.0811,-0.89896,-0.41425,1.0808,8.9529,-2.2067,1.5534,3
-1.0639,2.6197,0.13017,-1.5267,1.0099,-1.9564,0.64486,1.0285,3
-0.10363,3.4772,1.4572,3.8521,1.5938,1.126,-3.2117,7.4052,2
-0.67865,-1.9739,-1.3316,0.69831,-1.0955,-4.4927,2.6102,-0.063264,3
1.3534,3.4916,1.2614,1.14,-1.051,3.5724,-0.10066,1.8938,3
-1.7782,-0.26643,0.99059,2.4471,-0.11739,-2.3194,2.8264,0.28392,3
1.4908,-2.0973,2.245,-5.0475,2.6758,5.7065,2.6583,7.3762,2
-1.6913,1.3446,0.16913,2.2826,0.24949,-1.7593,-1.8909,-0.59726,3
-0.66408,-2.0105,3.62,0.41906,2.7453,0.87592,0.628,2.9957,3
2.9175,2.1758,5.5347,0.90117,2.3256,-6.8876,-0.20568,2.7246,2
-1.2985,-1.2246,-0.78639,1.1722,-0.99059,1.8537,1.3937,1.1025,3
2.9534,2.7785,7.1929,-1.6696,8.0239,6.5129,3.418,7.4303,2
5.2614,1.0632,-1.5027,-1.0991,0.31437,0.76892,-3.5351,1.8983,3
-1.9023,-1.3072,-1.624,0.9606,-0.73379,0.39035,2.0393,0.96564,1
2.4577,0.75966,4.8962,1.3382,5.1584,8.7608,3.6621,4.4066,2
-2.071,-0.60215,-0.63435,0.092153,-0.85862,5.7088,-1.7238,0.63731,1
-2.5275,-1.785,-1.3135,0.7863,1.4124,-3.9432,-0.73977,-0.72741,1
-1.6942,-2.6748,0.24818,-0.38741,1.144,-3.5392,-3.9999,-1.7949,3
0.094851,-2.4687,2.5044,0.22941,-0.3045,-1.2516,-4.4997,2.9903,3
-1.8817,2.746,7.1525,6.3453,2.6613,9.4965,4.2383,7.1535,2
1.1558,0.27508,6.0204,-1.0951,-1.4334,4.957,-2.568,2.7175,1
-1.0613,0.20812,1.273,0.064828,4.46,-0.12275,-1.3323,1.3266,3
1.3568,-1.1881,-0.98935,0.025572,2.5424,-4.5199,0.45948,5.6182,1
3.3598,0.7669,7.1255,5.6652,5.3037,6.9541,4.7174,3.5716,2
3.6783,2.4911,3.6497,3.0084,6.7503,7.0707,3.0084,6.9167,2
0.59079,5.5231,5.831,0.46285,1.1748,-0.56399,-3.2991,0.41874,1
-1.5758,-1.9281,-0.46607,3.3242,4.2829,-3.384,8.5999,0.73255,1
-0.38673,2.4373,-1.0968,1.9806,-1.0024,3.0757,1.1374,1.4434,1
2.4367,-1.3947,0.95965,-1.7003,-0.72604,-2.0141,-3.6126,-0.9573,3
3.5389,-1.6262,5.2074,-2.9294,5.3747,7.6269,-0.41567,4.8702,2
-0.44931,-1.0003,3.4756,7.0328,7.0198,10.101,2.3694,5.4634,2
-0.86344,-0.091058,-0.36521,1.5952,1.7665,2.2435,6.7593,0.087706,3
-1.2185,3.0315,4.394,3.594,6.2365,4.145,1.924,1.5951,2
4.8505,-2.3861,4.5242,-0.67068,2.3644,-0.69166,-1.5447,1.9091,1
3.3645,2.3212,3.0664,6.679,7.1316,6.6593,3.2982,7.4586,2
3.435,-2.0345,-1.7154,-1.0194,-1.1722,0.74326,-1.5474,-1.1257,1
1.3953,-1.2975,-0.83162,-0.70947,0.66083,-1.59,-1.2842,0.33869,1
-0.099528,4.699,1.89,-1.4881,-0.26151,-3.1982,-0.8619,0.67906,3
3.3071,-3.8588,4.2739,-1.6694,5.9164,7.9945,-0.69184,4.9651,2
-0.49475,-0.3795,-0.16255,3.1601,1.0339,1.8782,5.495,5.031,3
-0.87462,1.1177,3.1091,0.07871,1.0566,0.76911,17.852,-0.42363,1
2.6826,-0.88271,1.5193,4.6033,1.9349,9.3854,-7.118,6.6147,2
-0.62494,-0.4584,1.1178,1.8471,-0.48209,0.79024,10.142,2.0193,3
0.87961,2.4898,7.273,2.6352,7.162,6.5525,2.7881,1.2592,2
-1.4804,-0.2138,6.2967,3.3114,5.4627,8.1305,0.62586,7.17,2
3.3452,-2.0571,-0.99891,1.3754,3.2903,9.4449,1.2174,2.0306,1
-1.1749,4.0368,2.3164,1.7547,4.2962,-0.47981,0.70141,6.7332,2
0.1665,0.60043,7.5194,-1.5929,6.4866,1.7024,4.0961,5.641,2
0.06729,-1.216,-1.2097,1.4458,0.96332,0.41176,2.4474,1.7939,1
1.2116,2.0289,0.68932,0.88844,0.61162,-2.5471,1.5355,3.0466,3
1.9101,-5.3385,7.226,-6.8126,3.8974,4.3065,4.2131,6.6089,2
0.53414,0.85593,-0.62173,-0.52491,0.53608,-0.085197,-3.5767,-1.0867,3
1.9123,3.12,7.3923,-5.9181,2.1619,-0.73078,-2.4937,7.8895,2
-2.3467,-2.5896,5.5959,3.1594,6.622,-3.156,1.4999,6.0533,1
2.3892,-0.26223,5.8441,5.8536,1.885,1.8665,1.4186,2.3668,2
-1.8471,-1.5467,-0.92844,-1.2377,1.3588,2.029,-3.8768,-0.27806,1
2.6067,-3.4136,4.9256,2.6837,6.0819,2.9319,0.72321,3.7865,2
3.4584,0.22888,-0.47717,-1.5514,-0.2787,-1.7624,10.794,-1.2053,3
-2.3645,-1.4323,0.58909,2.3854,-0.67527,-2.8501,-0.81758,0.19765,3
-2.0074,-0.83862,0.2954,0.50487,-0.6436,-1.0295,-2.3066,4.366,1
-0.90172,0.90032,7.6699,4.3665,4.8085,7.2332,3.2579,7.1062,2
2.045,-1.71,0.67941,2.6267,0.77945,14.439,7.5513,-1.7578,1
3.8671,-0.6522,7.1785,0.68278,6.1251,10.119,1.8176,7.0991,2
4.4508,-1.1143,-0.97796,0.50835,-0.65007,1.989,8.0833,-0.23214,3
1.0339,3.4684,2.8159,3.9045,5.2729,8.9873,4.7093,6.0222,2
3.1195,3.0929,5.9539,-2.4836,7.0368,2.8132,2.6895,6.3673,2
-0.086983,-1.2799,1.4408,5.4371,0.15127,0.35522,-0.44673,-0.05092,1
2.6281,-0.31943,5.3094,-0.3446,2.8933,-2.2994,5.996,4.7576,1
-1.5689,0.3558,5.4561,1.0051,-0.023305,-1.5136,-3.6316,0.88947,3
1.1386,2.2144,7.5454,1.2589,2.431,0.68545,1.2319,3.8541,2
-1.9538,-1.8537,5.5514,0.50814,2.3194,4.2779,-0.69804,-0.38062,1
2.5564,0.021975,-0.39697,-1.6521,-0.95481,-3.4793,-0.081533,1.158,1
-0.05918,-0.72103,-0.81323,0.59407,2.6454,0.87612,-3.7267,0.30355,3
0.56922,2.5432,-1.8214,-0.81998,0.04404,1.7046,5.5852,1.5185,3
-1.7237,0.089865,0.34752,1.172,1.1675,1.2546,-1.4389,5.6575,3
-0.47425,-0.033792,0.92835,3.7827,1.8618,2.9034,0.76355,-1.6276,1
-0.37997,2.4114,-0.77949,0.3343,0.43587,6.7857,-0.84312,-1.0438,3
-2.8215,3.5783,-0.76496,-0.77146,2.4807,-2.7601,-3.3501,-0.60175,3
1.1502,-0.83552,7.0224,-3.2581,6.6581,2.3862,-1.8755,3.1537,2
0.07498,-2.4804,7.6218,1.281,-0.036583,-1.1221,4.9523,-0.81575,1
-0.89312,1.5934,5.8739,5.5962,6.2071,6.3403,3.9243,3.4591,2
0.83112,2.903,0.99283,-0.80204,4.7312,0.38136,-4.0776,0.43605,1
-1.9712,0.27485,-0.2021,-0.022828,1.3606,0.57503,1.4169,2.5912,3
2.4762,0.062295,5.9669,-0.47505,-0.60499,4.2181,2.8474,3.0389,2
-2.6518,-0.74552,1.8511,3.2026,2.1205,-2.6957,-2.0421,1.62,1
0.57082,1.3437,0.96841,-0.041687,2.4965,4.565,5.0664,1.1926,3
-0.057121,0.68755,1.5957,1.6644,0.39013,-1.3361,3.9724,1.5897,3
-5.4915,2.5241,3.7789,2.9143,4.3079,-2.1509,2.7418,6.1202,2
0.74591,-1.4045,3.8235,2.2045,7.2209,4.9547,3.8586,7.3395,2
3.013,0.085897,2.9002,1.985,1.7875,4.8312,3.9759,5.5011,2
-0.022939,-0.57637,3.4128,0.40168,0.50896,10.388,5.3361,8.3129,1
-0.94704,-0.2562,0.31334,0.58146,3.9077,-2.262,7.1054,7.0103,3
4.5874,-0.98574,0.9226,2.9303,3.3012,9.1807,3.2501,0.8968,1
-1.3514,0.35385,3.204,0.79431,-1.1536,7.7271,1.6314,1.086,3
6.3932,-2.1765,3.366,0.95022,-1.4436,-4.4367,3.3699,-0.8607,1
0.5125,2.3408,2.1624,-0.57803,-0.91787,-4.2653,-1.2907,6.3409,3
1.1988,1.9208,-0.82422,6.5803,4.1632,6.0762,-1.4222,-1.6839,1
0.56144,-0.2447,0.22621,3.7573,-0.22658,0.53403,7.1457,1.2903,1
8.3545,-0.47315,3.3027,-1.2808,0.036782,2.5613,-2.3627,-1.0056,3
-2.2307,-2.1467,-0.58315,7.317,0.24404,3.1359,0.98386,-0.85487,3
-1.1268,-0.37692,2.0174,-1.2214,3.4261,1.2276,2.9851,-0.77849,1
-1.8722,0.60376,-0.096904,1.1995,-0.39892,-0.10974,-2.2507,0.59181,3
1.0493,-0.80902,-0.48262,-1.1103,3.3483,-0.29016,3.5622,5.7772,1
2.4566,0.55343,0.94337,0.19449,3.5498,7.0324,-11.441,4.274,2
-2.0768,-2.0682,-0.71726,2.3226,-1.2954,0.68087,3.4695,5.3624,1
2.4068,2.6342,7.5001,4.2595,3.8961,10.028,-1.68,5.2693,2
-2.0729,-2.0179,0.67869,2.1365,0.8722,5.2069,-2.1869,0.56666,3
-1.3526,1.0643,7.5449,0.56225,-1.0448,0.34934,-2.4525,-1.0782,3
2.6973,-0.066454,6.5301,4.6836,-1.8295,4.5053,3.7755,5.1329,2
2.6913,-0.64763,-0.79153,-0.074368,4.7034,-3.221,-1.4266,2.3685,1
-0.40407,1.1703,1.1509,2.3955,1.4297,2.0693,0.67593,0.61898,1
-1.1124,2.0302,5.7504,5.7399,5.6856,2.131,-0.12258,6.6935,2
-1.5691,1.1166,3.4267,8.0287,1.7154,1.9161,-2.6214,0.31759,1
-0.13058,2.808,4.8707,2.9491,5.1155,1.7745,2.0943,0.94416,1
1.5177,0.87291,-0.26132,3.3554,1.6792,-2.1023,1.1722,1.9761,1
2.2994,1.8385,3.1751,4.4571,6.8687,8.2037,2.9562,4.9697,2
-0.9456,0.70886,-0.39397,3.0274,3.5729,-1.67,1.1602,0.06564,3
5.3328,0.99341,4.3521,2.0058,0.63612,7.4625,1.4223,0.58271,1
0.75792,-0.16489,4.8251,5.4833,5.6752,9.9341,-3.9769,6.9742,2
-2.0405,-1.1214,5.7583,1.2845,2.4997,0.69457,2.4036,4.1998,2
2.0715,0.45281,-0.16384,3.2723,1.7568,-3.0376,3.0152,2.1018,3
-1.4957,0.85366,0.43972,2.7023,-0.93232,-0.021868,10.972,3.7424,3
0.91992,0.60372,4.6972,5.0261,-0.55383,5.9186,5.1809,5.6475,2
2.4024,-1.3879,2.9591,3.9314,6.6813,-4.0524,-0.23234,-0.94245,1
-0.62358,2.1701,0.00318,0.19695,1.4955,-0.65943,-3.2783,5.3708,3
3.1179,-0.011735,6.0362,4.1696,4.5903,9.6047,3.7393,3.1264,2
1.0287,-0.69227,-1.1869,3.2041,1.8003,2.153,-3.2036,-0.56426,1
1.8064,3.0942,0.79167,-3.2192,6.937,6.9967,-1.1967,5.5592,2
2.6805,0.70905,2.1772,-7.0867,6.5296,9.4328,3.7538,7.069,2
0.88878,2.2739,-4.3798,3.7827,0.88483,9.7254,1.5818,3.6504,2
-2.1159,4.2389,5.3718,0.92929,0.66822,3.9119,4.7921,1.6374,3
4.1378,-1.5244,-1.3145,1.3001,1.8046,1.0989,0.62003,-0.6685,3
-1.9245,0.50995,3.1545,3.5894,-0.50879,5.2384,-4.1507,-0.57151,1
0.15658,1.7957,2.877,2.6436,7.7748,8.6774,1.6553,6.016,2
0.28913,-1.9792,1.9087,-0.79084,-0.1448,1.1289,-3.4282,0.73429,1
1.6327,-1.8557,0.090147,-1.8934,0.90477,4.5672,2.9866,0.73829,3
-1.3041,-1.9515,-0.40955,-1.3908,0.81703,0.80552,-1.6963,1.0917,3
3.0987,3.8086,4.4164,-3.4222,-0.13252,6.775,1.6674,5.9725,2
-2.6709,0.96973,1.6112,-1.6678,1.2958,-1.8531,-2.6649,-0.50087,3
1.515,2.6376,6.6867,1.9246,6.2842,7.9575,-0.59644,6.3398,2
3.724,-1.3226,0.24489,1.1032,3.6935,1.4099,1.9022,-1.1257,3
1.6678,2.2837,4.008,1.7586,6.9938,8.498,1.6248,6.7802,2
-1.7811,-0.70488,-1.8166,1.7365,-0.63837,-0.21043,0.77559,2.4813,1
-0.45328,-1.207,2.5427,8.0585,1.7601,0.30943,0.96824,-0.84244,3
1.5128,-0.52078,1.8987,0.97093,4.6,2.5638,3.018,-0.29661,3
3.517,-2.275,0.89906,1.3107,0.4462,4.3239,7.7947,0.45858,3
0.60628,3.861,2.571,2.5903,1.7369,1.804,-4.704,0.1953,3
-0.86084,-1.2444,-1.2626,2.2032,-0.3257,2.7438,1.1146,3.9138,1
0.42189,-2.0111,0.43264,-1.358,1.3364,-3.8933,3.8752,-1.2261,1
-4.1018,1.9296,3.9471,6.3901,4.8511,8.9894,-5.6979,1.4133,2
-0.92265,-3.2864,7.0697,-2.6555,5.5001,7.0341,1.6741,1.4781,2
3.1579,3.6749,1.8904,5.6266,6.9799,7.1969,2.461,7.8124,2
-1.5332,3.2303,3.1447,2.4429,7.9415,-7.2139,1.6698,0.13857,2
2.0047,0.27552,-1.5863,-0.52369,-0.14436,-1.8359,-0.32484,4.7727,3
-1.4352,-1.8118,1.7611,-0.31927,-0.66961,3.0733,-1.5566,1.1802,1
-2.5359,-1.6337,1.5653,-0.94381,0.59277,-3.0939,-2.5991,-0.40423,1
4.9056,-1.4889,2.8563,0.56981,1.4677,1.2362,2.9841,3.1351,1
-2.8582,7.147,6.086,1.4058,-1.6488,14.584,-4.5536,-0.53219,1
0.87001,-1.6401,6.2893,4.5993,3.6478,9.7562,-2.9223,2.5372,2
0.84345,-1.3524,-0.43896,0.11745,6.1648,2.0208,5.2735,-0.096821,1
0.58912,1.9226,5.654,3.8343,5.1482,7.8873,0.12984,4.4434,2
1.3809,3.0124,5.3907,4.0755,7.0146,3.5131,-5.0668,5.4836,2
-0.30402,-0.51675,6.4011,3.9971,2.689,0.53147,-1.957,1.2333,1
1.8709,2.5634,5.4885,1.7377,3.456,8.7274,4.7434,2.4918,2
-1.9122,-2.3111,0.021601,-0.89903,-0.065785,2.1567,-2.9136,2.0896,1
0.61271,0.41979,-0.27801,-1.1973,0.53531,1.098,1.8659,-0.26603,3
2.4879,2.4709,-1.7619,-0.51713,-0.8984,2.4748,-0.42613,1.4259,1
0.67049,-3.2055,-1.4668,-6.0377,7.1375,5.3377,0.61431,0.78705,2
3.278,-0.28256,5.6847,-2.1092,4.8932,4.5311,-0.55082,0.70261,2
-0.18129,1.3513,3.9459,4.7083,7.981,4.4116,-1.609,-3.4887,2
0.28533,0.56551,3.0622,1.8709,1.8603,-0.87952,-1.0641,3.4653,3
-0.4359,-0.29758,6.6395,1.493,2.7064,8.0609,5.2183,4.8349,2
-1.4326,-0.95565,3.3365,1.7944,1.8144,3.8409,-3.4841,0.049166,1
2.9422,-2.8238,-1.1442,-0.30025,-0.47021,-1.342,3.4949,-0.76781,1
-0.23353,-0.28882,1.8051,0.62716,0.92887,4.8769,-2.0925,2.6928,3
1.9873,-0.27606,1.76,5.5232,6.9512,9.8294,4.3677,6.188,2
-0.082108,1.8543,5.2901,3.9965,-1.0803,2.594,-0.33049,4.2775,2
1.7232,2.7011,5.1716,-2.8974,5.3546,2.8908,3.429,3.8196,2
1.2576,1.2896,4.0122,-12.73,5.232,6.7856,-1.6766,6.7883,2
-0.21446,2.6466,-1.503,3.8777,1.8385,-1.3323,4.275,-1.0573,3
-2.3703,-0.68976,3.4115,4.2837,0.024768,-0.15791,-0.73762,0.014577,1
2.6094,2.1928,6.8563,-0.1747,2.256,3.8027,2.1422,5.2507,2
-2.3266,-1.3263,-1.2088,-0.48154,1.8265,-1.8155,3.2749,2.313,1
1.4913,5.7434,0.79348,1.0411,2.8243,1.4172,-2.1994,-0.011743,3
-0.29255,2.9441,4.974,-0.20799,2.5827,5.8707,1.7142,7.3296,2
1.7522,0.52808,5.3823,-0.92265,6.7623,-1.9283,3.3141,7.4766,2
-0.23702,-2.0407,2.1319,4.5189,4.5277,0.44676,-1.2193,3.4696,1
-0.67788,2.7638,4.1172,0.12656,2.6524,-2.6846,-1.0344,1.4812,1
1.0204,-1.4619,5.9366,1.306,4.0608,8.4517,1.8253,7.1349,2
-1.5065,-1.4212,-0.53159,-0.004572,-0.75347,-1.1212,-1.5535,0.93809,1
-0.14912,-2.3331,2.8191,5.633,3.4571,-6.5536,0.12517,5.3807,2
-0.44648,0.49553,3.2634,1.1651,2.6577,0.096986,0.44699,-0.93985,1
-1.1896,2.806,6.2913,1.804,6.2931,8.0415,-4.5143,5.1392,2
-0.8533,2.7221,1.5133,2.0512,-1.0168,-0.006646,-2.3665,-0.53131,1
3.0257,-7.9311,5.7739,-4.0529,7.5208,1.2881,1.7282,3.9702,2
0.11643,0.36695,-0.44717,5.1877,-0.18705,4.5369,5.5209,-1.0021,1
1.7698,0.56167,6.176,2.125,6.8281,6.9551,0.65181,6.4571,2
-0.36284,1.3802,2.1572,-0.76545,-0.92441,1.0691,8.2077,0.1076,1
-0.64425,0.72257,1.3856,1.777,4.2651,0.23489,-3.7729,3.0647,3
2.8773,2.4597,3.2314,3.1223,4.8588,6.6077,3.43,2.3796,2
1.5948,6.7439,-1.6802,1.7054,-0.65872,4.8855,-1.4363,4.6183,1
-1.2415,-1.473,2.9307,2.8121,-1.6343,3.0706,-0.27122,-0.25003,1
-2.2034,-1.7592,1.6442,3.9097,-0.60314,2.4434,-3.3431,0.13441,3
2.6248,-0.24531,4.1539,-9.6116,7.5349,-0.82391,2.71,7.3937,2
3.4323,1.4505,6.9614,-2.882,6.2899,-1.5094,0.061355,6.3722,2
0.53519,-0.36708,2.5019,0.20754,1.0205,2.6103,-2.4726,2.2637,3
2.1447,-3.1331,2.9135,1.0886,5.1896,6.8314,-0.27662,6.6868,2
-1.1221,2.887,5.1817,3.1994,-0.010216,1.2035,1.3452,1.7347,1
-1.1682,2.5321,3.3815,-3.0956,5.9824,9.9857,0.079558,5.6518,2
1.7455,4.6944,3.9468,0.3327,2.8059,7.1654,0.82646,4.0686,3
-2.1715,2.1339,-1.0774,2.4165,2.6262,-3.2258,1.5179,-0.39921,3
2.0262,7.0963,2.9684,1.9849,1.716,-0.43398,-0.002404,4.3511,3
-3.2501,2.8299,4.9756,5.5976,7.6286,8.4137,4.6446,6.8177,2
2.8033,3.5174,2.7099,2.6702,-0.6895,-2.4181,-0.23566,-1.1337,3
-2.4638,-0.45453,1.1757,0.85222,0.000689,0.76586,-3.1394,-0.5035,3
2.8818,1.8817,3.1145,-0.88588,6.069,4.8502,3.1459,6.5494,2
-1.0222,-1.9889,1.6749,2.9595,3.6443,4.147,0.2369,2.2273,1
2.5773,1.356,5.1667,3.0616,7.3245,7.9939,1.8669,5.7257,2
-0.50119,-2.473,0.40883,1.422,4.1008,-3.4532,-2.6966,-1.3848,1
1.7829,-0.52292,1.3353,1.1933,-1.2575,1.1142,-3.8307,0.91112,3
3.1873,0.40984,6.6167,-4.7849,3.6184,9.6223,0.69053,1.5797,2
2.3338,1.9663,2.7989,-0.14031,7.9206,-6.6028,1.7676,7.5331,2
1.1257,2.9352,0.5892,1.3551,-0.52275,5.9513,-1.8228,-0.65263,3
3.1432,2.2048,6.6819,-0.80235,6.4898,3.9868,0.98166,2.7973,2
3.0825,1.7326,4.1658,3.0209,5.1469,10.633,-2.2732,6.106,2
-1.3946,-0.28664,7.0866,-1.6744,6.8213,4.2513,2.0624,6.3478,2
4.9973,-1.6537,-1.053,-1.2965,2.3005,1.058,-3.3107,-0.27848,3
1.7396,0.25747,7.2836,-9.748,5.5047,10.928,3.9749,6.0642,2
3.308,0.23374,4.6206,1.5121,3.8189,8.6001,-2.1845,5.0061,2
-0.81965,1.4236,6.7865,4.2038,0.70333,7.2319,2.321,3.0652,2
-1.3991,2.238,0.13392,-0.39263,0.94248,0.94438,-1.2678,-1.1331,1
-1.8416,-1.1637,4.1272,-1.5211,-0.059772,-1.8874,7.0477,-0.47103,1
2.741,0.90277,7.1821,2.339,7.6711,-5.6288,-2.2493,-1.6765,2
2.9022,-1.2008,3.1718,0.73215,0.67729,6.0172,3.7189,9.3937,3
2.45,0.39294,-1.0954,-0.48298,1.0486,12.038,3.4995,-0.095545,1
-0.58513,1.6044,-1.3829,-0.81285,0.63489,10.785,0.96553,-1.6355,3
1.047,-0.82896,-0.10464,-1.6013,0.21262,-4.1853,13.946,-1.4898,3
2.9086,-1.755,6.8967,-4.9293,4.2746,8.3621,-3.3188,5.7604,2
-2.3303,1.0512,-1.105,0.93084,-0.36242,-0.044569,-1.4669,5.2578,3
-0.96922,1.5944,1.4533,2.1042,-1.4986,-0.63923,-0.85977,1.7768,1
1.1067,2.8454,5.2425,-0.53474,4.64,8.6446,2.5616,2.6296,2
-0.31437,-1.0272,4.9443,3.9747,0.38224,-1.2363,4.2614,-0.54601,3
-1.7961,3.7641,-0.44589,-0.71701,-1.2265,-4.3619,-0.27065,0.059101,1
3.0093,-1.6731,7.4726,4.8706,0.87635,7.8902,4.1527,7.0668,2
2.6947,-0.96002,2.6458,0.94235,1.6152,4.3734,6.1316,2.1019,3
-0.28326,0.90378,-1.6863,0.82935,-1.1699,-1.7213,8.2188,-0.10003,3
-0.26817,-0.76634,0.05995,1.5523,-0.89026,-0.002578,-1.9814,3.6599,3
1.6315,0.058953,5.7582,-0.061716,4.9789,6.5656,-0.36265,7.1253,2
0.19626,0.64158,0.59356,2.305,5.4706,4.7617,1.9828,5.067,2
0.86084,-1.6028,0.15305,-0.99495,1.2819,-1.5427,7.8103,1.1024,3
2.9989,-3.7072,3.8206,5.7917,6.2824,1.6583,-0.7697,4.9449,2
2.0718,-2.2332,0.051486,0.15555,0.7435,-2.0331,0.11739,-1.2632,3
4.564,-0.20734,-0.029485,-1.9826,0.31174,5.5784,2.8336,2.0337,1
-2.0012,0.056872,-0.19984,3.8402,4.1725,6.5881,0.19214,2.5466,1
-2.3977,0.32777,-0.97073,-0.29639,3.7449,-1.5743,1.5334,0.5821,3
-1.1877,2.806,0.47562,0.40124,-0.62677,3.8243,-2.2535,3.095,1
0.14089,2.393,5.5333,2.1967,7.6233,6.7381,-6.5089,4.9649,2
3.9112,2.6689,2.849,5.6144,5.0864,-10.227,3.4653,6.6015,2
3.459,-0.66838,-0.27884,1.8207,0.51376,4.1098,-1.6389,0.7081,1
6.6041,0.60758,1.6027,4.0858,-0.63996,0.68173,-3.1029,0.41288,3
-0.93828,0.47609,3.7956,-0.47207,0.22338,4.9537,3.1469,-0.83815,3
-2.8194,0.27118,-1.8812,0.29394,0.86051,5.5449,8.4506,0.97313,1
-2.33,2.5177,0.60011,-1.1231,1.5396,-3.7421,-2.0545,0.064763,3
-0.046206,-2.3039,0.53251,-0.17076,2.0964,-2.8953,-2.7915,0.67071,3
0.92728,-0.71469,-1.8488,-5.1279,5.2364,0.22692,3.7649,6.8541,2
-0.66876,3.0957,-1.5694,0.04876,4.5749,-1.4053,1.5047,-0.8057,3
1.3852,-1.3371,-0.26452,-0.14407,-0.098833,-1.7166,1.0724,0.77784,1
-1.9603,1.0089,-1.6726,6.6654,2.8904,-1.2821,-0.47048,2.314,3
0.33643,3.4322,6.5311,2.4751,6.1865,5.075,-4.2834,6.7583,2
2.7673,2.1641,5.1998,3.6967,4.4199,0.58356,2.1228,5.369,2
4.2245,0.96011,1.8254,3.5047,-1.9286,1.5391,0.44529,0.79116,1
-1.9989,3.4756,5.1319,5.8636,5.4949,5.5682,1.9561,3.5826,2
-0.63283,1.5216,0.63999,0.54669,-0.12543,3.5039,-0.93801,-0.56837,1
1.2886,0.79614,6.7453,4.3494,6.2896,7.6985,4.7803,6.1649,2
1.7491,0.40665,1.2878,0.23489,0.95775,-3.0285,2.5365,-1.3224,1
0.040318,-0.59406,-0.21261,5.6158,-1.3204,-2.8465,8.2024,2.6896,1
1.4696,3.1778,-1.0576,-1.6945,0.26027,4.2102,-4.112,-0.15192,1
1.8266,0.70412,5.2236,5.0948,3.1267,6.0088,2.6961,5.4086,2
2.948,3.0575,7.1368,5.9847,5.4847,2.9091,-3.2807,2.9242,2
1.9736,1.0719,6.1193,-6.8627,5.2275,10.435,-2.665,7.1159,2
0.00615,-2.6752,4.5412,1.635,4.0751,-0.25698,-0.63418,-0.64469,2
-1.6491,-2.748,1.6605,-0.59473,0.65147,1.7548,4.1205,-0.19318,3
-1.2107,-0.14906,-0.28402,1.0585,-0.42007,-1.3667,8.266,-0.76047,1
3.2068,2.376,6.5947,-4.5337,2.7726,6.124,3.9097,7.1328,2
-1.0398,-0.33053,-1.1782,3.0481,-0.9599,-1.3463,7.4791,2.2026,3
-2.3422,1.5285,1.7977,-1.0285,-0.36432,3.5747,7.7213,-1.0382,3
0.66681,0.3478,-1.2307,-0.32842,1.247,-2.2349,0.93849,1.5548,3
-0.52722,-0.24001,2.1286,4.4025,4.114,3.759,3.5541,1.9925,2
-2.2751,1.672,1.3889,-0.004096,-0.95628,5.3875,-1.2281,1.0583,3
2.5448,3.1597,4.3056,4.4494,6.9228,10.674,-5.926,5.5673,2
1.9539,1.9719,-1.2247,1.3425,0.15564,-1.0663,1.6564,5.9771,3
1.5228,1.8576,2.5558,-5.9179,0.91252,8.0567,4.275,5.9797,2
2.5418,2.3591,6.1628,3.5724,6.248,10.889,4.2608,5.8084,2
2.554,0.07138,2.4676,-1.1618,-0.82909,0.71852,4.9285,-0.86799,3
-0.31155,0.92596,0.71774,0.026492,-1.3202,-3.4289,-4.1036,0.40772,3
2.9511,2.3444,2.2792,-2.0071,1.6722,2.5343,4.373,2.9554,2
1.3457,-1.0364,5.697,3.7846,-1.0631,13.637,-3.5144,1.3612,1
-1.0034,1.371,2.5769,-0.57066,5.8624,5.7325,1.285,5.0931,2
-2.3119,0.10641,-0.8883,-0.69267,-1.0487,-2.5179,0.4981,0.66544,1
2.1701,3.4783,7.2277,-6.426,5.988,7.7384,-0.29279,6.3574,2
0.69754,0.59246,-0.73764,-0.72477,1.0476,2.228,-2.497,-0.045429,1
3.4418,2.493,7.0698,-0.72023,6.3923,-2.6669,1.011,2.7399,2
2.4868,1.24,4.2364,3.0104,3.5973,5.6058,2.7165,3.4449,2
-1.738,3.7913,4.8441,2.6869,5.0517,1.5179,-3.6648,3.6743,1
-0.86748,-0.24726,0.22283,1.9462,0.10248,2.1554,-1.2217,1.2053,3
1.223,0.81707,0.99961,2.3423,3.5348,0.081355,1.7652,-0.43786,1
-0.54419,1.3396,0.93318,2.7777,-0.77088,-3.294,0.87287,2.3532,1
0.12427,-0.55249,3.0695,-1.3966,-0.82191,-4.5697,2.0969,2.1324,1
1.5063,3.5395,2.693,5.4293,6.2894,9.8867,3.7308,3.1268,2
1.3472,2.9782,-0.3885,-1.532,-0.017315,-1.832,1.7508,0.038831,3
-1.2778,-0.21823,0.36964,3.2649,-0.24236,4.1342,-2.9522,1.8925,3
7.1241,1.7257,-1.8013,2.6336,2.6562,7.1642,2.3354,-0.008748,1
-0.46501,3.9767,0.30206,-0.025601,0.79874,5.447,5.8206,1.1114,1
-0.40991,3.9797,0.2915,7.6465,1.4984,2.8065,0.076027,4.7227,3
3.0166,1.831,5.9857,1.9279,-0.86288,7.8994,-0.068588,2.8337,2
0.52819,-0.52592,-0.91813,-1.7227,1.7266,3.1492,-4.1131,0.69984,1
-0.52351,-0.64712,-0.22843,-1.2344,2.1066,-1.027,2.2925,2.1702,1
1.9774,2.1358,7.7875,-5.503,7.2302,4.1223,0.9596,7.1562,2
1.743,-1.23,0.8631,-1.7224,1.8358,5.0541,3.6667,2.3934,1
1.4683,-1.9544,6.2146,4.7896,4.9618,9.023,-3.6466,5.2023,2
0.96366,3.0794,5.0585,2.7729,1.6367,8.4404,2.3511,6.9933,2
2.1817,3.4275,2.0081,5.9845,4.2544,1.4452,4.3059,6.3407,2
0.6822,-1.6122,-1.5438,0.39003,0.11467,0.10471,-1.6392,3.3135,1
1.2658,0.3239,3.7305,1.2188,7.3703,10.499,2.5603,2.2046,3
0.9185,-2.4157,5.7119,0.43334,6.9166,3.9878,2.7662,5.5899,2
5.3568,-1.2785,2.0228,-0.47471,4.7024,6.6833,4.0441,3.3925,3
1.1928,-0.5472,-1.9086,1.9087,-0.86005,0.83026,4.2842,4.0337,1
0.97586,1.2863,1.7019,2.4448,6.4951,8.9662,-7.293,6.1942,2
-0.69069,-0.34947,0.34918,2.5256,1.9505,-2.2454,-0.17759,2.2127,1
2.113,2.3551,2.3742,-3.7457,6.1961,7.517,2.4782,4.3249,2
-0.60459,-1.1076,0.21411,-0.11768,3.4477,5.7452,7.6019,0.49966,1
-2.4117,-1.7003,-1.3377,-0.74402,1.9107,6.9432,5.333,-1.4735,3
5.5369,-1.6021,-0.19562,1.8072,-1.3002,1.3964,7.2859,0.93685,3
1.3583,-1.7203,1.0698,-1.8874,6.2326,4.0029,6.6443,0.61311,1
-1.915,-1.4825,0.31743,-0.22526,4.1094,-0.30741,8.817,2.3006,1
0.10958,-1.4618,-1.1788,-1.0258,1.4112,6.0295,10.966,2.3299,3
3.1448,0.75419,6.6541,3.6236,2.8483,6.1859,-6.1877,3.2887,2
2.0074,2.0375,-0.58125,5.1654,6.4076,-0.39842,4.473,-1.886,1
-1.8887,-2.0233,-0.30492,0.58459,-0.826,-1.3681,5.4862,2.3557,1
-2.6184,-0.23881,0.48434,-1.2039,1.4664,-1.0206,2.5634,0.73412,1
1.1391,0.88591,-1.081,-0.67692,3.3926,2.3327,7.7619,0.92121,1
-1.1845,-0.94077,4.7894,-0.43553,-0.50511,7.8734,0.2866,1.5573,1
-1.9484,0.10917,1.382,2.3647,-1.6498,7.696,9.1588,1.9025,3
-2.6057,-0.42507,-0.94385,-0.005111,-0.40189,-1.0699,7.3845,-0.699,1
2.3745,3.0773,0.77562,2.1839,1.7567,-4.4832,1.8914,3.8829,2
2.8797,1.5432,-1.0173,0.36623,4.0165,8.3077,-1.0312,1.6145,1
2.0953,0.60608,6.3785,4.048,-1.9017,6.3865,2.9921,6.8378,2
-0.7085,-1.9533,-1.7533,1.171,-1.1762,-2.4824,-1.4285,2.9119,3
0.20524,-2.7903,2.4009,1.4426,-1.2247,0.15908,-2.276,3.7399,1
-0.26532,-2.9599,4.518,2.6394,-0.66693,7.7534,-2.46,0.056881,1
0.61937,0.56936,1.6803,0.099646,7.7719,6.8786,0.69666,4.2222,2
1.8535,-1.9164,1.5946,-1.208,2.4679,-2.7941,1.4065,2.0886,1
-2.0107,0.19697,-0.2917,0.87234,2.817,-2.8206,-2.7577,0.17064,3
3.1045,-1.8531,6.1001,-0.29852,-0.16553,6.1614,-0.93903,2.4855,1
-0.067871,2.5744,5.2376,6.8639,4.8106,-4.7553,2.7526,7.1659,2
-2.33,2.5177,0.60011,-1.1231,1.5396,-3.7421,-2.0545,0.064763,1
-2.0364,0.17062,0.72362,1.6833,1.8409,5.5597,-0.12609,0.14852,3
0.032003,-1.1314,-1.934,2.014,-1.6795,-3.652,-1.2043,-0.69546,3
1.996,2.9266,4.4036,0.14904,0.45854,3.6593,-0.14077,2.6487,2
0.49592,0.52421,0.022605,-0.94816,-0.18833,4.801,-0.17921,1.8372,1
2.7104,-2.8772,-1.3788,4.3271,-1.0462,-4.2371,-3.1303,-0.96671,3
1.4786,-1.8783,0.023654,-1.0425,0.09853,1.9629,5.8935,1.8596,3
2.2796,1.0782,3.7879,3.4544,0.79046,9.2594,-4.0352,3.5839,2
0.3307,-2.0226,3.7149,-1.546,1.9306,3.0814,1.5925,-1.5948,1
-1.904,1.3507,4.8575,-1.0479,0.1261,0.37194,-3.8263,0.7321,3
1.7334,-1.0155,5.7415,2.6498,5.1312,4.3025,4.0804,3.9434,2
2.8956,0.74644,5.9226,5.1535,6.8163,10.658,2.9002,7.2452,2
2.9443,3.5219,6.6325,3.7734,7.5614,4.2952,-1.1052,6.0089,2
2.1572,-0.38358,5.4156,1.9479,-1.5493,-1.5111,2.7747,7.6209,1
2.2275,2.8219,7.6065,0.42272,4.1612,6.6883,1.8316,6.3758,2
0.35313,2.1658,1.8945,4.4271,5.3503,1.5406,1.0558,6.407,2
3.106,-0.56934,3.3765,6.3197,7.0518,5.7276,-1.1625,1.7831,2
4.9973,-1.6537,-1.053,-1.2965,2.3005,1.058,-3.3107,-0.27848,1
6.2643,1.9364,1.413,3.4821,-0.40753,-2.0347,-0.91935,0.60727,1
-0.84921,-1.7993,4.5777,4.0619,7.9317,3.0201,1.1811,5.4349,2
-2.3509,1.6168,4.6712,6.7132,4.9305,1.7917,1.114,6.3555,2
-1.8896,-0.083234,0.45925,-1.6507,2.9465,1.5176,3.0123,0.94995,3
-2.9921,0.99277,9.0866,1.9382,1.2938,-4.6023,6.7723,0.85285,3
-2.3938,-2.129,1.7451,1.1905,9.7299,1.633,7.6466,2.5182,1
-1.3644,-1.6283,-0.81269,-1.7204,6.2486,-0.65313,5.6339,4.1263,1
2.8142,3.8932,0.13831,1.3505,1.6045,-0.12037,3.7075,3.2676,1
1.0891,0.87529,-0.2233,-1.6438,0.069193,0.27409,-0.80786,0.25895,1
1.3616,-1.2878,7.1462,5.8269,7.3677,-0.74505,-3.7912,4.2833,2
3.8034,3.0386,3.8917,5.2398,2.4972,0.57153,2.7004,7.3861,2
-3.0508,-0.54171,3.1362,0.38355,1.0497,-2.4082,4.3345,5.5681,2
1.303,-1.9071,-1.0132,0.99271,-0.38111,9.6358,10.703,-0.76004,1
-0.94119,0.73508,5.8491,-3.6777,4.186,4.4096,-2.0897,4.4562,2
-0.25361,-2.037,-0.50942,-1.3607,0.15782,1.4372,2.1364,-1.4419,3
-0.5823,1.4203,3.5406,-1.6393,1.7318,4.283,2.3324,-0.35595,3
-0.086029,-1.1708,3.5068,1.1783,0.64775,-1.252,-3.0782,0.7823,1
-1.2514,3.0883,-0.31938,-0.22373,-0.30003,-1.4511,-2.4892,0.17162,1
-1.9099,-0.36256,4.0112,-1.1387,0.77622,-3.8327,-0.85313,2.1101,1
5.4816,-1.5142,-0.27277,6.1097,-0.14358,-1.9562,5.0474,3.6969,3
-4.4509,-3.9747,6.2456,3.1375,7.1047,6.8719,3.365,4.964,2
-1.0268,2.1683,3.27,0.78543,-1.1255,-2.935,-3.2059,-1.2295,3
0.49253,0.33263,4.756,4.0843,4.8893,7.088,-2.6948,5.9129,2
-2.4117,-1.7003,-1.3377,-0.74402,1.9107,6.9432,5.333,-1.4735,1
-2.4348,-1.2941,-1.0441,0.31836,-1.6041,2.0813,6.2654,0.93592,1
1.106,-2.8997,6.376,-2.3313,3.0843,-2.8673,-1.2166,4.1426,2
1.1911,0.78062,2.905,4.1912,-0.12773,-2.0333,8.61,-0.37658,1
1.2922,2.6618,7.4125,2.8952,7.7985,6.234,-1.2633,4.3317,2
4.4683,-1.5796,6.7002,-1.116,5.366,-1.5366,7.1775,-1.2483,3
2.5768,0.70239,7.053,-8.2584,6.9488,9.4359,-0.051875,3.5314,2
-0.52046,-2.192,1.179,-0.34401,-0.84469,-2.1275,-4.6881,2.3068,3
-0.24009,0.71468,-0.34008,-0.99534,-1.5233,-1.671,-1.2065,6.2046,3
-0.63521,-1.5065,-0.12974,-0.71625,1.5249,4.4732,11.278,1.4424,3
-0.098238,0.52392,2.5062,0.9908,-0.28242,-2.1694,4.2174,1.0052,1
-0.20229,-1.4169,6.4938,5.297,2.0054,8.9985,1.6245,6.1284,2
0.57581,-0.13882,5.2753,4.9438,5.0525,6.6172,1.9541,4.034,2
-0.21544,1.3569,-0.4463,-1.4514,-0.15396,2.9577,3.8425,0.5432,3
2.6138,0.55582,6.1429,3.0386,6.9484,2.7403,3.5955,0.30454,2
-0.40924,0.5953,0.81551,1.8244,1.4504,-2.655,5.9568,2.0572,1
1.8265,-2.8972,5.0819,4.5685,5.9196,8.4247,2.8202,7.7319,2
-2.1155,1.2584,0.98669,-0.50363,-1.7299,1.7942,-0.84437,0.51134,3
2.9668,3.59,7.4516,-7.6063,6.9283,8.042,0.60701,5.4379,2
0.16809,-1.5368,3.2405,5.0135,1.7859,2.0946,-0.91001,0.47744,3
2.2786,-1.8037,-1.2101,0.30538,2.0817,-3.1316,0.2031,2.469,1
-1.8136,3.0363,-0.12898,0.91314,3.0353,-1.9005,-2.6773,0.98287,1
-2.3843,-0.89359,1.6045,2.2399,-0.56081,-1.9076,0.14677,1.9354,3
0.81082,3.5044,-0.50326,0.71113,-1.2071,1.887,-3.2595,0.045266,3
8.5192,-0.74006,0.9941,-0.48051,1.4684,-2.3206,1.2886,-0.92517,3
-0.8464,-2.2757,4.4981,0.59214,0.57265,3.7109,1.0963,3.4151,1
1.9018,-1.0627,2.0815,1.6652,3.0417,-0.85834,-3.7474,3.7497,3
-2.2075,0.59085,-0.71399,-0.14674,0.42599,-0.33721,5.5846,2.3914,1
-0.42688,-0.68609,-0.11235,-1.388,2.6794,-2.8621,-3.684,1.3304,1
-1.8293,-2.0679,-1.1663,5.0352,-1.7192,0.792,-1.7237,1.3388,3
3.0757,1.7612,4.5541,4.7838,3.3329,7.9328,-0.97835,6.8645,2
4.8047,-0.52045,0.04038,-0.19805,-0.14416,9.644,-3.7518,-1.3452,3
-1.1541,1.6351,5.0934,-0.19785,-1.0021,-0.40011,-4.8246,-0.019234,1
2.8395,-0.95568,6.9466,-1.5258,6.2197,0.79425,-1.1808,5.714,2
-2.0154,6.5573,0.6903,-0.49907,2.1889,-4.5965,4.038,1.866,1
3.0526,2.527,7.3949,-6.9897,5.71,3.5796,4.9711,6.1724,2
0.31301,2.2786,-0.43926,1.4651,-1.0739,5.0201,-3.5168,-1.2122,1
-4.742,1.083,4.7345,3.2136,6.3253,7.4047,-3.6811,5.1986,2
2.9537,2.8755,4.5514,4.0116,5.8972,-7.0899,2.1231,0.75524,2
-0.59147,-2.3112,6.5927,-0.19487,-1.7218,4.7827,-1.9069,-0.18287,1
-0.6161,2.4856,0.79652,1.4045,4.3249,2.5482,-1.8057,-0.23938,1
0.29495,2.5417,2.4975,2.7464,-1.8717,2.0087,-0.55331,1.2507,3
6.2409,-2.3579,1.0708,4.2678,0.094065,0.23768,-0.90392,2.6475,3
-2.3514,1.7779,1.3415,-0.053123,2.1007,7.082,-1.3664,2.0975,1
3.6077,-0.084131,4.4331,5.618,6.0071,9.269,3.2557,5.1493,2
0.60986,2.3875,2.0417,2.955,2.8383,3.8774,0.23236,6.6626,2
3.1654,1.7475,5.196,2.8942,-0.18908,-4.2687,-0.17416,0.47229,3
2.9144,-0.3943,0.25313,-0.84986,3.9881,2.7444,6.7614,-0.55817,3
1.5894,-1.0394,0.32775,-1.6299,6.3984,2.1574,9.4542,-0.27188,3
0.31687,-0.23729,7.2389,-4.3076,6.1225,0.8915,-2.1495,6.2424,2
-0.50677,-2.0053,2.0695,0.6358,2.9642,0.5165,-0.38004,-1.6899,1
-2.9907,-0.18716,-1.438,0.34151,0.37845,-1.1836,0.40698,-0.4069,1
-0.83032,-2.9849,-0.96161,1.3596,2.2246,4.3836,0.57021,-1.1203,3
-1.1293,-0.87159,0.12546,2.8449,3.989,1.2744,6.5483,4.3939,1
3.3108,1.3818,4.1547,-0.63728,-0.99379,4.6743,0.64053,5.2327,2
2.6651,0.74882,6.8153,2.0502,4.9581,10.782,-0.46638,7.0813,2
-0.26962,2.6391,1.7661,0.56202,4.0652,-3.8988,-3.5483,3.2225,1
0.13912,-1.2243,3.3559,2.4968,4.051,-0.20883,-2.6324,0.031842,1
1.1742,-1.4652,4.5872,-1.5396,1.5408,-3.0522,-2.9466,0.18015,3
0.20757,2.7056,1.422,-1.2357,-0.042868,3.0176,6.6883,1.5646,3
3.2075,3.427,3.6007,-4.9569,5.4222,-4.3432,1.8702,2.8107,2
-0.30623,1.0185,1.3603,2.1407,-0.8142,1.0052,-0.89879,-1.4538,1
0.072544,-0.73308,2.914,-1.4998,4.6389,1.7271,7.5821,9.3468,3
0.80101,-1.3884,7.3254,-2.5031,7.0859,-2.9007,3.6318,5.8175,2
0.80928,0.99203,5.0598,4.533,1.4956,5.5924,4.3287,7.3673,2
5.0294,-0.14378,3.3063,0.86306,-0.29233,-0.081573,-1.1697,2.3799,3
-2.5528,3.2682,6.5351,3.5151,5.7523,3.7793,3.3594,5.9886,2
1.8043,3.7284,-1.0645,0.9813,0.15833,-0.68824,-2.3871,-1.1088,3
-1.475,-2.236,5.3281,-0.31975,6.4452,6.0808,3.394,4.2802,2
2.6004,1.3177,1.4563,0.99713,2.4806,2.5446,7.0284,1.1263,1
-0.43536,-2.7826,5.0494,-1.1763,-1.3872,2.5451,7.5818,1.4737,3
4.57,1.1458,2.5899,-0.90064,-0.41456,-0.56862,0.29754,0.96818,1
-2.4026,-1.125,0.61138,1.0921,3.4493,-0.38553,-3.5914,3.1142,1
-2.066,1.9037,2.6208,0.18789,-0.60579,7.0332,-1.3503,-0.62832,3
-0.10755,2.4852,5.9959,0.7701,7.8076,2.8928,2.6843,-1.1588,2
-2.9891,0.97013,6.0723,-11.835,2.7355,4.289,-0.3934,-1.7416,2
-2.549,0.00106,1.6952,-0.31217,-0.52429,12.371,-0.94834,-0.71742,1
2.5066,-2.5316,-1.353,-0.20711,-1.0951,1.939,2.3413,3.3257,3
5.38,-0.67871,1.0154,-0.78022,-1.3669,2.688,3.6347,1.512,1
-1.6587,-0.9605,2.2059,1.1303,-1.4196,1.1998,-1.496,4.6151,1
1.9237,-1.2097,1.0498,2.3448,1.4041,3.7097,9.5046,-0.3486,3
-1.8983,-1.2174,-1.2311,1.078,3.3142,9.8711,0.29097,0.90963,3
1.4513,2.4713,2.9601,2.1114,5.4972,2.2158,2.3328,5.3456,2
-0.8078,4.3234,6.4095,-1.8907,-0.099144,-0.73266,-3.8898,-0.57656,1
3.5804,2.3282,6.0776,5.3834,6.5581,9.8503,3.8215,7.4601,2
-1.449,-1.0108,0.60733,-1.0714,2.3537,-1.0728,-2.3144,1.7189,3
3.5338,2.0736,3.8645,-0.11589,7.473,6.2097,2.1103,5.5436,2
1.211,-1.1198,-1.3848,-1.4246,0.24658,0.49849,-3.7931,-1.3461,1
-0.58761,1.8494,1.2134,-1.2199,3.5494,-0.62194,7.9395,-1.5761,1
0.36426,-1.2591,-0.15111,-1.3332,3.4184,-0.39607,0.27523,-0.52026,3
2.0138,2.2342,7.2451,1.6075,4.6265,5.5878,-0.47679,5.5374,2
1.7758,3.7787,6.1513,2.4258,4.4619,7.7888,-3.8721,4.4101,2
1.3899,1.4993,6.1457,5.0414,7.1298,6.3285,1.272,3.8786,2
1.0081,0.40656,4.6879,0.40353,5.6225,-7.1399,1.773,6.3822,2
-0.23127,2.3538,5.9879,2.7172,2.842,8.3446,-1.2576,0.7898,2
-1.5521,0.32303,0.8784,2.9965,0.2549,-2.0293,2.8825,1.5167,3
-0.76255,0.43218,1.1918,1.1587,0.84242,9.8054,5.0696,-1.9731,3
2.7412,2.8485,6.2149,3.0595,4.9125,-0.29329,4.0366,7.6121,2
1.8211,4.0455,2.8699,1.1421,1.6551,-1.5043,4.1344,3.9558,1
-2.4828,-0.19385,0.57837,1.7184,0.045985,1.2778,-2.3749,6.7441,3
0.87392,-1.9206,8.7922,-0.68849,-1.4216,-2.42,-4.4757,-0.7616,3
1.903,0.086829,-1.1489,-1.273,1.7186,0.43277,-0.22747,0.20655,1
-1.6755,-1.3209,-0.74331,1.3252,1.4867,2.3807,-4.327,4.035,1
-1.035,7.2604,-1.3275,-0.015484,3.0704,-0.75732,-2.5756,1.3173,3
2.6242,2.176,2.9933,-1.2726,-1.0972,1.86,2.6283,-1.2192,3
0.79005,2.9555,-0.46558,0.74644,2.1599,0.14388,-0.16735,2.7735,3
-2.5266,-1.3163,-0.24322,1.9616,0.3672,-1.0508,-2.6646,-1.2678,3
-2.6581,-1.3703,2.0002,0.45343,0.027943,1.1976,1.3687,0.27493,3
1.8083,-0.75459,5.8736,3.1629,2.0418,7.5824,1.5661,1.8351,2
-2.0023,2.9161,3.3958,-1.8746,0.88713,-2.3582,0.32377,1.507,1
-0.92991,-1.6099,-0.17653,3.9732,5.3311,-1.5546,10.167,-1.4828,3
-1.9645,1.3358,1.7636,6.9201,0.89793,-1.35,1.1486,0.14564,3
-2.4597,1.3468,-1.8608,-0.29418,-1.6879,-1.7237,-1.658,0.95012,3
2.6029,2.2152,6.1068,6.725,6.7865,-4.109,3.8434,6.5547,2
-1.2559,-1.247,1.4756,1.383,1.6284,-2.4109,-1.3569,1.2732,3
5.6486,-2.6125,2.0609,2.6136,1.2057,-3.2505,-3.3322,1.1977,1
-2.3444,1.5613,0.41305,1.7343,0.32754,-1.819,7.1638,2.5126,3
0.96797,-3.1985,4.4027,2.9783,6.93,7.3296,3.9424,2.2009,2
-2.2845,1.6514,1.9884,-1.016,0.69676,-0.15647,-1.2169,-1.5536,1
3.0668,1.1706,4.9641,6.1778,5.3876,6.9107,4.9426,6.2289,2
0.48637,-4.1321,5.5201,-1.7597,6.6492,7.4129,-6.4152,6.0374,2
1.5214,-0.49387,6.8107,1.8665,7.3648,9.0827,1.788,6.7586,2
3.2189,-2.9921,5.7112,3.6487,7.6029,-3.9048,-3.5605,7.8431,2
-2.0038,1.8839,6.3777,-0.91679,-0.37122,-3.4763,2.4561,0.89691,1
0.009328,3.9016,0.81485,1.51,-0.80883,-0.97504,-0.67381,2.8139,1
-2.408,-1.5847,-0.25999,1.1956,0.63533,1.0167,-1.8422,1.136,1
0.88617,-1.3467,0.22833,-0.079098,0.38699,-3.5247,2.3656,4.8344,1
-0.79974,-0.065082,-1.6303,-1.9682,-1.5999,8.6562,-2.8048,-1.5344,3
-1.2011,1.019,0.23296,3.6284,1.401,0.40914,-2.4768,1.7773,3
-0.65836,1.6685,4.749,1.518,6.9584,10.212,2.5939,7.6278,2
1.2495,3.6179,1.7267,-2.8757,3.5506,0.55255,-0.97019,2.3973,2
-0.61503,1.8514,3.5752,6.3626,2.9263,8.1744,2.5898,4.3745,2
-0.077415,4.3991,-0.049444,5.7033,0.3676,1.4731,2.6657,5.8735,1
1.9224,-0.61146,3.2933,0.24233,0.76458,0.94193,-0.62109,-1.3549,3
-1.6667,-0.32911,-1.6406,-1.6323,-0.07142,0.29774,-2.6139,-0.70391,3
-1.9484,0.10917,1.382,2.3647,-1.6498,7.696,9.1588,1.9025,1
-1.7612,-0.52036,-1.7986,0.73128,-0.013629,0.069901,2.7796,1.04,3
2.1654,-0.85515,2.4194,2.1975,-1.5657,4.3029,-1.107,3.1472,1
-0.028327,2.4261,7.0145,4.3783,1.7711,0.44954,3.3601,4.3312,2
-1.347,3.1577,4.6024,-5.2269,-0.11861,5.0577,4.1718,1.0184,2
2.7017,-2.2081,1.9827,0.79291,4.392,5.3907,6.6107,-0.081215,3
2.8238,1.4031,6.6133,5.745,5.5899,-2.9338,3.0145,5.2753,2
2.9455,2.1033,5.2216,2.7799,5.0496,6.493,4.4273,4.5305,2
-1.0719,-1.6739,-1.5173,-0.94123,1.1491,7.2619,-0.90534,4.3129,1
-2.0638,0.11308,2.7183,-1.4685,0.02529,-1.3441,-2.5256,-0.70975,1
-2.1709,1.1858,4.6413,3.5118,-0.59957,-1.8452,0.52323,0.28254,1
0.22142,3.0403,6.5745,-1.6503,5.8253,9.9937,-2.1898,3.5025,2
2.191,0.79268,5.7508,-4.5713,6.0241,9.3597,1.4397,1.5061,2
-2.3201,-1.3395,-0.1808,0.12126,5.1552,0.69334,8.7416,-1.2625,1
-0.46035,0.047089,-1.5085,3.914,-0.25308,6.2712,3.8866,3.1063,3
1.7156,-0.56671,5.7189,-1.4659,-0.24072,-0.12327,5.5582,-1.1333,3
0.1171,3.6245,0.38963,-0.16606,-0.20677,10.353,-1.9047,-0.20874,3
-0.1396,-1.0825,1.4149,-1.5718,0.32776,0.39328,-0.32852,-0.088097,3
-0.61742,4.9168,-0.87191,-0.87982,0.81258,-2.8634,2.4637,0.43784,1
0.72483,-0.11933,1.4326,0.32623,0.31243,-3.9826,-1.8817,-0.86795,1
1.5774,3.7703,-1.7477,-0.42164,0.55641,-0.79805,-2.4302,2.9412,1
-2.4265,-0.77828,2.7172,1.3052,-0.58094,7.5706,5.5679,-0.73017,1
5.5715,0.64885,1.9413,-0.47636,-0.38275,-2.9203,-3.0852,-1.8319,3
0.34196,-1.4802,0.87261,0.12295,1.086,-0.084201,1.9124,1.1758,1
-1.0274,-2.6189,1.8042,1.8556,-1.5918,-1.2908,-2.2362,4.7978,1
-2.3292,1.9586,0.039969,3.5903,3.6239,-1.3298,-3.5133,0.39405,1
-0.54505,-2.592,7.0114,4.2817,7.4281,6.2714,0.36096,3.3991,2
-3.9136,3.3948,7.5682,2.8756,6.9775,0.6156,-1.0586,7.0611,2
-0.48087,-1.1163,-1.6375,-0.46303,4.2454,-4.9038,0.35148,4.9737,3
0.86725,0.78698,-0.34221,1.7249,-0.43388,0.17748,1.9837,-1.0533,3
-0.43925,4.1197,-0.14865,3.9953,4.308,0.98661,2.794,1.9332,3
1.5375,0.50019,6.5849,1.0239,5.1642,-0.60127,2.8013,3.7955,2
-2.7047,-2.3415,3.099,-0.36791,-0.51029,-2.001,1.203,2.9219,3
2.0306,-2.3829,6.2827,4.4652,3.4496,-2.0233,3.7616,6.8792,2
1.9416,-0.70839,0.64526,-1.0063,-0.2738,-3.209,11.817,-0.41332,3
0.93556,2.3441,0.8689,4.1007,-0.86077,2.2463,-4.3259,0.78644,1
4.2688,-0.50474,-1.0395,2.0628,3.8456,-4.4608,2.8931,-0.023861,1
-2.4265,-2.4862,1.5781,-0.060602,2.2906,1.1831,-1.3565,1.0819,3
-1.4472,-0.8131,3.2906,-0.30356,3.1841,-3.9634,-2.4058,0.076951,1
-2.9977,0.99308,1.5577,0.8167,-1.1274,3.7257,3.3039,2.6896,1
-0.87743,0.31504,-1.858,2.8129,-1.2015,3.5285,1.2189,1.5344,3
1.3985,0.99221,1.5595,0.77793,2.6745,3.8774,-0.62825,5.048,3
-0.5282,0.25854,0.84026,-1.8686,1.2228,0.092857,0.95588,4.3885,1
-0.48401,1.481,1.845,-0.69651,1.6903,-3.0108,9.131,0.080868,3
1.4453,2.2362,6.5758,3.6899,5.5829,6.0419,0.18118,4.782,2
2.1619,4.5672,-0.002534,-0.28499,-1.8149,-3.9124,1.32,-1.3709,1
2.907,1.4371,5.0248,1.503,-0.26276,-2.252,3.7253,0.18426,1
-0.50645,3.746,5.9994,-4.064,4.3316,4.6738,1.8689,6.1775,2
2.0296,1.7925,1.8686,3.8363,0.27747,5.4948,0.56222,4.3009,3
3.6981,2.5518,3.4016,5.4843,5.0484,-5.6921,-3.0879,6.681,2
2.9511,-2.3224,5.0087,-3.8917,6.4871,7.2945,3.2441,4.6245,2
-0.23388,-0.87717,2.5535,3.5297,-0.7635,3.0539,2.255,3.2909,3
2.962,-1.8825,5.2751,-1.5212,4.9936,-2.1344,-2.9054,6.9208,2
4.2235,0.9479,-0.45805,3.1041,-0.15294,2.9213,0.45366,-1.5837,1
1.4327,-0.5171,-0.41489,4.5524,3.0709,2.0209,-3.1905,1.4604,1
-0.36741,1.4717,6.593,0.20264,6.9856,9.2769,1.2285,6.8557,2
-2.0187,-0.61946,0.30364,0.54561,-0.11863,-1.6224,-3.1377,-0.50579,3
3.2596,-2.0928,1.0838,3.089,0.11121,7.6593,-1.9509,1.0287,3
-1.0362,2.0188,1.2607,-1.3117,1.7247,-3.1202,1.1591,-0.55912,3
-1.8563,2.1404,0.50477,0.034068,-0.31673,-0.87128,-0.31858,1.6466,1
0.19307,0.18864,-1.2253,1.9158,0.55438,-4.4265,9.7237,-1.8657,1
1.0113,2.8546,1.9774,3.2338,4.8293,8.8013,-4.8458,1.4323,2
3.2372,1.7468,2.3758,4.4692,6.2947,9.9112,3.0223,4.8707,2
1.1259,-2.3839,0.2197,0.78021,4.2057,1.1606,1.8087,2.8093,3
-0.42061,-0.21661,3.9206,-0.35036,1.4537,-1.4195,6.6666,-1.2567,1
3.4783,2.7707,7.7576,4.9271,5.1483,6.8074,0.68216,5.0324,2
-1.7549,-1.4604,0.53817,0.31597,1.059,3.286,-0.26625,0.47518,3
-1.6999,0.84696,5.0772,4.5034,6.6503,8.9272,1.5898,6.531,2
-1.9245,0.50995,3.1545,3.5894,-0.50879,5.2384,-4.1507,-0.57151,3
-1.2741,0.68146,0.85106,1.2893,1.5134,-3.5721,-0.031713,1.2443,1
3.0417,1.3746,4.7539,-4.5863,7.2462,5.2811,-0.39035,6.8125,2
1.1965,-1.0434,-0.77392,1.2513,1.316,-1.5141,7.1284,1.386,1
1.6485,-0.97533,-1.1257,0.7533,-0.11986,6.8968,6.5713,0.62797,3
0.56266,3.4717,1.6578,2.2596,5.4429,9.682,4.444,2.6757,2
-1.0579,0.95061,-1.5882,-0.77399,-0.47067,4.3004,1.8135,0.21132,1
1.1117,-2.1517,-1.5317,1.376,0.25742,-3.1786,0.44715,0.046845,1
-2.2984,-1.0032,1.436,-0.24199,3.1122,-3.9662,2.1017,-0.43145,1
0.29946,-3.3912,6.1846,-1.3726,3.4637,0.14423,-0.44658,7.0541,2
-1.1783,1.6084,1.7273,1.1155,2.6637,-2.209,1.611,4.8183,1
-0.28499,-1.8617,2.5002,-0.42937,-0.73694,-2.5159,-1.1187,-0.78508,3
-1.3602,2.5479,6.0256,5.1148,6.6516,7.8,-5.5112,0.16755,2
0.29646,0.099149,5.141,0.72395,1.6526,1.5442,-0.03957,-0.88965,3
-2.0488,-0.72985,-0.37026,4.329,0.5583,0.71523,-4.4945,4.2141,3
-0.27444,-0.80277,1.6879,4.8905,4.0705,1.1646,10.085,-0.68516,1
-0.65581,-0.79895,2.8842,0.13589,1.6916,-2.4852,-0.60292,-0.90937,1
-0.67249,-2.0095,0.57463,2.0379,4.8653,-2.1615,3.0618,-0.37384,1
-1.9115,0.1116,1.03,0.31382,0.51179,-2.0056,4.1854,1.4475,1
1.1216,3.7856,6.4316,-4.0272,4.6171,7.9968,-4.2416,4.5731,2
3.6218,3.5901,6.0308,5.5554,2.8994,2.6335,0.75251,1.3152,2
3.4296,-0.16203,6.0784,6.4186,7.8191,5.9759,2.513,5.4325,2
-1.7216,0.064028,5.4713,3.5173,7.1016,4.9827,4.5644,4.6972,2
0.73068,-0.374,1.3196,-0.78175,0.26922,-0.20387,-2.5797,-1.6439,3
3.0186,-2.295,3.5408,2.2825,-0.038999,-0.90351,3.5112,-0.33155,1
-1.7973,5.3735,-1.3072,-0.86296,2.0477,-0.39061,-0.32101,-0.90573,1
0.0185,0.65703,3.6498,3.8056,4.564,3.839,1.9413,3.4437,2
-0.83084,-1.0043,-0.67563,-1.4678,0.54361,1.8979,7.2957,-1.7747,3
-2.0671,-0.56086,2.2726,6.7708,4.4054,5.0834,3.1193,2.323,2
-1.4945,-1.0314,0.73745,0.75832,-1.0658,3.0458,-0.68623,-1.7125,3
-0.039188,-1.142,2.7805,1.0361,0.33946,0.72786,2.9282,1.8291,1
1.4064,2.4045,-0.25606,3.1819,-0.57396,-0.73365,5.606,-0.72971,1
-2.3131,-0.79466,0.27862,3.6682,-1.3546,1.8331,1.3592,4.9256,1
4.0191,-1.5325,-0.021818,1.794,0.47129,-1.7642,-4.298,0.046789,3
3.8972,3.7235,6.3132,2.435,4.8486,4.671,-0.77032,6.4473,2
-2.2225,1.0783,-1.0734,1.8203,-1.9041,4.0749,17.051,-0.86488,1
-2.6361,0.012545,1.5403,1.6005,0.62674,6.5172,-2.1714,3.3812,1
0.57605,-0.1318,-0.61147,0.92421,-1.856,3.269,5.7139,-0.031703,1
-0.79313,-1.3354,4.8371,1.8919,7.4166,9.0063,1.4244,4.2537,2
0.28894,-1.5483,-0.26805,-1.7914,1.1621,0.53338,-2.9087,4.6827,1
0.55029,-1.8957,3.2962,-0.72218,-0.61399,-0.42431,-1.5624,0.45474,1
-0.26212,1.9441,2.1403,2.0116,1.8467,-0.70114,6.2244,-0.2512,3
-2.0249,0.035571,-1.4323,4.4771,5.7386,0.06745,4.7483,0.73797,3
2.2303,2.8962,4.9083,-1.5285,6.339,8.8005,-2.5554,6.9222,2
4.1243,-1.398,1.099,0.88785,-0.64919,0.25389,-1.7407,-1.8483,3
3.2734,3.5674,1.0328,3.8567,1.1209,7.5137,-0.96616,-0.16626,1
2.8047,3.5973,5.5877,0.4228,7.2708,8.5466,-1.6048,7.2347,2
-0.95564,-0.34876,0.948,0.046182,-1.4873,-1.4477,4.1292,6.7651,1
2.8703,-2.0598,0.53878,-0.34569,-0.72264,-4.7873,1.0196,0.14844,3
2.0477,1.919,1.7464,-1.3521,6.3023,4.151,-0.59916,6.4131,2
1.9028,1.6654,7.8393,4.9727,6.7471,2.4195,-0.64487,6.8664,2
-1.4569,2.0597,5.71,3.4029,6.0683,-2.3213,0.34643,6.4511,2
3.7129,-0.066385,1.8348,2.2279,4.1342,2.1136,1.0209,-1.1737,3
3.294,3.438,5.8869,2.3877,5.7451,7.8145,3.8262,7.9255,2
-1.7481,-2.5412,-1.4507,-1.0647,4.0646,-3.1681,-0.57161,3.0028,1
0.76596,-2.0132,-0.11474,-0.62006,2.2428,4.169,-2.8432,1.7807,1
2.544,2.502,-0.8586,-0.45558,0.10892,1.6576,-3.0601,-0.18102,3
2.4941,-2.2468,-1.0506,3.3384,1.861,1.3146,-0.51358,-0.62532,3
-0.74478,0.30422,3.2788,2.9963,-1.525,-4.1506,4.4333,0.90804,1
-2.085,-1.1236,0.82181,3.3438,-0.90111,7.4209,-4.5282,2.5084,1
2.6966,-1.4233,7.3766,0.58517,5.2929,8.5708,4.5014,6.6768,2
1.0792,-1.8604,5.9121,1.2636,7.2331,9.2256,1.2506,2.948,2
-2.2163,-0.74232,2.7324,-0.1869,0.79027,5.677,-4.3498,-1.2925,1
-1.9489,3.2727,0.11594,-1.9941,1.3319,6.0867,-2.6669,-1.0278,3
3.7918,3.5806,5.9191,3.6073,5.3118,6.8664,-0.62651,6.3783,2
1.0818,2.4137,2.2603,-1.1122,1.0527,-4.2078,2.7099,0.013926,3
2.3532,1.9267,5.3833,1.5593,5.1162,4.7984,-2.1168,3.2335,2
-4.2393,3.9188,3.2724,6.0678,6.3141,5.4938,3.0329,7.2343,2
1.2705,-0.42574,-0.32076,-1.6592,0.13767,4.7653,0.47391,-0.58216,1
2.706,0.72701,6.8476,1.383,0.34024,8.0821,-4.2474,2.0928,2
3.5167,3.1829,6.7734,-0.3327,6.5486,7.5965,-2.0267,7.496,2
2.5362,3.389,6.2112,0.80395,7.7081,5.1604,-1.0038,5.6158,2
-0.77786,-1.4621,0.57533,-1.2378,-0.61051,-3.8864,4.2042,1.6411,1
2.0283,2.5493,7.7708,3.1488,4.4621,-2.0927,3.8336,3.2071,2
-2.6649,3.1427,6.9276,1.3385,3.5882,-3.8628,0.96718,7.1777,2
-0.0334,0.6298,-0.040389,-0.80009,-1.6492,2.3309,2.2271,5.0367,1
1.6202,-0.52339,3.1942,1.4947,0.73652,-3.3496,-4.1506,-0.48992,3
-1.4464,-1.1432,-1.3359,-0.70833,1.1541,1.2303,0.13167,0.42552,3
-4.2561,1.8718,4.9719,1.2549,5.2573,-2.3871,0.91003,7.0558,2
-0.71465,-0.79436,-0.65526,-1.3049,1.0424,-1.8822,6.7828,-1.4502,3
-0.65776,-2.6206,-0.7663,2.1483,4.0298,1.257,-4.936,-0.88629,3
2.7593,0.089905,0.30895,3.1934,5.9232,1.5604,3.5038,7.2929,2
-1.1509,2.144,-1.4891,-1.9819,0.41888,3.5233,9.6513,2.4238,3
0.38026,3.7915,6.8527,6.0119,6.3076,8.9496,1.2237,6.25,2
-2.5193,0.69191,1.1657,-1.5636,5.4682,7.2894,10.365,2.3111,1
0.72061,-1.0279,2.893,6.6063,7.1534,10.189,-1.4817,3.2166,2
5.1479,-1.4926,1.9057,0.10376,4.2136,4.1828,5.491,2.2121,1
0.88474,-1.2979,-1.3506,-0.31661,-1.9694,8.1672,-4.8869,-0.90321,1
-2.0136,-0.74909,2.046,1.6216,2.5819,-5.0145,0.77745,2.6258,1
1.349,0.95133,-0.62686,0.46677,1.0371,-0.49773,5.4914,1.552,1
3.4673,2.1057,7.7149,4.7753,4.2306,10.506,-1.2676,6.7196,2
-0.34216,-1.9446,1.3513,-0.36216,0.54023,-2.218,-0.99466,0.030911,1
-0.25094,-1.6494,3.6364,1.1237,0.5216,-0.14609,-1.4813,-1.091,3
2.589,1.0569,4.6226,-6.5175,2.234,8.806,3.1742,6.7247,2
-1.1186,-0.97713,-1.8659,2.1444,2.6863,-2.7013,-0.48212,-0.97017,3
2.4155,0.27078,7.8933,4.2333,4.1903,5.548,2.0296,5.4116,2
-2.7296,2.0146,1.1831,-0.20025,-0.73658,-4.2098,-4.1062,2.0906,1
-1.7534,-1.8115,6.163,1.1802,0.90465,5.0312,-1.9009,3.2524,1
2.2122,3.6202,-1.1754,-1.3979,0.99774,1.536,1.9258,0.3212,3
2.5279,0.24645,4.5262,4.5858,4.1105,6.3306,2.4532,7.2269,2
2.8918,-1.2871,5.3968,3.1365,7.5253,7.2344,0.48113,7.8963,2
1.7595,0.81427,0.4498,4.3225,3.4332,-0.53886,-1.1272,-1.3967,1
0.9814,3.9233,6.7271,2.4577,5.0794,5.292,1.2206,5.165,2
3.4776,1.6176,0.94227,0.004815,1.0646,-3.7228,0.35899,0.034179,3
-0.47889,3.2094,3.6938,-7.2553,1.8933,-4.0173,2.2559,7.1766,2
2.137,1.2362,-0.59125,-1.7047,1.6962,-1.7714,2.9191,0.26692,1
-5.9859,2.1536,3.6928,-0.6763,2.246,1.519,-1.8681,4.1726,2
1.3826,-2.2375,6.9237,5.2231,5.2576,6.6159,0.27747,4.6469,2
2.3635,2.9845,5.4422,1.1246,5.2111,9.6353,2.6774,2.5704,2
-1.5055,-0.31824,2.9303,2.8407,5.259,-0.72578,-1.3824,0.37876,1
-0.44593,-0.18233,-0.24788,-1.6161,1.9569,-1.6438,-1.2042,0.19554,1
1.0484,-2.4417,-0.15383,2.1241,-0.82751,3.7969,-0.35722,2.4742,1
-1.5199,1.3122,-1.3557,-0.84571,2.8597,4.476,5.7928,-0.28245,3
0.67763,-1.8488,3.8378,1.9459,-0.88937,2.4903,-1.3912,0.10868,3
2.1155,3.9202,0.53271,0.59723,0.91626,-1.6095,8.6558,4.5625,3
2.3658,4.4162,0.64138,4.6501,2.9885,2.2097,-2.5191,-0.94586,3
1.1563,-4.0782,6.136,-0.43691,4.2636,8.637,3.5763,2.9684,2
-0.099096,-0.28103,4.7921,3.6921,1.237,-0.61718,-1.3426,0.003908,3
-0.37118,0.53841,6.5565,6.8221,6.54,9.6398,2.4543,4.1622,2
-0.24919,7.8375,1.5563,1.9188,0.094808,2.2286,11.223,-1.1937,3
-2.0349,2.0137,7.6002,0.33868,3.1143,8.4745,5.1358,1.4361,3
0.76093,0.31194,0.062343,3.0849,-0.12882,-3.4046,6.3667,-1.3533,3
1.1562,3.5912,4.1797,1.9101,5.952,9.4266,-0.81643,6.4933,2
-1.127,0.79785,0.2069,0.20571,2.0312,1.3397,-2.8854,1.3084,1
-1.4157,-2.6711,-1.1462,-1.154,-0.59116,0.033032,-2.2283,0.65116,1
-0.16295,0.42013,-0.48464,1.147,0.88397,4.3861,-0.5382,-0.1164,1
-0.76625,-0.28188,2.8161,4.2272,4.108,8.626,3.2669,1.5861,3
-1.7814,0.73658,-1.1192,0.77176,1.257,1.7373,7.1621,1.4477,3
-0.366,2.1756,0.78589,-1.7128,-0.38214,4.828,-4.1802,-1.0604,1
2.1183,1.4604,3.8164,1.1905,0.042797,0.011914,-0.1539,1.209,3
-0.76367,-2.5101,1.0567,1.609,1.6747,-0.42013,-4.8069,0.28229,1
3.3077,0.46068,6.7081,6.443,7.7317,10.32,1.3593,4.6365,2
-1.9795,-1.4244,-1.3083,2.5775,-1.641,-2.8887,3.2769,0.043452,1
5.2614,1.0632,-1.5027,-1.0991,0.31437,0.76892,-3.5351,1.8983,1
-1.7651,0.56006,0.53256,0.41521,0.17812,5.0421,-3.8227,0.46593,3
0.808,0.5322,3.9323,-0.097448,7.0153,-0.71886,-3.6618,-0.98936,1
-0.53435,0.76919,-0.15424,-1.4531,0.95678,-3.6927,-2.9881,3.3234,3
-0.7043,-1.4963,5.5569,0.74229,5.048,9.3776,-4.5861,3.419,2
-1.1528,0.19443,2.7505,0.55109,0.65685,0.41584,3.882,2.073,3
-2.4836,0.2825,1.0348,1.3259,5.538,-3.943,4.3647,0.081569,1
0.24069,0.8331,5.4058,0.94642,7.0405,7.7027,1.3743,6.8186,2
-2.0369,-1.8454,1.0057,3.3504,0.094647,-3.6686,0.5854,0.23541,1
0.60561,0.64141,5.3988,0.12004,6.2012,10.04,0.80027,6.7754,2
0.74933,-1.937,-0.036015,4.7853,2.3531,0.76145,-3.4396,-0.65956,1
2.8272,3.5718,6.8642,4.4325,4.2313,10.07,4.8962,7.363,2
3.5066,-0.68806,-1.7442,-0.16598,5.4922,-3.1673,-0.25037,6.1149,3
0.30942,1.0691,-1.9181,3.8457,-0.48934,-1.5916,-0.89274,1.4876,1
1.3099,2.4236,-0.79663,0.29202,2.2402,-1.0885,-1.771,-0.83418,1
0.82588,-2.6102,-0.040246,-0.95673,-0.11875,-0.35916,11.347,1.9227,1
1.9795,-1.4963,4.5234,-2.9733,2.4791,7.0096,4.7285,7.0318,2
4.1196,-0.087815,-0.14842,2.5091,-0.16975,1.3134,-2.1565,-0.75849,3
-1.0569,0.46353,-1.8441,0.87623,-1.5053,4.6547,-0.1826,6.6436,3
1.5328,-0.70139,1.8625,-1.4827,4.3063,7.489,-0.62047,6.1198,3
2.3243,0.48216,0.85456,-0.77979,-0.7228,-0.48924,1.1692,2.0341,1
5.6491,-1.6961,0.38384,0.84443,-0.051842,-3.4336,2.4508,1.4752,1
1.5353,-1.4586,-0.64161,-0.48838,6.5107,13.371,-1.5221,0.39547,3
-1.361,-2.7068,-0.97532,2.4246,5.2432,-0.7754,-2.9457,-1.4158,3
2.5235,1.9878,4.7282,2.7169,6.7204,6.1924,4.5353,2.7058,2
2.4032,2.4484,5.65,-2.0264,2.2572,6.6111,2.8535,3.8446,2
-1.1076,-1.9221,3.5337,5.4486,-0.84193,-3.5836,-1.9759,1.0278,1
0.35912,2.23,4.3834,2.6462,3.4107,4.3625,2.257,5.5598,2
1.6992,1.9035,5.1303,-3.2452,-1.9723,-0.61585,1.0202,1.474,2
1.7541,-2.7677,7.647,-2.1514,7.1404,5.1472,1.8771,6.2679,2
-0.6482,0.91476,6.2402,4.6859,4.8942,9.9399,2.431,6.4249,2
0.046184,1.8662,-1.1958,-1.0126,1.8128,3.7456,-1.0558,-1.1776,1
0.79179,-2.6069,-0.17595,-1.8323,0.93884,14.05,9.3845,1.4007,1
-5.6256,2.6735,3.7425,2.369,6.7358,5.947,1.6036,5.8246,2
2.5783,2.4383,1.2196,1.3683,4.1745,8.954,-1.8947,2.8047,2
1.242,2.8464,6.2856,3.1975,4.5231,2.0786,4.4582,5.4787,2
-0.30623,1.0185,1.3603,2.1407,-0.8142,1.0052,-0.89879,-1.4538,3
2.493,-2.3409,-1.54,6.3029,2.326,8.1411,0.17585,-1.4711,3
-0.24547,-2.1692,-0.47612,1.6583,-1.6831,-2.2317,0.9712,-1.7359,1
-1.3986,-1.799,3.4119,0.30823,0.57965,-0.71372,-4.3581,-1.2693,3
-0.73525,-0.87794,1.7639,-0.39554,3.8608,-1.3385,3.5234,2.0607,1
-0.95342,1.0274,-0.005668,3.0804,2.3865,7.7584,-3.269,-0.001776,1
3.696,-0.92485,4.6284,-1.8068,7.4369,7.7499,2.4766,5.5726,2
2.6084,1.0829,5.7938,0.86177,6.7021,9.2962,-2.1466,2.0515,2
-0.96989,-2.0714,6.5283,1.5802,6.9066,9.8018,1.2083,3.4219,2
-1.6167,3.4773,-0.36328,0.15735,5.507,1.3306,7.3698,0.4704,1
-2.5204,-0.63851,0.12092,0.26659,0.73408,-1.6274,-2.962,1.8072,1
-1.6873,0.77809,0.24519,1.7778,3.3644,11.469,2.344,2.8697,3
0.31065,-2.0961,2.6105,3.4382,-0.72653,0.025119,-2.891,1.4701,3
-0.11037,1.3442,0.7544,1.8081,-1.4998,-2.8018,6.7129,0.37787,1
0.19221,4.0555,3.6131,0.98069,1.3532,-2.2996,16.237,0.55635,1
0.31271,-1.3127,5.7597,1.9657,6.9875,8.4168,-0.024511,5.5854,2
-0.23227,1.299,-0.39293,0.47229,0.40647,3.676,3.3314,4.5225,3
0.78958,-2.5876,7.6958,4.8483,7.7936,3.4904,4.0037,3.7943,2
-2.1717,-0.24155,3.9786,-0.2883,8.5992,5.0276,-1.3363,-1.5784,1
1.7954,-0.00778,2.5347,3.8672,6.4121,8.1467,0.99718,6.4544,2
-1.6686,0.39532,4.3927,3.5557,1.2694,8.2283,-1.8073,3.6838,2
2.7905,-1.9943,4.3625,4.4265,-0.54516,0.6776,10.508,-1.3715,3
-0.74171,-1.5075,2.8937,-0.37621,-0.2559,-3.5407,-4.4673,1.7078,1
-0.34342,-2.163,2.0786,-0.71069,2.2113,2.2556,-0.034023,1.8193,1
0.072216,-1.7089,-0.035585,0.58863,-1.5337,8.7835,0.32702,4.8848,1
0.30813,-0.19411,-1.1573,1.032,3.11,-1.0618,1.4256,0.1733,1
1.4782,-0.059603,-0.71778,-0.078053,0.00338,4.0529,-0.74168,3.5522,3
3.8516,-1.7462,0.41315,3.0642,-0.98566,4.6256,2.4383,-0.048454,1
2.5596,-0.76538,5.5039,2.6376,6.2429,2.4258,-0.61363,6.8507,2
2.2763,2.7239,-1.1229,0.047557,-0.46688,-4.3957,0.59327,-0.44323,3
-1.5212,3.1535,-0.56903,0.31628,6.517,12.307,-2.8638,0.39827,1
-0.97267,-2.9886,4.6606,0.56601,4.2054,-4.384,-3.9022,3.445,3
0.1231,0.048858,1.7221,-1.3013,3.6218,-3.4217,0.051997,0.81599,1
-5.6551,-2.5381,6.9737,5.8962,6.83,6.4859,0.75128,6.9237,2
3.216,0.61037,6.5592,4.9374,-0.10356,6.092,0.40067,3.8618,2
-1.0125,0.0144,-0.72416,-0.47652,3.3158,1.6472,3.0205,0.063174,1
-1.4142,0.50004,-1.1265,0.22236,0.24523,4.8728,1.029,-1.164,1
-1.8456,1.149,3.9535,4.8807,7.4789,5.1483,3.7136,4.243,2
2.5036,-1.8659,6.4817,1.6912,5.3411,5.5432,-4.6893,7.2201,2
1.3804,1.124,5.0225,-4.6541,5.7584,7.2278,0.23896,-0.18843,2
2.2688,3.5434,-0.70426,-0.29016,0.77559,-2.0831,-0.48467,1.9752,1
2.2505,-2.2631,-1.2359,-0.018346,-0.92498,-1.9285,3.3862,-0.83999,1
-1.7296,-1.7394,2.7885,1.2849,1.6473,6.8072,-2.0913,3.2644,3
-2.0429,-2.7887,1.1168,-0.22529,6.7993,-1.4894,1.9387,-0.83253,1
-1.6506,-0.83933,1.7842,-0.79319,-1.1771,2.9635,-1.6787,1.138,1
-0.60606,4.965,0.32881,-1.8409,3.9956,2.3759,1.9737,0.70533,3
1.807,1.5088,6.2482,-4.7166,6.5025,4.589,3.4733,6.3411,2
2.1408,-2.2834,0.15213,-0.75416,-0.4012,-1.4709,-1.0214,2.9307,1
-1.0369,-2.687,6.3573,-1.1571,6.9661,2.7199,4.2165,5.9719,2
2.5064,2.8592,5.5777,1.5477,5.0802,9.0042,0.056427,6.0505,2
0.23115,2.1122,0.62564,-1.2196,3.1679,4.0632,0.75204,-1.0446,1
3.1915,-1.8849,3.6646,2.3175,6.1598,6.27,4.7606,2.9202,2
2.3077,1.4735,6.9179,-4.3519,5.9321,7.3548,1.2973,7.3611,2
-2.0159,4.0144,7.184,4.2782,-1.2932,4.9969,3.6808,2.917,2
4.9224,-1.4335,0.77562,-0.32854,4.7046,-3.2609,-2.3879,-0.62253,1
-1.5379,1.9863,-0.10375,4.5539,0.61973,0.08531,7.4884,0.65824,1
-1.1636,-0.86441,-0.5418,-1.989,-1.221,-0.84471,0.18195,-0.27392,1
2.2824,2.7968,5.0739,-5.0913,6.3658,6.4304,2.5618,6.9052,2
6.3668,-1.9145,-1.0629,1.103,1.2295,-1.0837,-4.0197,2.2567,1
-2.0787,1.5703,1.4333,-0.24835,5.2886,7.0697,-0.11181,5.748,2
0.28363,-2.3598,1.7653,-1.2732,-1.4216,1.2901,-0.37572,-1.0463,1
2.1996,3.6259,0.93982,-4.7244,3.9725,-2.2474,0.62376,4.3219,2
-1.2008,-1.8869,-1.2612,-0.57234,7.6874,-4.4729,5.0944,-1.2616,3
3.102,0.28495,4.7165,-4.8619,7.4493,6.1506,-4.815,5.9797,2
-1.6104,-1.4014,-0.36995,6.8613,2.4783,8.2637,4.9194,1.2821,1
-2.0176,2.4704,7.5235,-11.509,6.3776,1.0778,1.996,6.3814,2
-0.44415,-0.51053,-0.63991,1.1765,0.90362,3.3632,0.82063,0.9604,1
0.1234,0.032129,-0.26999,-1.6121,-1.2991,-1.5648,0.10505,0.82461,3
0.24816,1.678,6.7354,4.6021,6.7424,5.9882,3.8957,6.4867,2
0.13303,0.24255,6.1521,5.0295,7.3333,9.399,-0.52192,4.9521,2
3.7692,2.9239,2.5161,0.25252,4.1282,4.781,2.7064,2.3565,2
1.8439,-2.8073,2.9437,-0.32976,4.4381,8.6243,0.23968,-1.3777,2
-6.296,1.8578,5.9159,2.5148,3.7825,-0.59815,2.1687,3.8806,2
1.2789,0.9927,5.3009,0.33213,7.157,5.4413,-6.0626,4.1524,2
3.9004,2.8848,4.7506,2.7345,7.4006,6.231,2.1207,3.3269,2
-0.20516,-0.71613,0.77565,0.28237,2.2408,-3.4821,-0.6191,0.97172,3
-2.1549,-1.3998,-0.87328,4.263,2.4177,-1.0473,-0.16435,-0.12169,1
0.42021,0.78356,1.1328,-1.0246,0.37662,-3.623,2.8839,-1.859,1
0.6886,3.3305,6.3388,5.0335,6.4068,9.7914,-5.1934,6.6127,2
1.6521,0.71356,5.4779,5.4621,6.9083,7.0788,-0.000504,6.6584,2
-1.0452,-1.6155,2.966,0.89051,0.23052,5.1946,5.7695,3.8657,3
2.6747,-1.8785,0.20639,-1.5652,1.8486,14.193,1.2772,-0.2283,1
0.96475,-0.45,-0.40758,1.3852,-1.0417,-3.158,4.4237,-0.37562,1
0.5987,3.2317,5.9386,-12.667,6.6546,7.4885,2.1139,6.0881,2
-0.43439,0.17996,2.5957,4.9288,0.15042,-0.46864,-2.9886,-0.78562,3
-0.34426,-3.0427,4.2285,-0.8275,2.1298,1.361,3.0017,3.769,2
0.85473,-1.9626,-1.3766,-1.7187,-0.31511,-1.0333,-0.39049,1.5596,1
1.2038,0.58426,7.3969,2.5562,5.521,5.5465,4.0939,4.0726,2
-1.3414,3.7254,4.6564,5.7754,2.8741,9.2248,-1.0618,5.407,2
-0.27444,-0.80277,1.6879,4.8905,4.0705,1.1646,10.085,-0.68516,3
-0.009485,-1.8337,5.0314,-1.1701,0.37498,-3.3431,6.6559,-1.5392,3
-0.28687,-1.0149,-0.33344,0.74621,-0.81338,-2.0302,0.75272,1.2027,1
-0.95787,-3.382,6.9173,-0.44104,2.1434,7.9244,-6.9434,7.3923,2
1.3264,-2.3687,-1.5135,11.82,0.49904,-2.1956,-0.62949,2.9971,1
0.029619,3.6189,7.3703,0.13854,6.1006,0.73639,3.7787,7.7501,2
-0.79519,-2.644,1.9297,0.29693,0.39012,0.79515,0.72632,-1.0103,1
3.651,-1.7447,-0.31674,-1.5263,3.033,-1.3657,-3.7687,4.4581,3
-2.0591,-1.8707,-0.8442,0.71301,-0.08435,-1.8185,4.6064,2.5315,3
-2.2108,3.2965,-1.1734,4.0586,-0.99883,-3.8743,2.9569,1.6083,1
-1.182,3.6818,1.4472,3.2728,-1.5896,3.981,-0.69045,3.4642,3
-0.86866,-1.7817,1.9566,-1.6537,-0.21674,1.3527,-0.88183,1.4563,3
2.1342,-2.3699,2.5389,-0.32455,-0.18206,10.617,0.62223,3.5652,3
0.065931,3.5762,5.115,2.3468,5.8389,10.09,-1.5618,7.277,2
0.49615,-0.20531,-0.21087,1.5751,0.31,-0.71791,-1.359,4.9026,1
0.5083,-0.73982,4.8908,1.5467,2.2556,-2.6801,1.6394,2.7678,1
-1.886,-0.51175,-0.84548,0.95591,5.0614,-5.7162,3.2669,6.5699,2
0.21011,-0.9599,1.1109,-0.6192,4.1525,0.021796,3.83,0.50954,1
1.8475,-2.7495,1.8362,1.2795,-1.3751,-2.3022,0.32337,-0.37222,3
-1.6103,-2.3966,-1.4352,0.30487,0.080977,0.37179,2.409,-1.6143,1
-0.064635,0.83481,4.6064,1.4526,2.8559,-1.4031,0.41778,-0.15318,1
1.6995,5.6061,0.12255,-0.15545,0.83901,7.2755,-0.8861,-1.2753,1
-1.984,-0.6091,-1.6634,-0.28887,-1.4614,5.4982,-0.39801,0.19265,3
0.3005,-2.7709,2.755,4.0716,-1.4869,-2.222,3.3011,0.17284,3
3.2815,-4.9509,6.5757,0.89095,2.4266,0.51997,-2.7474,7.5206,2
0.35735,-1.2252,7.0313,6.0824,1.0096,2.1588,0.033214,0.44987,1
0.43571,-0.89508,6.2976,-0.88096,-0.60738,5.8663,-2.1133,3.7595,2
-0.84675,-9.4676,7.6116,-5.6323,7.0809,-0.58706,3.9841,4.3034,2
0.81004,-1.4411,4.376,-1.3076,1.077,3.3797,14.565,5.0646,1
1.89,-0.8664,-1.4145,-0.99901,4.4523,-2.5901,0.44508,-0.27908,1
2.4956,1.1339,1.136,4.9069,6.6357,9.0155,5.0397,5.2089,2
2.4101,-1.1725,4.7453,-9.7819,6.333,5.7071,-3.1094,4.293,2
1.0644,-0.93121,0.48716,-0.91087,-0.96903,-4.4145,5.4388,-1.214,3
0.31228,1.1882,7.0086,1.4526,6.8627,-3.3242,2.5776,2.7212,2
-0.6442,3.9166,3.2225,2.8756,4.8179,9.5179,5.0371,6.0208,2
1.4791,-1.0598,1.6059,7.2751,0.029077,-0.67775,1.3521,1.3552,3
1.341,0.41551,4.885,-3.6324,6.8116,7.6884,-3.0094,7.2286,2
1.7491,2.5109,1.7656,3.0609,3.0972,1.6015,0.88365,2.2949,3
3.6475,2.718,5.6674,-1.6396,2.8246,4.6833,2.8461,5.9187,2
2.2362,7.21,6.1664,2.3265,-0.22453,4.3939,-0.54228,-1.6264,1
-2.7078,-2.1057,-0.77967,3.4503,1.2243,-1.3034,-3.8035,1.0515,3
-2.4741,-0.45347,-1.4538,1.0592,0.060764,0.67858,-1.3994,-1.6509,1
-0.92776,-0.97203,0.19804,0.26126,0.39512,-0.60196,4.1476,3.7855,3
-0.4768,-1.9407,1.6147,0.9537,-0.21638,-2.4622,1.7501,2.8439,3
-1.2845,-1.3851,1.8579,1.8834,0.71605,6.7099,0.56257,-1.6356,3
-0.80071,0.59583,0.017024,3.0657,1.7201,0.69189,3.2407,0.03919,1
0.17532,0.41918,1.5193,0.038537,0.69142,2.0652,5.0995,-1.2964,1
2.3659,2.8851,2.1485,-0.31617,1.5776,-3.1093,1.1085,0.7753,1
-1.5918,2.5644,4.527,1.2745,-1.3781,-1.4441,-4.9134,2.2201,1
-0.72544,-1.393,-0.99176,2.4385,0.68032,1.4007,-3.5099,1.0288,3
-2.6423,1.1638,5.405,0.61385,-0.80076,-2.8276,1.5028,1.3975,1
0.009822,-1.2829,3.5855,-1.2847,6.918,1.5156,-4.8038,6.8535,2
1.6547,-2.5968,-1.5656,-0.66052,1.3122,-2.5057,-3.0191,2.5465,1
1.6294,-2.7921,3.8326,2.4687,0.64192,-1.0363,7.1131,-1.1027,1
3.668,1.9327,7.5041,-1.4944,5.4137,9.5441,-2.5898,5.7915,2
3.5255,-0.19615,4.5844,-5.0488,6.3031,2.3538,-0.70205,7.0386,2
0.071229,1.382,-0.60073,3.1052,0.029552,-0.32466,-0.074637,3.4708,3
0.28618,-1.208,1.5537,3.2644,6.3305,1.5535,-4.2302,0.75515,3
0.069776,2.9151,4.908,2.798,5.9387,0.69303,1.0806,6.3277,2
0.69608,-1.1865,4.1316,1.0229,3.6554,6.2097,3.8629,1.0373,1
0.93294,-1.8609,0.97235,2.6338,-0.51029,-3.3387,0.96954,4.4316,1
-1.2288,6.6487,-1.9546,4.2746,5.2484,-0.76694,-2.2622,-0.37255,3
1.6024,3.1078,3.0359,4.1906,6.562,7.7779,3.6313,4.045,2
0.8364,0.1237,-0.78242,0.29251,-0.42692,-2.4945,-2.0414,-1.397,1
-1.2885,1.8802,5.9273,0.12946,7.6096,-1.926,-3.7314,6.0714,2
-0.44797,2.8322,7.6951,2.2401,6.1546,2.174,2.5827,4.2841,2
-0.81669,-0.52123,6.184,-11.406,4.3768,3.4421,0.49087,4.5623,2
1.0218,0.40606,5.877,3.9591,6.8962,2.9523,-0.21579,4.3188,2
-0.35513,4.1478,7.0422,-0.72969,1.4571,-3.8306,3.8431,0.97364,3
-0.52069,-0.90736,5.1219,2.7374,0.60874,3.1078,3.9416,-1.2499,3
-1.8345,3.2989,0.52838,-0.58412,3.6495,6.2831,-4.6554,-1.5214,3
0.10305,2.7144,0.33072,5.1616,-0.2791,1.4808,0.16605,3.2581,1
-0.10401,-2.1592,-0.96735,-0.15013,0.74687,0.23868,-1.1875,1.1964,3
-1.7678,-0.90395,1.3951,3.2602,-0.012075,2.3468,-2.9091,1.0974,1
1.9185,-2.1049,-1.2751,0.2971,-1.0141,-2.876,-3.6438,-1.102,3
-2.0957,2.0609,-0.6132,4.1336,7.7408,8.1322,-0.57455,5.4588,2
1.3989,3.6322,-0.03944,1.356,0.64542,-2.6092,-4.3749,6.1666,3
-0.77069,-2.1651,0.81985,1.1216,3.3876,6.2832,0.17817,3.0643,1
1.3241,-1.5609,2.1289,2.8524,0.11052,-0.050623,2.8105,-0.82574,3
1.4944,-1.5041,-1.545,-1.2892,0.58645,-0.43649,4.5582,1.7659,1
-1.2042,-1.1679,2.4168,-0.10192,2.2929,2.2931,-0.70129,-0.37002,1
-0.40307,2.5485,3.508,3.3309,4.24,7.0104,-3.0692,5.0466,2
-0.55929,-1.1703,0.16003,-0.49298,2.6569,7.334,0.85853,1.4577,1
-0.95261,-2.1647,1.0313,5.9207,2.9271,5.8883,3.2564,7.526,2
1.7934,-0.68414,1.3076,-0.58074,0.75073,-2.3877,3.1559,0.17226,3
-1.3307,-0.64123,0.97908,-0.9353,0.083998,0.82344,-1.8953,0.63036,1
-2.4326,-1.553,-1.208,-0.039804,-0.39092,-2.0762,1.0968,0.72861,1
2.8273,2.2951,6.9224,3.0552,4.4334,0.82799,4.0651,3.8109,2
0.91894,-0.070132,-1.781,1.9009,1.5532,3.0656,-3.2451,3.3262,1
4.2997,-2.4606,0.2489,1.0255,0.64628,-4.7232,-3.7745,1.5148,1
-1.5727,0.23461,-1.2917,4.5949,1.85,15.78,-4.5654,-0.49644,3
1.7337,-2.6535,-1.0101,1.888,0.23332,-4.3032,-1.8622,-1.6264,3
2.3566,1.5636,3.1374,-3.6412,6.5086,9.4965,1.1548,4.6766,2
-0.49434,-2.5981,1.396,1.3243,2.3822,4.9629,-1.8086,1.784,1
3.7622,-1.4581,0.76384,-0.72324,0.023067,3.4008,2.2729,0.40499,3
0.97787,3.9102,5.3181,2.1818,7.1114,7.5477,4.3861,6.8556,2
-0.61171,-0.52566,-1.1959,-0.2885,0.54156,-4.3044,0.31,3.4487,3
-0.83873,4.927,1.0648,2.1511,0.080819,1.273,4.6289,-0.52798,1
1.2531,-0.52016,3.9993,-5.6519,7.5178,-0.88875,-1.5579,5.233,2
-1.6969,4.2199,0.2068,4.6039,1.2687,0.88195,4.1107,-1.2715,3
-2.8548,-1.0324,-0.33025,-2.0222,0.76015,6.7235,3.0715,0.71408,1
2.1154,-0.72084,0.17146,-0.98856,-1.8465,-1.7662,-2.2621,-0.96661,3
-2.4073,-1.2095,0.94965,-1.3743,4.8342,-2.5805,-2.2696,-1.3351,1
-1.2376,-2.5107,2.0924,3.8531,6.9221,6.2774,1.7798,4.5176,2
-0.88187,-1.2167,-1.7719,-1.2439,4.1397,-1.6126,1.4622,-0.77098,1
-2.3435,-1.0181,1.9536,0.46396,7.3244,0.80897,-1.2743,-0.79856,3
-0.95404,-2.472,-0.66786,6.3062,1.7542,-3.4599,-2.0513,2.8214,3
0.88617,-1.3467,0.22833,-0.079098,0.38699,-3.5247,2.3656,4.8344,3
2.1297,2.6595,1.5524,-2.6261,6.2371,6.4577,4.856,7.2232,2
1.3013,2.2125,6.1874,2.8893,3.6283,2.9288,-1.7047,3.1186,2
-0.56432,-2.4899,1.5758,0.014594,1.1152,0.86336,5.6931,0.094144,1
2.9929,-2.0292,2.8567,2.1121,3.1809,5.3497,2.6962,-0.25973,3
1.2053,-7.9511,6.82,3.7725,6.1059,10.975,4.1609,0.72836,2
1.7165,-2.2716,-1.026,2.3323,0.58691,-0.099775,0.22306,1.0163,1
-1.6047,0.44173,-0.18237,5.3615,1.2233,-0.1337,-0.31345,1.1289,1
-0.51162,-1.8097,2.2331,0.51655,-1.101,-2.4289,-2.3867,1.0497,3
3.7424,1.7365,6.4301,5.7672,5.0636,8.836,-2.8066,4.071,2
-1.2966,-0.61039,2.3349,0.63043,-1.1452,-0.76593,-0.99191,1.0945,1
2.4191,-2.3786,7.4596,4.6213,5.5112,8.9262,-1.2691,6.7432,2
0.93206,-0.31585,3.2994,-0.44655,3.2738,5.1087,0.53641,-1.2486,3
-0.41674,2.233,5.5282,-0.57646,5.0191,6.2655,5.0733,2.5012,2
-0.63123,-1.1313,5.8904,0.93941,5.1452,0.20329,1.5346,3.4771,1
2.6326,-2.1675,4.8758,1.0037,7.0405,7.8477,-2.7028,3.6519,2
0.29264,1.6397,-0.6348,2.0371,0.94963,2.7102,6.4752,0.44796,3
2.9859,-2.0759,4.2323,1.884,0.46686,-1.8134,-3.8921,6.1805,1
1.6153,-1.043,-0.24708,0.41678,-1.4612,14.277,-3.1384,3.1383,1
-2.9459,2.7101,-0.91899,0.23411,0.39132,-3.62,-1.7865,0.001274,3
0.44995,3.563,5.9001,3.6097,5.0031,-4.59,1.7413,7.1921,2
3.0042,0.59975,6.8037,-6.7606,4.8284,6.4389,4.7544,1.4298,2
-1.0405,0.23007,2.0205,2.3179,0.26499,-2.4982,-1.7727,-1.5475,3
5.1756,0.46718,-0.61727,-0.41656,-1.6886,4.0355,-4.6559,0.62772,1
-0.96063,2.2933,5.2383,2.6256,5.0537,1.6531,3.2418,5.8815,2
1.2532,-0.72764,7.4726,2.8604,5.8335,7.4335,0.96397,5.7627,2
-1.6231,-0.93838,0.5738,3.0269,1.9165,4.3464,4.9028,-1.4598,3
-1.0966,1.6033,3.0513,-2.4649,7.4457,1.0315,2.4162,5.0847,2
-6.2689,0.70796,6.7885,0.40668,4.693,9.2712,3.2009,5.3467,2
-1.6508,2.5742,3.1118,0.5039,0.24651,2.946,1.5753,-1.1252,1
1.2348,0.9287,3.0965,0.72109,3.1464,-0.46887,3.0487,2.0456,1
2.3016,1.7483,4.794,-1.5533,7.0987,6.702,-1.8369,0.38799,2
-2.9057,-1.4794,1.9139,-0.23875,7.0385,1.3012,0.36606,2.4783,3
1.5092,-2.1086,2.6278,1.2444,2.2134,0.57978,2.6893,-0.24506,3
1.3594,-2.5713,-0.51423,2.5998,2.049,1.6443,2.2531,-1.2675,1
2.1796,-0.76662,4.455,1.5828,0.44915,2.9667,1.3838,0.75037,1
-1.7472,2.9657,-0.17647,1.2514,7.8431,-5.2307,1.714,7.7048,2
-0.76796,2.2276,3.4301,1.6056,3.3601,-3.585,-2.0371,-1.2638,3
0.39752,-0.97452,5.1623,3.7257,7.5221,0.9741,1.5646,4.648,2
2.3029,-0.44134,-0.88967,1.2109,1.8026,-2.6029,1.8252,0.266,1
-1.8896,-0.083234,0.45925,-1.6507,2.9465,1.5176,3.0123,0.94995,1
1.2695,-1.3644,5.1414,4.3548,7.0779,3.5665,2.4009,3.8824,2
1.3712,-0.79806,7.5532,-0.35236,5.8691,5.9163,-0.52401,5.5206,2
1.0741,-0.13058,1.777,2.1977,-0.96215,-2.0191,3.0914,1.0788,3
-0.72982,-1.4591,0.22007,1.7794,0.22665,-3.49,-4.5104,1.1912,3
-0.85281,1.0514,3.222,-1.1429,7.4793,-1.7509,-3.5629,0.40746,3
1.2305,-1.232,0.072668,4.3506,7.7571,1.4593,-3.4777,2.0735,1
-2.6625,2.3394,7.1786,4.3619,5.234,3.8043,0.60729,4.7867,2
0.19475,2.7838,2.6197,4.1119,5.5466,8.6106,-0.42815,5.7765,2
-2.7073,-0.21519,6.7708,0.97357,6.6596,3.023,-4.6955,6.8224,2
-1.7668,-1.8041,4.5219,3.173,4.4426,-2.0245,-0.047145,-0.92571,3
-0.6307,-2.3391,-0.6462,0.024804,1.9287,0.81449,10.77,-0.18282,3
-0.059092,3.0286,-1.7515,3.3243,1.179,-0.67779,2.9893,-0.34751,1
-2.0585,-1.4087,-0.91215,6.7151,-1.4007,4.8928,1.7756,0.18789,1
0.54681,1.8075,4.1165,-2.5835,5.6792,2.2716,0.69666,6.6936,2
-0.96346,-1.5155,0.080274,-1.3446,1.2136,9.1771,-0.24918,-0.12341,1
-1.8466,-0.17219,4.4475,3.4725,6.1771,0.96676,-2.1766,7.6556,1
-5.43,2.1834,7.7026,-1.5774,6.9495,-0.89115,-4.9076,5.3052,2
1.1893,2.9735,5.3091,2.4312,4.8618,2.6556,2.6316,5.9296,2
3.1769,3.2886,0.13225,-0.53852,-0.46054,-3.5104,-1.5546,-1.379,1
2.1665,-2.2369,-1.5113,1.5515,0.088357,-1.6095,3.0823,5.8192,3
-2.2097,3.5748,-0.82036,-1.2627,1.8845,0.72169,9.5726,-1.1551,3
1.2217,-0.53083,1.4911,0.11552,-1.2999,-3.4417,-2.6903,-1.1035,3
-1.2054,-0.82416,4.155,2.0771,2.4198,-0.35157,4.1395,0.67071,1
0.14347,3.959,-1.8511,1.1133,-1.596,1.9731,-4.4603,1.4327,1
4.7132,-0.75404,3.4656,2.0326,-0.069171,-0.51133,0.73111,0.4254,3
3.6978,-0.29603,2.9874,-1.7723,6.012,6.7896,3.3796,6.5124,2
-0.99339,1.6786,2.5517,1.4389,0.49063,-2.0577,12.611,-0.085052,1
4.7132,-0.75404,3.4656,2.0326,-0.069171,-0.51133,0.73111,0.4254,1
-0.88121,1.1866,0.93384,-1.1644,1.0717,0.075889,0.49565,0.93425,3
-2.2751,1.672,1.3889,-0.004096,-0.95628,5.3875,-1.2281,1.0583,1
-0.35934,-1.8099,0.10263,-0.16275,-0.51843,3.8262,-3.2755,0.81536,3
0.44564,0.89338,-0.048312,4.7297,1.3439,1.3404,-2.5309,3.0066,1
-1.9041,-0.54243,2.3022,0.28302,-0.63436,0.47847,-1.8192,-0.60045,1
-2.6523,-0.57506,0.36735,2.5358,-1.2648,6.2905,1.6411,-0.60033,1
3.039,-3.1806,2.968,6.5959,6.6744,3.0722,2.5877,5.2038,2
2.325,-3.3989,3.8192,-2.5957,4.8628,9.7201,-0.59178,4.1199,2
0.27221,2.9185,4.2813,1.6422,7.2631,10.707,1.9191,6.8959,2
0.72109,-0.30027,2.4211,-1.4039,2.6791,0.55792,-1.6506,5.6401,3
1.6869,2.022,7.4069,-0.20873,4.0301,9.3364,4.9822,2.6967,2
0.55278,0.12194,6.3423,4.2797,5.1986,4.6309,-3.3126,3.3971,2
-0.10604,-1.6261,5.6879,-0.39181,1.3728,4.2962,-3.9265,2.1095,1
-1.7837,-0.94157,-1.2561,0.61438,1.0539,-2.4284,8.5893,-0.49159,1
-2.0952,2.9434,2.3089,0.12271,7.1601,9.3107,4.0113,6.2793,2
-2.1768,-1.4328,-0.20141,-1.1601,3.8914,6.1136,-2.4113,1.4175,3
-0.71078,-0.47794,1.7695,0.36719,-1.8562,0.3234,4.7549,-0.18546,1
0.091669,0.33629,-1.5886,-1.1039,6.9071,0.21399,-2.3831,0.79163,3
0.68549,-2.8062,0.66402,2.5239,0.10818,-3.6704,1.8363,4.6881,3
4.8452,1.1883,-1.7151,2.2737,0.4883,12.346,-0.90292,1.2378,1
-1.6312,-0.021907,-0.45423,0.92152,-0.10762,-3.8421,4.6237,0.57605,3
0.11021,3.6821,1.705,3.7085,0.15833,-4.0521,1.2255,1.2465,3
-2.0912,-2.7257,0.28189,-1.3243,0.27393,-3.0499,0.8042,1.2717,3
1.4658,-0.33054,1.055,4.8063,1.2528,0.098728,-3.1007,2.4408,3
0.48684,-0.39511,7.4756,5.2891,2.5357,2.7482,1.8589,4.2145,2
3.4953,1.3328,2.5022,4.4428,2.3465,6.7767,-0.24505,6.4966,2
-2.2128,0.59861,2.484,3.759,-0.60768,-0.34922,2.0148,3.3655,3
6.9477,0.73332,0.42867,1.9766,3.7135,1.7092,0.56761,-1.0291,1
4.2281,0.054411,0.21391,1.5312,-0.14483,-3.502,-1.5796,-1.3594,1
-2.3263,3.8021,-0.48075,1.247,-0.071716,-3.5352,-2.2832,3.408,3
-3.261,0.70868,5.1985,3.7215,2.8776,-3.5859,1.8883,2.9454,2
0.34946,3.0684,7.3863,5.7614,4.2967,-2.2388,1.7145,4.6462,2
5.854,-1.2628,-0.7089,-1.535,1.6301,0.27095,6.1389,0.16431,3
1.5635,4.3339,2.1043,5.6783,-0.7036,1.6474,5.9203,0.67612,3
0.053667,-2.2627,0.24581,6.8081,5.4206,8.6404,-1.6287,6.1435,2
-0.35022,-1.7489,0.594,-0.04969,-1.3831,0.75489,-4.6049,-1.5479,3
-1.4701,3.5805,3.7523,-1.2766,-1.6143,0.50832,-3.6802,-1.0232,1
0.2667,-0.80376,-1.211,0.070328,0.67957,-2.8585,-3.9726,2.699,1
2.0987,2.9895,1.6012,1.0819,0.57767,3.699,-0.68513,-1.2855,1
0.91378,-2.3033,7.3541,0.68162,6.7317,2.3591,3.1945,7.4378,2
-2.6425,2.57,6.9707,-2.9824,5.7222,-3.7856,2.7022,7.1803,2
1.0741,-0.13058,1.777,2.1977,-0.96215,-2.0191,3.0914,1.0788,1
3.125,-0.89488,5.3186,4.7235,5.8003,8.9262,-0.54128,6.7993,2
-1.6342,-2.531,2.1703,0.97898,1.8208,4.5282,11.847,-0.3224,1
-1.5778,-2.5041,-1.2298,2.8049,-1.3722,-1.5377,0.090614,0.25946,3
-0.35146,-2.4295,0.4539,-0.83075,-1.359,2.8344,-1.0307,2.3301,1
-1.7343,0.11795,0.42649,2.4327,-0.32073,0.12187,5.9134,-1.3628,1
0.45736,-0.79116,-0.84505,-0.37991,1.7569,-1.4604,1.1177,0.49377,3
-0.95922,-0.039697,-1.1542,-0.62347,1.5421,4.3225,-1.992,3.3028,3
3.5137,-2.0266,2.2895,-0.50698,0.15561,-3.0289,-2.5234,2.4327,3
2.6616,-2.5635,4.3312,-5.1556,7.0685,-0.91917,-1.2776,7.4062,2
0.12925,-0.014942,0.22716,1.9889,-1.56,-1.3962,-4.3656,-0.024593,3
1.5216,0.30176,-0.1548,2.6567,0.62169,3.1134,8.8845,0.66804,3
2.0456,-0.80425,-0.40764,0.61837,-1.3421,1.6564,-0.41621,7.9757,3
3.7816,-2.7886,3.064,4.0049,3.8324,6.8924,-2.732,7.3808,2
0.18977,-1.6623,2.4672,1.4626,-0.77034,-4.6621,6.7108,-1.2738,1
0.6468,-1.9772,0.9685,4.0742,1.7043,11.862,5.9225,-1.1212,3
3.8702,1.6719,2.03,3.753,-0.66831,3.2162,-4.7993,0.24581,3
-1.1945,0.46913,3.9946,-0.29544,1.7234,-3.5786,-1.8644,-0.74684,1
-2.6518,-0.74552,1.8511,3.2026,2.1205,-2.6957,-2.0421,1.62,3
-1.697,-5.0474,5.2908,6.476,4.033,5.027,3.8337,3.3119,2
0.15993,-1.4944,-1.7245,2.882,0.83287,-1.7966,1.7844,-1.7029,3
1.3805,-1.2345,3.3612,4.8958,-0.53287,-1.4427,-2.0129,1.9793,1
-1.0193,-1.8452,-1.6449,-1.181,3.0996,-2.035,-3.297,-1.8501,1
-0.091505,-2.0782,1.3097,3.3508,2.11,-0.28831,1.9793,0.39751,1
0.63368,2.9454,6.1797,3.0086,5.197,9.5644,2.3133,5.6673,2
-0.88604,1.0424,0.17747,6.0629,0.78326,0.11825,-3.6375,-1.5703,1
-1.0691,2.6167,6.3262,-3.6005,7.4636,1.6916,2.7349,7.0281,2
2.8074,-1.2308,-1.1457,0.43144,1.4575,-1.1488,-1.9883,4.3142,1
-2.7678,0.55166,-1.7712,3.5717,1.6664,1.0789,0.7901,-1.7438,3
0.69477,2.8018,5.9043,-0.53553,3.2572,8.2368,-1.5085,6.1941,2
1.3965,2.6444,-0.52649,-0.91729,-1.7048,2.9316,5.5751,6.8589,3
3.2752,3.1645,7.6766,-9.9245,5.4816,5.6344,-3.0001,6.3807,2
0.27378,-1.3485,1.0104,4.4323,-1.395,-3.4144,-1.2181,3.3373,3
-2.0271,0.7745,2.6881,5.2634,7.1525,3.5063,2.7818,4.0762,2
5.7574,-0.42691,-0.31333,0.70477,-0.074695,2.0369,-0.96173,0.58271,3
-0.80609,0.3327,4.713,-0.016904,1.3114,-1.2926,14.51,0.60776,3
3.3294,0.81944,7.3939,-1.8536,7.5294,9.185,2.3363,5.1531,2
-2.1956,-1.5495,0.32082,1.1366,0.80231,-1.3783,3.6203,0.87227,3
1.9927,0.64427,4.8789,2.0422,0.71613,-0.75673,7.6445,-0.49771,1
-2.4167,-1.9204,5.7396,0.85272,3.2341,-1.128,7.8965,1.1725,3
0.70719,3.1112,6.726,6.2981,2.1228,-4.3215,4.6068,5.3343,2
-0.36005,0.69708,4.8626,0.23234,1.4228,9.3386,0.72992,2.3643,3
-0.3165,-2.3622,-1.5816,6.8457,2.2719,-0.85183,3.1678,-0.008707,1
0.81568,1.4229,5.8996,4.4848,5.6484,0.82729,4.5646,6.9748,2
0.68474,-0.19123,2.8839,-5.774,4.1057,8.5053,3.6833,4.6234,2
1.8106,3.1213,2.7279,-1.2001,-0.36421,5.4613,-2.7206,2.6827,1
-1.6729,1.6159,9.8786,-0.7474,3.6938,2.6695,-4.1914,0.60423,1
-1.2946,5.0093,1.2705,0.85481,-0.12461,1.3926,-2.7749,6.3846,3
0.51247,0.29093,-1.1028,-0.060927,1.4395,0.63999,4.9749,0.85131,3
3.6185,1.1505,2.7167,-1.8178,4.3135,10.092,1.3229,6.1431,2
1.8683,-0.12515,-1.4018,0.70641,-1.5438,-3.9301,6.2889,-1.8422,3
-0.33241,-0.066549,6.0338,-0.61534,-0.20561,4.8624,0.1073,5.4739,2
-2.0638,-1.5348,1.9566,6.9517,1.2233,-2.1798,7.9473,0.32308,3
-1.2974,-1.1218,2.4961,-1.2901,1.2634,-4.195,1.6132,2.8328,1
-1.5543,-1.2742,0.81249,4.6782,-1.5371,-0.11328,-2.9413,2.5676,3
-1.5824,-1.3122,0.82013,-1.301,1.0836,6.3314,-3.0721,2.556,1
0.1932,-0.37021,0.086303,0.040272,-1.2528,1.4935,-2.8247,2.012,3
-0.14139,1.8623,-0.33183,0.45105,-1.0458,-3.0195,-4.0046,-0.35545,1
-0.84094,2.603,4.4334,2.8727,7.5405,3.9659,4.2495,5.224,2
1.4569,3.4025,4.3659,-0.42608,5.2406,-0.84708,4.4295,-0.85604,3
-1.8345,3.2989,0.52838,-0.58412,3.6495,6.2831,-4.6554,-1.5214,1
0.92721,-3.2958,5.1403,0.70522,4.0166,-3.5804,3.5204,-1.6493,2
-0.18189,-1.2746,3.2192,-1.9576,-0.36839,-2.4733,-2.3729,-0.69229,1
-2.1559,-2.7464,0.088165,-0.57284,-1.0323,0.664,-3.839,1.9758,1
3.3826,1.9002,1.6828,-0.83575,6.8278,9.2164,2.3089,3.8525,2
0.22469,3.6459,-0.62195,5.2825,4.3439,-0.83028,0.066026,0.39647,3
-1.3374,0.11074,8.2706,1.807,-1.4027,3.1711,1.929,3.2229,1
0.80519,0.5864,4.3754,-4.5664,5.3396,8.6446,2.0339,3.155,2
1.8735,2.9246,4.652,0.39538,6.9442,4.5567,-1.2119,5.0093,2
2.0034,-0.096616,3.1124,4.8721,0.98743,4.3321,3.2191,1.0077,3
2.9325,1.8387,6.2242,5.624,5.1926,0.79014,1.3209,4.3927,2
0.52382,3.394,6.8925,2.7375,6.7942,2.7423,2.7228,6.7048,2
2.4702,1.2164,7.0333,4.7694,6.0336,-11.119,-4.8169,2.1896,2
2.8394,-0.73589,7.1338,-5.2226,5.1105,8.9211,3.9548,6.6249,2
-0.43297,1.1646,8.3553,0.19389,-0.31734,-1.6327,4.9902,-0.11769,3
-0.1973,-1.1465,1.5664,-0.071716,-0.65278,6.0688,-3.3855,1.2881,1
-1.5282,2.526,1.5083,0.1561,0.51241,3.5187,-1.3317,1.4038,3
2.3099,0.36241,5.0235,0.078454,7.0923,-2.002,1.2153,6.5679,2
-1.6328,-2.9067,0.64087,-0.056165,-1.1244,-3.3879,0.70205,-1.0114,1
-0.61722,-1.2815,3.9877,3.5881,0.8357,1.5943,8.1475,0.83411,1
-0.89251,-0.11974,0.45922,4.2872,-0.16776,-3.1052,0.57692,-1.1518,1
1.4319,-1.7169,-1.6086,-0.73687,-0.015305,1.5355,2.035,0.017534,1
-1.7641,-2.0051,1.2504,-1.0322,-1.242,2.1058,1.483,-1.749,3
-1.7309,-1.295,0.002376,2.896,1.6408,-2.2974,-1.1928,0.06398,3
2.6209,3.2967,4.8293,4.2883,7.1021,7.8773,3.1662,5.8659,2
2.3048,1.886,5.7992,3.3133,5.262,4.355,1.1334,5.4358,2
0.19209,1.5866,1.6374,0.77962,5.2637,-1.5887,-1.9194,1.1309,3
1.0327,-2.1068,3.89,4.3912,0.16403,-5.009,6.7408,-0.1871,3
-1.3482,-2.8781,2.2827,-1.4015,1.8584,-2.3846,8.5442,0.15067,1
0.13989,1.8469,4.5884,0.085526,4.266,-0.88951,-8.2714,5.7875,2
3.0688,2.4589,4.1791,0.92624,5.0976,4.0287,2.537,4.8395,2
0.16855,0.30058,-0.20667,2.3696,-0.68216,-2.0604,0.92867,1.1396,1
1.8052,0.49655,6.9715,5.5024,5.9176,0.67585,-4.1487,7.0897,2
3.3664,-0.62224,2.2431,1.2583,0.83377,-1.4434,-1.2904,0.61188,1
-2.2163,-0.74232,2.7324,-0.1869,0.79027,5.677,-4.3498,-1.2925,3
1.6291,1.7014,1.4608,0.47353,-0.368,-0.29687,-2.6127,2.6376,3
0.87153,3.4065,2.7933,-1.2785,4.5608,-3.6926,2.0094,-1.9061,3
2.2855,3.1417,-0.94255,1.8763,0.82748,-2.1357,-1.6235,1.0999,1
2.7326,-1.9111,1.3435,2.5196,-0.24642,0.9713,-2.6291,-1.2865,3
-0.53586,-0.64751,4.6695,2.2133,1.9727,-4.0561,2.9473,-0.81659,3
-0.27812,0.73557,-1.0318,-0.10481,-1.4753,3.8369,1.2415,-0.9971,1
-2.0774,1.3847,7.1321,0.82138,1.7152,3.2087,-3.5619,-0.385,3
-1.4008,-1.7495,-0.49811,2.0377,1.8098,2.0677,-0.95019,-0.7434,3
-0.31654,0.26971,-0.3468,-0.34433,1.7409,-2.9739,-2.6018,2.8941,3
1.611,1.5825,4.5462,0.11312,5.135,7.7503,-6.5381,5.3434,2
0.51469,1.1244,0.54996,2.5274,0.22465,-0.21526,2.8101,-0.93536,1
1.3656,0.8729,4.5773,3.7025,3.518,8.3631,2.5832,6.526,2
1.2375,-2.6899,-0.86989,0.5435,0.22936,4.0646,1.1958,2.0289,1
-2.3734,0.70095,-0.42543,-0.94294,1.9112,-1.9977,7.6021,1.8441,3
-1.0432,3.6077,7.7195,-5.1899,7.696,0.88515,0.49504,6.6109,2
-2.9393,1.8867,3.5108,-4.6242,2.5372,1.6824,4.8868,6.7808,2
4.9572,2.7165,1.4255,-0.9296,-1.1309,0.96367,-2.0481,0.26408,3
-1.1403,-0.26199,0.70481,-1.1608,2.9525,-1.3544,-0.8061,3.3947,1
0.62516,2.669,-0.55753,5.4587,-1.6292,-2.3666,15.735,3.6684,1
1.7356,-2.4058,2.4805,0.43853,1.5501,-0.60608,-3.0377,-0.58596,1
-0.044428,-0.99363,-1.3632,1.7544,-0.39334,-1.1431,-4.7237,1.1286,1
-1.1372,2.7876,2.804,-1.4765,1.3283,-3.7006,4.1804,2.0093,3
-1.2588,1.4126,3.1998,3.7874,4.2659,6.8494,0.35989,5.3668,2
-0.72872,-0.22269,3.8801,2.3278,2.1271,-1.2765,2.2772,-0.57373,3
-0.85451,2.9896,6.8702,-0.08718,3.7258,2.7572,3.7259,2.2177,2
0.35046,-1.3072,-0.14697,-1.0019,0.87243,3.7056,-4.6426,2.9535,3
-1.1438,-1.1707,-1.1547,-0.28985,1.2429,0.4744,8.0503,2.3674,3
-2.7927,2.0859,-0.042781,1.3206,5.0823,9.6269,-0.72852,1.3555,1
-0.27081,-2.7536,-1.7603,-0.06115,1.8518,0.99504,1.5958,2.0885,1
-0.034069,7.8455,-0.74262,0.9723,-1.3111,-1.1839,0.31507,0.3638,1
-0.44389,-2.1662,-0.98498,1.4696,0.29675,1.2683,1.4193,0.54215,1
2.2668,-0.27959,7.8597,3.8212,3.5033,5.5519,-0.86816,0.017529,2
-3.5345,2.4265,5.5957,2.1108,4.4206,1.4289,2.9842,6.2726,2
1.5128,-0.52078,1.8987,0.97093,4.6,2.5638,3.018,-0.29661,1
1.8579,1.7063,1.3967,3.4148,1.4308,7.5635,-1.4353,5.1374,2
3.5609,2.6184,-1.6718,3.612,-0.72701,-0.058793,0.83922,-0.87835,1
3.3139,3.0921,3.2466,5.547,4.625,1.1696,2.729,6.5242,2
-0.79519,-2.644,1.9297,0.29693,0.39012,0.79515,0.72632,-1.0103,3
2.6714,2.4807,3.7671,6.5248,-0.17042,-2.8489,3.4639,-0.53236,3
-1.5186,0.92338,6.1863,-4.5508,5.7131,8.8835,4.4936,6.5086,2
-1.047,-0.79724,1.6555,-0.38212,0.43233,7.4508,-0.95251,0.159,1
0.64032,-2.7949,1.5595,-1.4454,3.4864,-1.717,8.3369,-0.67309,1
-1.5396,-1.526,-1.472,0.40303,0.49304,-3.7047,1.4531,-0.083714,3
1.7444,-1.2288,6.4307,4.2081,6.2529,-3.6016,-1.2605,7.3246,2
3.8516,-1.7462,0.41315,3.0642,-0.98566,4.6256,2.4383,-0.048454,3
0.71356,0.49212,3.5494,1.0928,-0.6466,-0.98418,6.0869,3.0072,3
1.3215,-1.1717,1.5126,-0.072833,6.9424,7.6096,0.54814,4.2168,2
0.75163,0.88969,0.36195,4.3071,1.1201,-2.447,0.010223,-0.64814,1
-1.0499,-0.70567,-1.0113,-0.4954,-0.50121,-2.1169,-1.6213,-0.91905,1
-1.9589,3.0385,0.56164,0.38013,3.3704,1.8898,-0.018948,1.2059,3
1.4378,1.263,6.9161,-1.9713,3.2646,5.1575,3.1913,5.4841,2
1.8333,1.1548,1.8756,3.005,1.5584,8.8234,7.3659,0.13109,3
-0.80682,-2.0575,-0.79445,1.1388,-0.014564,-2.8493,-0.36057,-1.3182,1
2.8264,1.9494,6.8301,2.9928,5.486,6.3552,3.2942,6.6755,2
1.6202,-0.52339,3.1942,1.4947,0.73652,-3.3496,-4.1506,-0.48992,1
5.0867,-1.1504,4.7041,0.4418,-0.022613,1.4322,-1.6413,3.1944,3
-1.8527,0.68965,1.2286,3.5383,5.2618,10.221,-4.462,5.0165,2
-0.10127,2.8391,3.0942,-4.2189,4.1764,8.6096,1.5791,3.8071,2
-2.4537,1.9997,3.6732,-0.98628,0.3641,-3.4743,0.14988,-1.0704,1
2.716,2.5624,6.5808,0.83834,2.7822,2.5606,5.4858,6.044,2
0.40035,-2.7101,1.2868,-0.29999,-0.4703,-4.0464,-4.4436,-1.2914,1
0.3937,-1.3241,3.1068,-0.43693,3.6117,-2.2488,-2.3064,-1.2758,1
-3.606,2.4919,4.046,-1.6019,3.2505,10.695,3.8814,0.32589,2
3.8997,2.6765,-0.66155,-1.234,-0.33532,6.0206,4.1651,6.4579,2
3.0163,1.2678,-0.42834,3.4614,5.3542,-1.9412,-1.5044,-1.0282,1
1.9471,-0.46003,-0.050569,-0.64921,0.99332,10.813,15.307,-0.39315,1
1.771,1.2258,2.8277,-2.7341,7.4374,10.379,1.1918,6.0793,2
1.7498,0.58333,4.708,-1.0677,0.77851,8.5616,-1.3691,2.5709,1
0.65262,0.008284,-0.59867,2.3365,6.7148,2.8802,3.3891,4.3197,2
1.6753,-1.3636,7.9031,3.0211,4.6403,-3.1002,7.5538,5.6414,1
-1.339,0.49309,3.426,-0.97852,3.5868,-1.9566,1.8655,2.2672,3
-1.7033,2.0923,0.45837,3.8476,6.2865,5.6984,-1.239,0.64165,1
2.9699,3.3526,2.8578,4.0714,2.7293,5.947,5.3711,1.1272,2
4.6683,0.17832,0.097681,-1.1616,0.9221,9.6799,-0.5115,1.8555,1
0.25716,-2.0004,1.7925,0.42285,4.2645,-0.85122,5.2112,3.8591,3
2.4502,1.2387,4.3448,-6.1929,2.061,8.2981,2.6797,7.128,2
3.3293,-2.5631,-1.4272,-1.4315,0.24484,2.63,4.2761,-0.79479,1
2.3909,0.47687,-0.19052,-0.40283,0.61718,3.1668,-3.228,3.7935,1
-2.2559,2.8573,6.8551,-2.1394,7.9445,7.4077,2.412,4.0417,2
-2.8102,2.9787,5.6521,6.3827,5.341,3.4109,0.87285,6.7436,2
2.2593,2.5538,3.4531,-1.7683,3.7727,2.638,5.5263,4.493,2
-1.7987,2.6626,-0.64912,-0.001313,-0.40664,5.5229,-0.91487,4.4176,3
0.84289,3.5338,7.2301,3.5636,3.0581,0.82437,4.8445,1.5521,2
0.88058,-0.013079,-0.095927,5.7134,0.48782,1.2784,0.44876,3.4591,1
0.46756,1.9406,1.7189,2.8658,1.8651,-0.0475,-1.9205,0.30326,3
-2.3647,1.4487,6.6481,5.2252,6.3851,10.065,1.5607,7.1413,2
1.9264,0.32204,-0.95622,5.9214,0.42156,5.9737,0.83744,0.79248,1
-1.3529,-1.4113,-0.15306,1.0981,-0.94914,-0.44989,2.7075,3.3227,1
0.18419,0.55539,0.91803,1.1471,-1.2379,-2.0834,1.8945,-1.278,3
0.54143,1.7247,0.58821,3.2564,-0.8962,1.8782,-3.6155,0.26171,3
-0.31268,0.19665,7.1902,5.2772,5.166,6.8983,-0.89896,4.1288,2
0.43789,-1.2148,4.1438,1.1109,2.9807,3.8956,-4.7441,0.12453,3
-2.9057,-1.4794,1.9139,-0.23875,7.0385,1.3012,0.36606,2.4783,1
-2.5799,1.0826,-0.14597,3.0211,4.0586,-0.097088,-1.029,-1.3592,1
0.54021,3.3141,1.2817,-0.81691,2.2883,7.7468,1.2062,6.3631,2
1.0178,1.5731,6.1068,-5.1318,6.1278,4.9224,-0.96333,7.5659,2
-2.7778,-1.5674,0.22075,1.5359,2.5407,0.29828,-1.1007,0.066225,1
0.19395,3.7844,7.226,5.7316,7.2501,7.291,2.7849,7.5797,2
-0.32801,-2.0131,0.97832,1.9938,4.6021,5.563,1.0668,2.1352,1
-1.6918,-2.1063,-1.1278,0.57915,5.3011,1.8505,5.1333,-1.6106,1
-1.2657,-2.5431,2.0075,-0.4411,0.78124,-0.8255,-3.0775,4.9839,1
0.22277,-2.8985,0.5362,1.7496,5.7733,3.1631,2.2304,-1.4857,1
0.30633,1.9625,0.87479,2.9321,-1.5091,0.25743,-0.64942,-0.71331,1
2.9522,1.5409,1.2908,0.76921,-0.33921,0.65057,-0.97291,0.03483,1
2.4707,2.5977,-0.85398,-1.2742,-1.8076,0.54571,4.6015,4.7754,1
2.6812,1.5615,-1.8344,3.1555,1.026,13.298,8.3599,5.2139,3
-2.2716,0.44448,-0.36072,-0.94282,1.5535,-1.9721,-3.7387,-0.90742,1
3.8842,-2.7876,0.73216,0.94566,3.4036,3.1939,3.3983,-1.3455,3
0.4195,2.1097,3.7099,-7.0201,5.2034,6.0628,-3.706,6.9273,2
1.2957,1.3112,0.2977,-0.67726,-1.9431,7.6693,9.9895,-0.54017,1
1.4784,-0.69497,2.9847,2.7453,-1.3941,3.0161,-1.6154,-1.5848,3
0.40493,1.942,1.501,-0.39329,-0.5433,7.8497,-2.899,-1.3366,1
3.4798,3.4798,1.2078,-0.21466,4.6262,7.3284,4.7414,3.0197,2
3.6339,-2.4446,1.1322,4.9357,-1.4266,-1.5779,-0.66903,-1.1555,1
1.0907,1.001,-0.59466,0.37672,-1.1818,1.3894,0.33444,0.25682,1
2.1739,-1.2541,-0.13893,0.9531,-1.1877,-1.224,0.6447,1.4352,1
4.7824,-0.51971,2.841,0.66006,2.0417,1.4072,-4.3707,-0.86525,1
1.641,-1.2466,-0.34655,3.6686,2.7202,0.17575,3.4717,1.566,1
3.4289,0.2499,5.5957,-16.269,4.379,6.6878,-0.10302,7.8075,2
3.4573,2.8178,5.2662,-4.4989,7.4919,9.8051,2.2485,1.2488,2
2.5962,1.7867,5.5383,0.88536,4.1834,10.7,-0.35386,6.8556,2
1.9663,-0.68815,-0.35189,-1.6541,0.65587,-1.1735,-3.289,2.5646,1
0.36466,3.0992,2.4993,5.5446,7.0053,10.377,1.0189,6.4216,2
-2.0912,-2.7257,0.28189,-1.3243,0.27393,-3.0499,0.8042,1.2717,1
-2.8191,-1.6782,0.796,0.76911,-0.39542,-0.21618,2.5376,0.35736,1
1.7817,-2.7198,0.70066,-1.5401,-1.9819,0.68521,0.099431,0.30353,1
5.7499,0.93779,1.1356,-0.76423,-0.22587,1.0639,-3.0216,0.29342,3
-1.2089,-0.45248,-1.3462,1.1846,3.9555,2.8248,-1.8369,0.53776,1
0.60947,3.6032,-1.3427,3.3455,2.6873,-2.4003,6.2402,0.21267,3
1.2904,1.0197,7.3683,5.2547,3.7286,7.0096,-0.26562,7.0301,2
-0.71704,0.85067,-1.0847,-1.0043,0.95298,4.0633,13.225,0.45523,1
2.6472,2.8247,2.6171,4.7877,6.0112,10.72,1.4655,4.1248,2
3.0513,0.67988,0.50793,-1.3974,0.74146,-0.55741,-1.6364,-0.6967,3
0.88872,-2.3952,3.4348,1.5379,2.1244,6.2496,4.223,0.33892,1
-2.8051,-2.2592,0.000733,4.15,-1.3688,-1.5892,-3.5861,0.53938,3
-1.722,1.5471,6.1441,2.6204,5.8062,6.6633,-1.814,6.5581,2
3.1675,1.7998,1.2279,4.5831,1.8385,1.4657,-1.8604,-0.22006,3
2.814,2.5431,4.7034,6.9404,3.1982,9.9352,-0.82357,6.4134,2
0.83062,2.6851,3.409,2.7783,-1.3067,-0.47642,9.2184,-0.5956,1
-1.278,-2.3622,2.6665,-0.54573,0.97112,3.8535,-2.719,5.0171,3
1.3536,0.55838,1.1411,6.0372,0.42799,-4.5347,18.379,-1.6804,3
-1.022,-1.5596,6.7095,-1.4912,-1.0149,-3.0687,1.5704,-0.41938,3
-1.5282,-2.5593,2.2606,2.3472,-0.95913,-0.32674,3.1289,4.9107,3
2.2687,2.5258,6.5837,3.2475,5.4346,4.3526,-2.7761,5.8498,2
-0.34875,0.85733,6.7801,-5.7033,4.3945,3.7491,2.9015,3.2935,2
1.9345,0.47267,-1.0782,3.941,-0.25615,4.9617,0.042774,1.5569,1
3.5414,1.2077,-1.1085,-0.59613,-1.4107,1.3176,2.5777,1.6796,1
-1.2115,1.8674,6.1167,-1.5118,-1.6187,3.6721,-2.5872,3.7,1
3.5487,0.77492,5.1138,0.77654,7.1415,7.3248,1.539,0.65069,2
-2.6531,-1.9349,0.32883,7.153,1.974,-0.12474,1.9426,0.90872,3
-1.0531,1.8628,4.5548,5.3356,-0.66995,0.14851,2.5419,0.14574,3
0.54615,0.092217,7.0608,4.8606,3.7997,8.8295,-5.6697,5.5184,2
-2.8598,-0.78161,0.85637,1.9556,2.0451,-1.5507,-3.4868,-0.31736,1
-0.54785,3.0847,6.6195,-0.7765,6.483,7.9061,0.77343,5.2901,2
-0.40537,-2.0246,2.5204,1.6315,7.4147,-0.72035,-4.278,-0.36047,3
1.5193,-1.9881,0.33318,0.7148,0.5394,-2.2088,4.2696,-1.0997,1
-1.0778,2.5634,-0.66599,3.1153,2.5389,-2.4674,2.1322,1.3726,1
-2.1714,-1.079,5.3371,1.3275,-1.3148,-3.9376,-2.7396,0.012991,1
2.268,3.6054,6.5474,-6.7569,3.2972,8.8737,-0.88517,1.2405,2
2.2406,-2.6471,2.3885,-1.4473,3.5127,1.7055,3.9312,-0.70658,1
3.1436,2.7588,-0.80167,5.064,-0.82887,-1.9384,0.98191,1.8577,1
0.68928,-2.937,5.7606,-9.9208,4.257,1.3217,3.753,3.4901,2
-2.0896,1.4092,-0.86282,-1.9134,-1.1797,-3.6581,-1.7756,1.1998,3
2.1375,-0.3009,4.9742,0.56958,7.2183,6.0695,4.1389,7.8005,2
-0.042204,-0.53704,3.6008,2.1542,2.3863,1.213,5.7497,1.3957,1
1.8856,3.1475,4.1406,-3.7028,4.5183,6.3154,4.2012,3.7128,2
-1.6658,-0.81826,-0.46425,-1.6053,5.0746,6.0012,16.06,-0.011814,3
-0.46734,3.4803,4.0004,-1.334,2.8999,4.6375,-2.3824,7.5324,2
-2.1135,-1.9327,0.29282,-0.11778,1.5459,-3.4771,1.6156,-1.4563,3
-0.47098,0.18807,-1.8176,2.3557,1.6473,6.8265,-1.2496,-0.56489,1
1.6908,3.1175,5.2312,2.2677,5.057,5.6151,-0.60923,7.6202,2
-2.1212,0.54672,0.31776,-0.90877,0.7626,-1.234,-0.93577,1.2503,1
-0.088153,-0.88556,2.8017,-0.79256,2.9107,-0.49465,-1.8874,1.9375,3
1.003,-2.0517,5.7269,2.3386,2.2437,-4.3806,-3.9562,1.765,3
-0.46604,-0.34473,0.94759,-0.39834,-0.33554,6.7126,4.0044,1.996,3
-0.9078,2.755,4.4781,-1.7088,0.95788,-0.767,-4.6132,-0.11459,3
2.3885,0.34319,4.5282,2.4363,7.467,6.4853,-7.2284,3.3631,2
-1.0553,0.66805,1.7281,1.7604,6.3979,-3.2645,-3.1514,0.76158,1
2.4285,5.4455,1.5661,-1.1266,4.6008,-0.22163,-3.8543,-0.91883,1
1.3676,2.7071,6.6264,0.67706,5.7554,5.3354,3.7598,6.232,2
-1.4078,3.6725,-0.51605,1.9134,0.84485,4.1458,-1.3569,2.7894,1
1.0409,-2.6153,2.1075,1.3383,3.9085,-0.84173,-1.7666,1.1465,3
3.3661,4.9209,-0.20219,3.73,-0.99123,4.5295,1.5349,0.63784,3
-2.6203,-1.4401,2.2658,-0.54025,2.9934,-2.8805,2.8053,0.38655,1
-1.8033,0.50722,-1.0973,2.1809,-1.4304,-3.7514,5.5838,0.76229,3
0.55406,-0.51743,4.6484,0.3205,6.1731,6.0698,0.18241,4.9018,2
0.050474,-3.2185,6.9507,-3.2013,4.4362,4.058,0.47752,4.0895,2
-2.8341,-0.77979,1.1942,-0.81261,-0.35008,0.23623,3.4911,1.9974,1
3.3043,3.5845,4.1275,-6.6204,6.11,2.0465,-3.3096,5.2547,2
1.4157,0.48596,0.82567,1.9378,1.4492,-4.8645,7.4247,1.5734,1
2.0024,2.7902,5.9655,2.0494,4.5931,0.92462,-0.70662,7.6084,2
0.13231,0.96288,0.40006,0.77685,0.31833,-4.4854,-1.4453,2.0649,1
-3.2043,0.74456,7.3684,5.6398,2.2505,8.6758,1.9168,6.5337,2
2.8311,1.4587,6.1332,0.2063,6.3537,5.6128,3.7153,3.0987,2
-1.4969,1.1615,-1.1864,1.4057,-0.55993,-1.6562,-4.163,-1.309,1
-1.7549,6.9286,1.3531,-1.5492,0.40988,-2.6199,-0.7547,1.3003,1
3.5231,-0.20824,5.3828,0.042916,5.9224,4.769,0.89401,4.0693,2
1.7926,0.75047,4.0377,3.4187,2.318,3.707,1.5234,7.3827,2
4.1927,-0.98791,0.8733,3.1507,1.2556,-4.2735,3.2636,2.675,1
-0.71634,0.99636,1.0208,0.92701,2.1431,1.5222,0.17142,-0.6823,3
-0.74766,-2.3515,-1.0899,1.6331,3.1595,0.13506,-1.927,-1.0866,1
-1.8549,-0.36094,4.4656,1.522,1.6407,0.17564,1.569,5.3989,3
2.3043,1.0635,3.2297,-1.146,-1.1525,1.881,0.12744,0.73113,3
2.616,2.9606,5.1909,-1.0239,5.5009,2.4382,2.874,6.0532,2
1.6923,-2.4283,-0.47126,2.7916,-0.51383,-2.7692,4.1865,1.5939,3
1.0758,-2.1418,0.98386,1.8812,1.7273,2.048,-3.6435,0.074727,1
-0.75259,0.50407,-0.064986,-0.7576,1.2785,1.7389,3.7726,4.7852,3
1.3275,2.5043,6.5854,-1.7647,2.7591,4.4415,4.0415,7.2971,2
-2.4367,-2.2122,1.6386,1.2532,1.1199,0.33015,5.05,-0.081192,1
3.181,1.274,3.3913,-3.2375,7.2135,2.3027,-0.1477,2.7806,2
4.1841,-1.1643,0.46002,0.73896,0.70822,1.1518,8.5568,1.3074,1
3.4512,0.57493,0.84154,4.6027,9.1295,-1.0813,0.036926,-1.7303,3
-1.7328,-0.079794,-0.096712,0.51316,7.0133,1.5782,3.8141,4.465,1
-1.7082,0.55764,-0.64645,1.9964,0.26538,-0.55874,-1.0401,2.2452,1
-1.0441,0.37892,3.4133,7.388,2.8494,2.8875,-0.62483,2.4227,3
3.2346,3.6812,5.562,-8.6585,7.701,-2.9758,-8.7661,6.884,2
2.1788,-0.39265,-1.3623,0.15608,-0.41499,-2.0114,-0.62804,3.2755,1
4.7025,1.2489,0.007067,1.2104,2.4944,-3.7692,-3.9459,0.03629,3
3.2456,1.4602,5.4934,1.0854,7.8455,6.5905,-6.5064,7.3725,2
-1.0594,3.6909,1.4412,2.73,-0.21484,-2.4521,0.13308,0.82859,1
-1.0033,3.5451,7.0219,3.7788,4.0639,4.4792,2.1691,5.8463,2
3.4564,3.1671,5.4271,-2.7975,6.8101,6.6994,5.1795,4.3097,2
-0.2515,1.1984,3.0176,-0.012289,2.9418,-1.8478,-3.4014,-0.066753,1
-2.2261,-0.30018,3.3728,1.3845,1.1563,-2.7546,1.141,-1.2253,3
0.033852,-1.4855,5.4197,-1.5665,3.3602,6.1887,4.7652,7.8926,2
3.0238,-1.1897,6.2431,3.1883,4.9201,5.8618,4.2337,1.8432,2
-2.5346,3.6778,4.4343,4.4251,7.094,7.6962,2.8381,7.1319,2
3.1744,2.7016,5.4957,-1.6387,-0.86803,8.7024,-6.3314,7.0796,2
-2.2877,6.4941,-0.30897,0.15165,1.1069,7.1734,0.7314,0.48856,3
-0.98216,1.0779,3.8822,2.0205,-0.77585,-0.93376,-2.3146,0.23455,1
1.6887,-0.097939,6.0236,-8.9964,5.0253,7.1314,0.20283,1.2405,2
2.4012,-4.699,6.9407,4.8213,4.8457,6.5103,-1.1635,7.0219,2
0.28754,-2.0575,3.6315,-0.26431,1.5371,-3.1383,5.1717,2.1071,1
-1.4558,7.1789,-0.52335,-1.6827,0.35408,-1.348,-0.56775,-0.18547,1
3.0059,-1.2293,3.02,0.83661,2.2109,3.2927,-3.0411,1.1931,3
1.2362,2.5706,5.0263,-0.7557,3.2054,3.6092,1.9405,-1.6206,1
4.0921,1.7086,1.5251,-0.3952,-1.3951,-1.3732,1.5032,-1.3339,1
0.77586,0.21656,7.4151,-1.994,5.8099,9.9345,1.7809,5.5766,2
0.78868,-2.5231,2.8386,-0.31656,0.96968,-1.0162,-3.6913,2.4375,3
-2.2953,-0.68656,4.816,-0.093997,4.3227,-0.75983,-1.725,0.85708,3
2.9579,0.076551,-0.1746,0.22504,2.1321,2.764,-2.5192,-1.1829,3
-0.78091,-1.7706,-0.26787,2.2733,0.49631,-0.64483,0.21237,-1.7054,1
2.7125,-0.6192,6.0471,-5.3448,7.5329,8.9965,2.9382,4.756,2
-1.955,-2.8026,-1.7062,-0.18998,-0.91433,-3.1633,5.6295,4.0753,3
-1.2294,-0.40677,3.3399,3.3422,-0.030572,0.51231,-1.7744,-1.3273,1
0.3318,2.0144,0.34718,-0.73248,2.0301,-3.5146,9.6716,-0.40411,1
-0.46361,1.4645,3.5481,-1.5195,1.2924,7.7315,10.876,0.083838,3
2.3096,2.3191,2.969,3.2043,-0.39768,5.5315,-3.8343,0.25451,1
-3.8677,0.95165,5.7728,1.38,7.5477,9.8291,4.3428,5.8509,2
1.3669,1.9884,1.4978,0.33218,-0.12236,0.86967,0.9188,-0.96239,1
3.6983,-1.2554,4.7633,0.73654,2.3746,-1.846,2.903,-0.23934,1
2.9331,1.9247,4.1707,1.8346,-1.353,-0.28593,-1.9904,0.6672,3
2.3156,2.0639,5.3929,0.68894,0.14065,-4.3263,-2.4742,2.4617,1
-2.0021,-1.6255,0.17786,3.2047,-1.1752,-2.4014,6.8298,-1.0681,3
-1.8118,-0.4567,2.6986,1.8897,0.20702,-3.4901,6.7654,0.50828,1
0.45567,0.55017,5.8292,-6.3902,2.2907,0.030426,5.175,6.6826,2
-2.0504,0.34948,3.9471,-0.29746,2.959,4.7097,-3.2158,7.2729,2
-1.7487,-1.5299,1.4728,2.6367,0.38233,4.1626,2.8968,2.3197,1
-0.41897,-2.7848,2.4407,-0.14284,-0.99517,-2.5217,2.258,1.0658,3
-0.90436,-0.78487,5.9861,2.2008,1.1851,0.6851,-3.8855,0.07767,1
-2.9872,-0.031134,-1.4081,2.2382,2.1559,-2.539,-2.2994,1.7387,1
-0.019441,-1.0978,-1.0368,-1.4718,-1.1538,-1.4154,-2.2243,6.6568,1
2.4067,-0.54315,1.9191,0.516,0.97862,-2.1686,-0.94035,1.151,3
2.611,2.8994,6.4376,3.3012,6.4946,4.9226,0.84234,6.3136,2
-2.2312,0.22016,0.23953,-0.47213,-1.4112,-0.77168,2.9562,0.19595,1
-2.0966,-2.1791,1.5576,0.3195,-1.0474,-0.14062,-2.3872,0.006114,1
1.7947,0.72054,4.2,-1.7646,7.0295,5.7539,-1.8236,6.3865,2
0.65604,-0.27067,0.3684,1.9986,6.2305,-0.17808,-3.6908,2.0204,3
-1.8469,-1.9074,-1.6298,-1.7634,2.0029,1.3987,9.8036,-1.7827,3
0.5158,6.0363,2.8716,3.1851,2.6493,0.37671,-2.9492,3.1978,3
3.215,3.2966,7.4136,1.0929,5.7932,8.5548,3.4548,5.5031,2
-1.956,-2.0838,0.46797,-1.4276,8.4869,-1.258,-2.4622,-0.32563,1
0.97496,-2.8703,-0.3273,0.096599,4.6075,-3.2007,-3.0106,2.5059,3
2.2207,1.4264,7.8818,-5.1529,6.5516,10.511,0.40284,6.9175,2
0.80756,6.0096,-0.056416,-1.4058,-1.7682,-1.5542,2.7657,-1.2627,1
-1.6701,0.66945,-1.4293,8.9242,3.1424,3.8451,-1.9345,-1.8938,3
1.3791,2.0079,6.9767,1.2592,-0.047324,2.5956,1.6498,5.9127,1
1.0177,3.2515,7.1716,0.83174,6.9766,7.8206,4.4456,5.7809,2
-1.8172,2.2154,6.6752,4.5961,5.5549,9.3237,-0.80158,6.7393,2
-1.8494,0.97782,0.33167,-1.7368,0.18804,5.6179,-2.7223,0.94805,3
-0.07592,-0.019953,4.0847,-1.2001,3.8012,-4.3711,-6.1527,7.1769,2
-2.4251,2.5317,7.0439,6.4058,4.0016,3.733,3.8686,6.827,2
1.3346,3.7384,7.1078,0.65782,6.6953,4.4121,3.3148,3.6173,2
0.094339,-0.22346,-1.6021,-1.5382,-1.844,-4.14,-3.182,-0.53286,3
0.21322,2.2552,6.8167,1.5613,6.7601,9.1044,3.1042,7.4409,2
-2.134,-1.2234,1.4865,1.0166,-0.092771,1.603,1.3291,-0.82788,1
-1.396,3.5209,-1.7807,-1.0542,-1.11,-1.4768,5.108,3.5455,1
-0.030633,1.768,6.487,0.79077,4.7626,9.4866,3.2292,6.6692,2
3.8747,2.4761,-0.23538,2.4283,-0.3461,-0.067174,-2.3818,-1.6399,3
3.4137,-0.587,5.9396,4.3493,7.2452,10.172,-3.1464,5.8571,2
3.1496,3.0445,0.55263,1.3752,3.4495,-0.23388,-1.5915,1.4035,1
0.19365,2.7417,7.4056,-0.87585,0.7917,4.0964,3.7895,2.9057,3
0.25687,3.1679,6.765,-3.3583,6.3272,5.0957,-2.8528,7.8452,2
-1.1659,0.020745,-1.4426,-0.65599,-1.0798,-1.9821,-1.8346,-1.7131,3
2.091,0.25463,2.6383,-1.1881,-0.35791,-3.0869,0.20766,0.95181,3
4.7301,2.824,-0.88734,-0.50452,1.256,-1.4526,-1.6598,-1.3297,3
2.6498,1.5991,2.97,-1.3608,4.1514,1.7789,-2.4237,4.0032,2
-0.98465,3.5493,1.1423,-0.53648,2.208,3.261,-0.1401,-0.92596,1
2.576,-1.2469,-0.50827,0.4085,-0.82914,-3.8115,14.285,2.3477,1
0.34157,1.21,3.7862,-1.5711,-1.5691,-3.4389,2.6313,0.022114,1
0.81282,4.005,6.3566,4.2695,2.1091,-1.564,1.952,4.6903,2
-0.96981,2.8726,2.3345,4.8026,0.16234,-2.4658,-2.9098,-1.2818,3
-0.12433,2.8492,-0.60435,-0.7981,-0.67764,-1.9385,8.8799,-0.49966,1
1.1852,2.2838,2.6523,-1.7983,6.982,0.77236,0.11768,3.236,2
-0.8784,2.5644,1.0972,4.4821,3.7874,-3.1004,1.9388,6.3054,2
-2.3256,-1.068,2.1099,0.44496,4.701,0.67933,-2.2836,0.88629,1
-1.5562,4.9436,-0.25137,2.8799,-0.073473,-1.4035,0.63204,2.8283,3
2.678,-1.9827,5.4245,1.4016,6.4961,0.58106,-0.54847,1.3328,1
0.18939,0.30791,1.4671,1.0209,-0.45547,7.2711,-1.5478,2.7157,3
0.8978,-0.49468,0.72407,-1.4777,3.0438,-0.11148,3.4236,-0.10431,1
-3.7179,-3.6027,7.1046,1.0321,5.8996,7.5072,-0.085721,3.5336,2
0.37054,0.96396,5.6347,-1.3849,5.5394,2.5853,1.6793,5.9892,2
-1.908,0.51691,7.9494,0.028124,3.9527,-1.9303,3.9062,2.0078,1
1.2661,0.44487,-0.26785,1.152,-1.0102,1.2003,-3.9993,1.1203,1
2.7845,0.91489,4.4929,-2.1294,3.7084,3.9301,2.679,6.0897,2
0.91735,-0.25585,1.9843,1.1354,-0.14805,5.4195,1.5205,7.5804,2
0.14369,-1.0376,6.117,1.0207,-1.0451,4.3924,-3.466,-0.61744,1
-3.7282,2.4652,4.8976,4.885,1.4144,1.5397,1.8849,4.8263,2
1.0553,-0.9725,4.2372,-1.6359,3.4395,0.83186,-3.4576,6.1504,2
-1.4245,2.2118,0.95333,0.069434,5.7723,-0.80437,-3.9914,1.8673,1
0.55455,-1.8141,-0.30222,-1.7983,-0.50335,6.5457,-4.902,-0.3784,1
1.6265,-0.47811,4.2149,0.33813,-0.6564,-2.7257,-0.94196,2.6459,1
1.0461,3.4031,7.7045,1.3143,0.30526,7.6125,2.8133,5.7114,2
3.5071,0.082593,1.3667,7.2939,1.7178,8.1085,-2.0719,0.2379,3
-0.13324,1.1685,5.0681,-5.8317,1.6834,4.0893,2.4776,3.1133,2
-1.8118,-0.4567,2.6986,1.8897,0.20702,-3.4901,6.7654,0.50828,3
2.2827,2.8313,5.6408,5.8517,4.0056,2.696,3.2836,7.1622,2
0.46124,1.0524,7.366,0.54405,8.0061,8.3048,4.7335,4.6825,2
-0.10275,3.0586,-0.37836,2.2334,0.056166,2.0372,-0.79018,-0.36857,1
0.48131,5.0556,-0.10259,2.3156,4.0348,1.2497,-3.5994,3.6879,3
2.344,0.14048,6.2298,6.693,4.8125,1.9449,3.326,6.1417,2
2.1211,0.45782,-1.0617,2.3606,-1.3956,3.192,3.8267,1.103,3
-1.4078,3.6725,-0.51605,1.9134,0.84485,4.1458,-1.3569,2.7894,3
3.5204,0.5769,3.4128,4.8944,6.2042,9.077,1.8442,4.8058,2
0.61526,1.2979,3.0984,1.4211,7.22,5.447,2.7026,3.7099,2
-0.84711,3.6386,6.3364,4.8512,6.2543,3.1386,2.4761,5.411,2
0.85734,6.4674,3.8193,3.6581,-0.27102,-2.9757,0.10871,1.9939,1
2.9387,2.2228,0.91569,-1.357,0.43986,-2.8529,4.8765,-1.6788,3
0.007061,4.8932,6.248,1.3516,2.3519,0.6346,4.7016,-0.55459,3
0.027489,-0.43583,-1.1175,1.1431,-0.28972,-2.9807,-4.5552,4.1322,1
0.19568,-1.183,-0.2251,0.17445,4.1709,-3.1294,0.11907,-0.032575,1
4.4723,-2.7233,0.67848,0.70729,-1.0209,11.251,1.143,5.4017,1
-4.811,1.6948,6.6292,2.0888,6.4024,9.8574,-2.2742,-1.9088,2
2.5399,3.7766,2.6438,0.15533,3.455,-1.4745,1.157,6.8436,2
-0.59602,-0.042306,3.8435,3.7467,5.4683,6.6908,3.6563,1.8199,2
2.5162,1.1455,-1.7638,-0.65115,-0.81046,0.48443,0.92988,-1.5085,3
-1.4071,0.45541,4.4604,1.3892,0.89865,6.9704,2.601,1.1595,1
0.82986,-1.4146,-0.99402,1.9822,0.28006,7.3158,0.36273,2.5464,3
2.484,1.0126,6.2866,0.2229,5.9213,10.115,-3.6836,4.8257,2
1.7319,2.9286,4.5497,5.0642,1.0198,9.0107,3.2005,4.185,2
0.58138,-1.0402,-1.21,1.9579,3.8816,-2.3386,3.3413,6.8152,1
-4.7776,-3.5346,7.1815,3.8276,7.8322,4.0739,-1.8692,2.0234,2
2.5414,-2.0644,-0.75886,1.1016,-0.55947,-0.004583,3.3439,2.4552,1
2.1528,3.4859,-1.4344,0.61778,4.9738,4.2206,-2.1697,1.098,3
3.4599,0.91318,0.19817,-0.72035,3.1192,-2.8986,-2.5819,-0.93679,1
-0.49851,2.5417,1.9474,3.4592,3.6966,3.4607,-0.18843,6.1465,2
0.094245,1.4899,-0.9274,-1.1938,2.1751,8.0371,8.2376,0.36349,3
1.8376,1.6064,3.5928,-1.6146,3.8356,1.9693,0.88964,0.93643,2
-0.78644,-2.4729,0.88101,0.31343,0.018892,0.85558,0.35008,-1.0851,3
0.39702,-1.062,-0.10652,4.0755,1.4314,6.6559,-3.5205,1.4633,1
-1.4465,-1.3739,2.0429,-1.4741,0.86913,-3.8555,3.0631,1.0925,3
-0.80064,2.733,1.5023,2.9607,6.3326,-3.651,2.1218,3.1353,2
-0.52312,0.44316,0.34744,1.25,1.7266,-0.15087,-3.0532,0.14717,3
2.4759,-1.1811,3.1787,7.3873,3.1409,-0.28141,-2.024,2.197,1
-0.11356,2.8027,1.5384,0.91722,-1.2423,8.6677,-1.1399,6.39,3
0.091094,-2.0189,1.1641,3.8819,1.8754,-0.53147,7.4724,3.5334,3
1.5133,3.8075,4.8523,-0.86259,5.3243,5.0921,4.1599,6.7531,2
-2.4329,1.6439,-0.24407,-0.5634,5.4887,8.4511,-3.7679,0.89952,3
-0.90212,0.71829,4.0266,1.4395,4.2269,4.4302,0.89033,-1.1364,3
-2.1054,0.6405,0.027671,-0.058778,-0.41977,3.3469,-2.1147,-0.15113,3
-0.73187,-0.46946,1.8816,0.6009,3.5598,6.9347,-2.5994,-1.084,1
-0.73706,3.1012,5.292,0.72591,4.5398,5.3211,3.454,7.3525,2
0.23034,3.7788,0.66307,1.2229,0.041717,1.7946,-2.6841,3.3744,1
0.40951,1.9117,2.5419,-0.21069,7.2204,4.5728,8.9607,-0.85521,1
1.5865,-4.4524,1.88,-2.5621,7.5881,9.7355,-0.9463,4.3962,2
0.40951,1.9117,2.5419,-0.21069,7.2204,4.5728,8.9607,-0.85521,3
1.0908,-2.1996,1.2018,-0.33512,0.41459,-3.8278,-3.4772,-1.2115,3
-1.4537,-0.085226,-0.44482,4.8271,3.2214,-1.8758,-1.083,1.0675,3
3.1154,0.28216,0.77328,0.9566,0.42933,2.8738,-3.4639,0.22139,3
-0.20863,-1.4383,-0.55733,1.4571,-0.10629,9.2368,-3.4916,0.4564,3
4.6923,1.2506,0.47096,2.7806,1.7427,4.1426,-1.762,-0.66448,3
-4.3557,1.2138,6.6026,1.1287,5.231,1.7608,3.3382,7.6235,2
-2.0865,2.3619,2.334,-0.44448,0.025699,2.3775,0.59514,3.0499,1
-1.2162,0.095021,-0.43337,0.98315,1.2269,2.2411,-3.0215,1.2383,1
-2.5002,1.6369,4.0368,-2.4184,4.8368,5.1679,-1.0281,4.6962,2
3.7171,3.1994,2.8028,-2.9332,4.2299,10.107,3.6062,5.7315,2
3.2994,2.2433,5.0684,-5.1012,5.4821,9.3313,1.0778,6.7186,2
1.3905,-3.2361,4.049,-1.4897,5.5627,5.8206,-0.53399,4.4266,2
2.3433,-4.102,4.4593,-7.548,3.5171,1.2267,4.6005,6.5072,2
-0.96264,1.5861,0.78652,5.2463,5.7274,-2.1199,0.067314,0.024533,1
-2.3442,-2.3995,2.6879,5.2497,0.55427,-0.62307,8.9961,2.6562,1
-1.8033,0.50722,-1.0973,2.1809,-1.4304,-3.7514,5.5838,0.76229,1
-2.1014,-1.0631,2.1471,3.1485,4.8193,-0.42229,5.1794,3.1013,3
0.79235,-1.9664,-0.61144,0.38943,3.6778,0.33749,3.0417,1.4188,3
-0.1934,1.9274,6.1441,-4.92,5.9327,8.5894,1.6146,5.2993,2
-1.7319,-0.73227,-0.34128,1.3976,2.4782,-1.7891,-1.6645,-0.36704,1
3.5413,3.4016,7.1892,-1.6018,7.0666,4.4728,4.3651,0.5344,2
3.1162,-1.3759,3.1512,-0.63458,5.238,5.7762,3.3194,6.2665,2
1.4116,3.3127,2.9827,2.8131,5.2093,8.9934,2.0205,4.995,2
2.5495,-0.011345,6.1671,-0.78655,4.1269,4.1872,3.7375,6.5776,2
3.7364,1.9617,4.2443,4.9221,1.1779,0.60261,-3.0846,1.1746,1
-2.6518,1.1281,-0.27623,-0.11236,2.6397,-1.2925,-4.7072,0.7399,3
-1.8164,3.8281,-0.060507,1.323,-1.6861,-2.961,8.9756,1.1284,3
-0.92444,-1.9209,0.47796,-1.2324,0.53355,4.652,-2.727,-1.1341,3
-1.2023,1.1524,-1.1998,3.8824,3.2663,-1.1363,9.7688,0.32558,1
-1.8595,1.5714,-0.13467,1.5281,0.6932,1.1847,1.3306,4.5349,1
2.6154,-1.3114,1.2816,0.56031,-0.46818,3.9646,1.3094,2.6597,1
-0.53031,2.9509,2.4905,2.2591,-1.4131,5.3295,-3.1026,-0.77448,1
-2.2548,-1.117,3.427,4.2458,5.7434,1.1837,0.58518,-0.96459,3
2.7142,1.9341,2.2661,-1.8426,3.1005,-0.29512,-3.1323,2.5413,1
0.1665,0.43311,5.7615,3.6581,6.5485,10.515,5.1525,2.0396,2
1.099,3.2217,7.7565,-1.1602,2.1649,7.551,-1.8569,6.7585,2
0.47078,1.1406,1.5012,0.48653,0.91919,0.67697,-3.634,1.8396,3
2.8608,2.6394,3.8251,2.8782,5.6649,10.288,0.24472,3.282,2
-8.2455,2.1171,4.5582,-1.4233,3.4527,1.2383,-8.1403,3.598,2
0.21218,0.02891,-1.2587,8.5261,3.4958,1.804,-2.9767,1.9097,3
-0.098238,0.52392,2.5062,0.9908,-0.28242,-2.1694,4.2174,1.0052,3
1.5393,2.1508,2.458,1.1199,0.23244,2.7013,4.0596,2.1789,1
-0.6613,1.449,0.98338,4.1121,-0.47113,-2.2466,-3.5386,1.2565,3
-1.4232,0.12408,2.4744,3.4131,0.42026,7.8464,1.7825,1.1177,3
0.24773,2.9784,-1.6681,2.5705,3.2414,-2.3087,-3.6578,1.9911,3
2.4346,2.3693,2.1702,-2.2816,7.8158,5.7245,-3.1008,4.9413,2
0.59327,3.0302,6.2913,-3.6129,4.7651,3.6471,-1.3719,7.1068,2
2.8781,2.0216,7.6848,0.97347,6.5225,5.7943,-1.1319,3.6581,2
1.3937,-1.804,-0.5065,-1.7149,-1.3442,-0.43694,-2.618,3.0637,3
2.6879,3.0634,5.1732,7.0679,5.4778,-1.7125,3.8139,4.3956,2
-1.4273,0.50614,0.015461,2.8406,0.073642,-4.7757,3.1285,1.4752,3
3.5071,2.6779,6.5204,1.5073,4.9992,-1.4495,3.902,7.7209,2
-0.88006,0.20109,-1.0511,3.8286,4.5448,3.8795,4.083,0.83084,1
0.48183,-1.2441,0.8586,4.382,-0.52544,-2.622,-3.7384,-1.8552,1
-0.58511,0.68677,7.687,-0.49369,3.3916,9.2565,2.5686,6.8375,2
0.73288,3.749,5.2305,-2.922,6.0925,3.9379,1.8587,3.2477,2
3.7029,-1.0462,0.74329,0.44355,0.65856,3.5881,0.44024,5.3258,3
1.3679,-0.39491,-0.26896,1.7409,2.4423,3.7259,4.3199,-0.74039,3
-0.46145,3.8797,6.22,4.1108,6.2966,0.84661,3.6473,6.0947,2
0.99767,1.9007,2.8745,-0.8303,3.4246,0.95632,-5.0388,1.4066,1
2.3425,-2.3412,2.1412,-1.5532,0.2822,1.0647,4.7628,-0.687,3
-1.1184,-0.59575,4.4982,0.75198,-0.96973,-0.70657,-2.3753,-1.3214,3
2.9709,1.1319,1.8924,0.67051,4.3523,-3.1521,0.73847,2.0605,1
-1.4069,2.0998,1.258,-0.79084,-0.13226,-2.5137,-0.8313,-0.019639,1
1.0688,-2.2741,0.031588,0.099415,3.9245,-2.0471,-3.383,0.72894,3
-0.88331,0.3433,4.6486,5.029,4.3007,1.1203,0.51856,3.9117,2
3.3023,1.2267,2.9146,-0.056381,1.9922,-2.8752,-1.9049,4.069,3
0.21113,0.31069,-1.9228,1.0844,3.284,1.5716,-2.4308,-0.4946,3
0.40805,-0.67911,-1.9061,6.8644,4.9179,-0.24135,-0.78338,3.3548,3
-0.79446,5.3339,-0.13403,0.35417,-1.0313,-0.99237,-1.646,0.6335,3
3.1455,2.6575,7.6478,0.49773,5.6763,10.289,0.87428,7.5749,2
0.58341,-3.0556,4.717,3.5342,3.7547,6.4892,4.4475,2.7933,2
-1.1448,1.495,0.02923,0.96097,-0.15759,1.1856,-0.39343,-1.7629,1
1.7705,2.2859,7.5823,-7.0066,2.8111,-4.3194,2.2902,7.1104,2
0.34311,-0.63972,-0.72107,-0.068242,-0.57294,1.0245,-3.3496,0.67594,1
-2.0896,1.4092,-0.86282,-1.9134,-1.1797,-3.6581,-1.7756,1.1998,1
1.1244,-2.1169,5.7828,0.72414,-1.435,0.46512,-1.5031,0.31537,3
0.33795,-1.2542,-0.77243,1.2822,2.6031,3.875,0.70005,4.9631,3
-1.4748,2.0401,-1.8785,2.0115,-1.4521,-0.60196,1.2806,1.5419,1
1.3164,2.7631,2.2436,2.1667,4.5826,-0.64351,0.73499,-0.41552,3
1.9853,-0.47132,-0.12747,4.6603,1.3876,1.4918,-2.0083,-1.4171,3
0.73124,2.3443,6.4542,-1.2328,6.8212,8.752,3.3207,5.8916,2
1.0479,-4.3841,7.2937,0.96188,3.5218,4.3571,2.4178,3.7004,2
-1.7524,-0.1422,2.8936,-0.73778,0.008128,-1.1101,-3.6109,-1.0961,3
-2.5219,0.40314,-0.24461,-1.6314,0.49039,1.4323,3.3386,2.3695,1
4.5322,1.3098,2.1537,-1.6117,4.3524,1.0989,-1.1096,-0.29832,1
8.5615,0.44866,1.9867,-0.74794,1.1115,6.0391,1.7919,4.4176,1
-0.79686,-0.60896,3.7847,-0.58618,2.5077,-0.96282,4.1856,-1.7606,1
-1.2841,-2.7696,4.7668,3.7303,-1.3484,-0.95173,5.3324,-1.6433,3
2.2904,-0.75401,0.5524,4.0271,2.3656,3.1461,-0.58217,-0.40423,1
2.6847,1.6123,5.5426,-1.8967,4.4014,5.4943,3.1781,4.8352,2
-0.10211,0.29214,0.58853,-0.32749,2.6852,-0.056088,2.7096,0.27879,1
3.0784,2.8902,1.3534,-1.1447,4.0738,-1.9787,-2.7462,3.1807,1
-0.96264,1.5861,0.78652,5.2463,5.7274,-2.1199,0.067314,0.024533,3
3.8943,1.9148,4.9998,4.7635,2.6223,-3.4014,3.0356,4.1684,2
4.303,-1.3306,2.2515,2.3649,-1.4314,-2.101,-2.532,2.4326,1
-1.676,0.58245,1.7272,2.2881,2.8796,1.4717,-4.2374,1.743,3
1.0845,-2.1476,-0.10025,-0.88255,-1.5233,1.8753,0.65665,-1.0565,1
2.5691,2.987,5.4895,2.8652,7.7038,-4.8913,1.8581,4.5419,2
1.3344,0.22027,4.5143,0.5933,7.5311,6.2567,3.9424,6.9206,2
1.8641,7.0813,5.9437,4.5233,2.7047,6.9471,-4.0959,-1.2516,1
3.0392,1.6199,5.2118,-1.3526,6.2318,-0.037752,-1.2139,1.0083,3
0.63182,1.7877,6.1678,4.0105,5.46,5.4344,0.92035,6.8726,2
2.5064,0.16511,5.207,5.9781,7.2803,9.9339,2.5991,4.7288,2
2.1775,-0.3669,6.7125,5.4807,-0.54237,3.7266,0.98441,7.2433,2
-0.31246,-0.45833,2.7863,-1.3479,2.8219,2.0362,12.697,1.671,3
4.7173,-1.7527,0.12871,1.6314,0.50111,0.56733,-0.37659,-1.7528,1
3.1928,1.7537,7.4732,3.6102,3.474,3.1959,4.7509,6.12,2
-1.575,2.9963,-0.95914,-1.7781,2.3406,-0.36194,-2.0241,1.2602,1
2.4134,0.67497,5.4326,-4.4724,5.2973,1.5508,3.6652,2.3138,2
1.0693,0.83201,-0.031035,1.0202,2.0677,7.0492,4.8431,0.57639,1
-1.624,2.3644,-0.5116,0.15768,1.0326,6.5773,-2.2724,3.8593,1
-2.4731,-1.356,3.1632,1.4295,0.21337,0.12046,1.5889,1.0674,1
-0.30376,2.0138,2.3127,0.12711,4.0574,7.9122,0.71084,3.5283,2
3.3577,2.8467,3.8617,4.7512,4.3279,4.3575,0.32954,3.8615,2
0.62828,-0.9933,-0.67953,2.3443,-1.1549,0.14141,-4.0239,-2.0104,1
2.1555,-0.93652,4.1138,1.9721,6.5114,4.3158,3.7491,5.1697,2
1.0905,-2.5516,-0.75718,0.36241,-1.5503,7.7235,-4.2051,0.87173,3
2.8493,-1.3931,7.2051,-8.1508,4.5794,0.90273,2.2034,5.7824,2
0.86105,-1.9279,4.4265,-9.1835,4.8588,4.9782,-3.3276,7.9505,2
0.61602,4.7055,-0.71023,0.2818,4.9924,4.5632,-2.9771,1.7308,3
-1.0679,-1.0877,-1.7592,1.8641,2.4028,3.2405,2.6504,-0.26997,3
-3.1828,3.1396,6.2531,1.1429,5.7676,5.1591,3.9881,5.7304,2
2.9395,3.9584,5.0105,0.98825,4.8718,-8.205,4.7305,6.6768,2
0.32428,2.4158,1.9612,-5.5084,6.3906,7.4799,2.6808,5.856,2
-1.9664,-2.2118,0.18281,3.5643,1.9281,-1.5005,3.5126,5.7173,1
-0.87954,0.4787,3.6154,0.23129,0.69526,0.55759,8.9512,0.67528,3
6.4942,-0.57439,3.7123,2.2098,-1.4625,1.7267,5.4252,3.2687,1
1.9445,-2.7886,2.958,0.32939,3.0274,5.3753,-0.76281,5.6768,3
1.4025,-2.0571,-0.50896,1.2059,0.19392,3.0395,2.0286,-0.64711,3
0.045223,2.2564,3.6107,-1.7921,7.0332,7.959,3.2367,6.5523,2
-0.18591,-2.6316,-0.7245,0.93152,0.55866,-2.9004,-0.66294,0.93601,1
2.2228,0.0901,5.2756,0.75699,4.0417,2.9862,1.6887,2.7742,2
-3.287,2.1102,1.5618,3.6914,6.9821,10.064,-0.71316,5.3243,2
0.27281,1.6846,3.5919,4.136,6.4979,-2.651,3.055,6.3431,2
-0.012825,1.5879,-0.63766,1.2729,1.5199,-0.36644,-2.1442,-1.4519,1
-0.9462,-0.69436,-0.59355,2.0297,-1.8097,-2.6044,4.1088,0.031773,1
2.9247,2.0583,4.3259,0.017563,5.0214,-1.4145,1.3995,4.2198,2
0.73294,-1.1626,-1.4174,-0.92227,-0.8331,0.036908,1.5675,-0.79548,1
1.5132,3.6956,5.5339,0.46268,6.2775,6.0253,2.2188,2.7714,2
-1.2569,1.7225,3.702,-0.18695,0.39294,1.3363,-2.4681,0.011278,3
-2.2159,-1.2359,-0.035813,4.1281,-0.12306,9.3415,-2.7116,-1.3235,1
1.1381,-2.0584,8.5246,-0.20167,5.7797,-1.0414,0.22717,2.5982,1
-1.6156,4.3144,1.8362,3.1782,-0.66176,0.81626,2.5854,2.2091,3
3.6742,1.7027,6.25,6.4688,2.9073,3.6085,-0.36798,-2.6719,2
6.3698,-0.23488,4.3177,-0.91554,4.3716,2.4321,5.5341,-0.39448,1
3.4716,3.1741,6.8405,4.4486,6.1436,5.7973,1.644,3.3261,2
-4.0814,-0.028578,4.2059,-9.2565,4.5695,2.8934,0.96504,1.2373,2
-1.5729,0.86436,-1.2042,1.953,0.57933,14.959,-2.0579,0.16846,3
-2.1138,-1.2301,-0.98182,-0.35958,2.6626,4.5278,-1.3182,-0.97483,1
1.6912,2.4706,4.5667,1.8475,3.2327,9.1717,3.5126,7.4201,2
0.23486,-0.74346,2.7749,2.6443,0.76787,-4.2216,5.9884,0.15681,3
-3.0362,2.5251,7.648,-5.5285,4.4041,3.6648,5.271,7.0746,2
0.37347,-0.81767,1.7853,0.88923,1.7184,-4.3985,6.3867,-1.2651,3
-1.3905,1.3195,5.0408,3.4805,5.9962,8.9595,1.3986,7.3511,2
-0.30092,0.44615,-1.6949,3.2762,-1.7678,2.0438,-2.5507,-1.4216,1
-1.1734,-0.006479,3.3356,0.007614,-0.19364,7.0027,2.5444,0.39656,1
-0.95342,1.0274,-0.005668,3.0804,2.3865,7.7584,-3.269,-0.001776,3
-1.0962,-0.60782,-1.4597,-0.68499,-0.65719,-1.4039,-1.6386,-1.1254,3
-0.30467,1.5599,3.1807,6.709,7.1685,5.7558,1.6685,5.714,2
0.9954,-2.1338,3.0975,3.1401,-0.92135,-1.7679,-2.0507,1.1092,3
1.632,-2.6596,3.709,2.0088,5.1612,7.1868,1.0324,6.1252,2
-2.0962,-1.2997,-1.5161,2.317,4.7574,0.43099,11.799,1.9874,1
2.3124,-3.8146,3.3771,2.7301,3.7158,-7.0028,2.4011,2.5727,2
2.9281,1.8306,4.0541,-2.4692,4.9604,-0.49152,2.5401,6.0795,2
2.4215,-1.8233,6.1029,-4.9636,5.8497,7.16,-0.21681,6.7157,2
-2.7875,-0.28632,-0.72318,0.007882,2.7964,-1.1346,-2.1417,-0.86867,1
-0.33547,-0.30754,1.8669,0.14452,-0.49123,5.4331,-1.3812,3.826,3
0.65888,-1.1996,-0.1901,4.4913,1.4247,-0.36255,-1.6145,-1.3179,3
1.3199,-2.1729,2.4137,-0.89428,-0.25235,3.3442,-3.6134,1.5029,3
-2.4892,-0.098215,4.4511,-0.12643,-0.34158,0.51875,3.0276,-1.632,3
0.2405,-2.6139,0.2401,1.3208,1.2613,10.3,2.4998,0.092239,3
-0.5319,2.6596,-0.63981,-0.52207,-1.4303,-1.8678,1.9218,1.4702,1
1.3959,3.6608,7.1073,-1.0885,5.8764,7.9438,1.4722,4.6005,2
-1.1006,0.55651,-0.43115,-0.97204,1.4039,-3.284,-4.1095,-0.62975,1
-0.7636,0.37051,2.086,1.3058,-1.5815,-3.7567,2.1312,3.9685,1
0.001679,0.084275,6.99,0.28815,4.8927,4.9646,0.20536,6.7111,2
1.5285,-0.076844,6.1048,-1.31,-1.4655,9.2621,-2.7663,2.4907,1
0.84482,2.1846,0.88057,0.54698,6.1469,7.7839,-3.4689,2.9003,2
0.25459,-0.98413,2.4457,2.4353,-0.72315,-2.7678,-1.2724,2.7975,1
3.197,2.6994,4.7352,2.212,2.4502,-0.82219,2.4698,6.7649,2
-2.0148,-2.8441,1.5452,4.8157,2.0861,0.13935,-4.3174,-0.89287,3
5.2848,-0.056567,-0.009718,-0.055114,-1.2706,-1.5565,-3.2336,-0.89197,1
2.8527,-2.4344,4.2353,0.39506,2.4401,-2.1635,-1.834,-1.3457,3
1.0377,-0.2155,0.66694,1.9518,3.1232,-3.1364,-0.92158,-0.31412,1
-1.6295,-1.0008,-0.22972,4.6792,-1.8168,-0.088908,3.9879,0.83063,3
2.3258,2.2019,2.5598,5.637,4.329,6.256,0.9492,6.6089,2
-1.995,-1.1728,-0.74213,1.0013,-1.5736,-0.92295,8.7761,-1.2985,3
-0.85875,-0.88167,1.2977,-0.66372,1.4113,1.5441,-3.782,0.70856,1
-2.1632,-0.36327,1.116,0.52676,-0.71132,-4.6445,-2.3611,3.1843,3
1.8007,-6.3785,7.3264,5.1323,7.3102,4.738,1.9895,5.7497,2
-0.28499,4.79,-1.606,-0.36037,0.78379,5.6364,4.4946,-0.62743,3
-1.5583,2.7205,3.4168,-1.5546,4.2767,1.1745,5.7551,-1.839,1
3.0333,-0.87276,2.2764,-0.21227,3.6676,4.7794,4.5618,7.4393,2
2.0782,-3.9119,7.4901,1.8807,0.81755,7.7905,-2.7589,7.5181,2
-1.853,-0.39188,-1.2906,0.6982,2.2739,7.1878,12.344,2.4422,3
1.8628,1.8284,7.669,2.3079,5.0058,-0.085017,2.4761,6.6786,2
-0.59979,0.11681,0.46801,2.5413,2.4117,-3.1787,3.5955,0.063845,1
2.1206,0.60028,2.9784,1.5323,3.9122,3.2694,0.13772,2.4224,1
-0.87503,-0.74834,0.84608,3.2476,-1.1641,4.0562,-2.3895,3.5128,1
0.52249,1.7872,1.5728,-0.77251,0.76329,6.5534,4.8198,1.8476,1
0.48134,2.6492,7.0234,-2.1177,5.8318,1.6972,-5.3748,7.468,2
2.5726,2.8577,2.199,3.8135,2.4933,1.2116,2.3928,4.1249,2
1.197,3.5701,-0.93079,-0.90158,0.802,-3.1609,-2.4552,0.21766,3
4.4805,-0.91704,-1.2616,-0.20805,-0.25716,4.9467,-0.18827,2.0103,3
1.0847,2.4575,-1.6864,-1.3375,1.7971,0.21538,1.153,-1.1138,1
1.7236,1.4268,0.90924,-0.38388,-0.82998,-1.1988,10.564,4.8187,1
-0.93271,-0.92841,2.7903,0.12219,1.5203,-3.0142,-1.9219,2.3263,3
7.9946,-1.9277,-1.06,-0.26031,-1.3889,11.323,2.8741,1.4305,3
0.99876,-1.0066,-0.24898,3.3345,-0.46173,11.362,7.4297,0.27237,1
-0.50741,4.535,0.034234,-0.83171,9.2369,-1.4938,5.723,0.91005,1
-0.99087,-0.73247,-1.6268,-1.8752,4.4821,0.27171,4.1848,0.017794,3
-2.0551,4.9376,0.71792,1.5295,-1.5134,-4.5311,2.7141,2.2864,3
1.6854,2.983,2.5259,3.8348,4.2726,10.882,5.2646,6.152,2
2.7156,0.18196,5.2524,-0.44304,0.75448,-0.2128,-4.1927,0.952,1
6.0012,0.33631,0.82263,-1.7846,4.0045,-2.1301,-1.3871,-1.0385,1
1.9493,-4.2865,5.2737,-0.42277,2.6399,7.5128,3.3521,1.5171,2
-0.83881,6.4671,0.38685,2.5881,-0.25588,8.4542,1.1074,-0.052364,1
-0.95415,2.3689,-0.4426,4.008,4.4215,7.7999,2.6883,5.2343,2
0.28005,1.0792,1.193,3.3185,1.4018,1.0574,7.5112,0.65594,3
-1.1554,2.1284,7.1026,2.3543,3.6136,6.1141,-5.4196,0.06318,2
-1.9224,6.1382,-1.1961,9.2151,0.071714,1.9365,11.944,-1.239,1
-0.098461,-1.3781,1.7516,-1.4627,2.1065,-0.43835,2.7886,-1.0465,1
1.5121,-0.9774,2.6398,2.0185,4.4512,-2.1129,2.3364,3.8401,2
-2.3372,3.2907,0.60915,0.16168,2.9905,2.8751,4.7798,1.6725,1
-0.88928,-0.46246,0.29579,3.7641,2.2502,3.114,0.89926,-0.84337,3
-1.8025,0.027285,1.536,2.0901,6.0287,0.00707,-3.6604,6.2786,2
-0.97546,-2.7513,0.75551,7.0582,-0.36512,-0.26299,2.1385,-0.68573,1
3.6589,1.5665,1.3869,4.2825,0.35188,3.7937,-3.2588,1.7658,1
-1.8247,-2.6983,1.1967,-0.35994,0.70907,-0.55516,2.02,5.0706,1
0.61343,-0.11284,2.0238,-0.19697,0.47113,1.3669,2.8708,3.0941,3
0.29406,-0.538,2.3374,1.6286,3.1816,-1.1515,-1.8237,1.7048,1
-2.6221,1.5757,7.2245,4.1074,6.875,10.489,-0.33597,1.0666,2
-0.96774,0.36027,-1.4906,-1.4663,4.6781,-3.5656,3.8403,5.2906,3
0.9553,2.8494,5.1385,-2.9602,4.9907,5.2873,4.6954,5.6143,2
-0.43863,3.6131,3.7597,1.5899,4.0657,4.9498,4.507,6.76,2
0.14513,1.9478,5.1407,-3.8084,6.8035,8.5424,1.2892,6.7327,2
-2.1415,-0.082404,1.8524,-0.8821,0.23591,11.325,10.607,-1.2696,1
1.4234,3.7282,5.9876,3.6498,4.3508,8.0376,1.7312,5.4778,2
1.6929,-1.7147,-0.81845,-1.9704,1.0643,4.5997,1.8783,2.5354,3
1.2286,-0.1247,5.1586,4.5081,5.8302,0.018195,-0.13666,5.0278,2
-1.7356,-0.46154,1.986,1.8352,0.26643,-4.3993,-2.8405,-1.0582,3
-2.2293,-1.235,3.225,1.4171,-1.3762,6.117,-1.1938,2.9923,1
4.3765,0.45085,3.4516,0.32456,0.3821,-0.68665,0.95465,0.5008,3
1.0546,-1.9372,6.1759,4.0308,3.6488,6.8707,3.1787,7.7093,2
1.4096,0.43152,-0.97354,1.2923,1.0325,-3.3248,-1.365,-1.0364,3
2.4732,-2.5617,4.7113,4.7876,6.0477,7.2729,1.7948,6.2444,2
-0.22644,3.4637,6.6398,0.02808,6.9764,5.3473,-1.4795,6.8191,2
-2.566,-1.8996,-0.74998,-0.98261,3.2206,2.0193,9.91,-0.26422,1
-1.6994,-0.1823,-1.7689,-0.45174,-0.85111,-0.73912,-3.4407,-1.5393,3
0.57049,2.1463,7.235,-0.8694,5.3342,4.337,-0.73788,7.7092,2
2.0226,-1.0051,-0.76053,1.4607,2.9466,-1.3749,4.4157,-1.2043,3
-1.319,1.5709,-1.3186,4.2536,2.1027,3.3346,1.0897,1.9279,1
-1.1017,-0.8498,4.3914,1.0318,0.67835,-1.6718,-0.71057,2.2174,3
1.8873,-0.74797,4.6305,0.26532,3.318,5.3716,-1.9215,7.7367,3
2.6553,1.9665,5.9867,2.7774,7.2448,4.9559,0.30666,3.5819,2
1.4324,0.51766,0.19204,5.745,4.3251,0.39706,1.1816,8.6667,1
0.23737,3.0364,4.5958,2.9455,6.7978,4.2612,-3.0402,5.3968,2
-1.351,-0.90849,4.9723,0.34183,-0.16233,-0.87294,-0.86494,1.9618,1
2.2163,1.1311,-0.65908,1.6686,-0.61681,4.5426,-4.2454,1.4828,1
1.7434,0.89518,2.0908,4.0537,-0.31786,6.4946,2.2404,0.074804,1
1.2804,-1.1336,0.33057,-1.1938,-1.8896,4.828,1.9619,-1.469,1
1.1103,3.8004,5.5441,5.4121,4.0855,7.702,5.0492,7.5917,2
-1.4414,-0.054782,1.464,2.8114,1.1922,4.1827,-1.7213,6.9538,1
2.3738,3.5255,5.8224,-3.2134,6.2639,8.1992,-2.4382,7.369,2
-1.6505,-0.80592,-1.3875,1.6167,0.88027,10.272,-2.2747,-1.1523,1
-1.3993,-1.7816,-0.058574,-0.79221,1.0218,-0.82813,-0.98049,2.8829,1
-1.2297,-2.5092,-1.6693,6.6656,0.43351,8.764,-0.42522,3.9586,1
3.5404,3.4256,5.803,4.8273,6.7625,4.4008,-1.5485,7.9318,2
1.9048,1.2844,4.6576,-1.306,6.0655,-5.3898,3.8664,3.2361,2
-1.999,3.7033,-1.2614,6.0544,0.22359,0.29837,4.5247,-0.88505,3
-0.51733,2.9007,0.90185,3.497,7.9388,-4.8483,-4.3957,3.8701,3
0.58043,-2.2947,11.056,-1.0716,-0.82425,1.1414,0.78261,-0.33953,1
3.6427,1.9047,2.8464,3.3816,-0.61089,8.1927,1.1454,5.3659,2
1.8454,-2.5043,-1.2037,0.86298,-1.1773,-0.9038,-0.26659,-0.98613,1
0.075586,-0.3626,1.6141,-0.057326,4.9298,-4.3687,-0.65096,0.79687,1
-2.1003,3.6642,-1.3463,4.0018,3.485,9.6711,1.1631,7.3096,2
1.8532,2.3328,0.52703,-0.76865,1.1074,-1.8819,-1.0672,2.2648,1
-1.7683,1.9189,-0.35335,0.006712,2.3474,-1.4845,4.8759,-0.7143,3
5.154,-0.74273,3.2828,-0.10117,0.88217,-4.4414,-4.0186,1.8845,1
1.9652,-1.2675,2.8472,-0.88757,4.2263,-0.65347,9.9675,5.7705,1
1.1251,0.51168,2.9201,5.5305,2.1589,6.6726,2.2834,5.5969,2
2.0842,1.1837,2.8852,-0.86988,2.3433,8.2404,-1.9374,1.7001,2
-1.8013,0.5584,5.9246,1.7993,6.6203,6.1394,2.9696,3.5337,2
-1.5437,1.9286,4.4285,-3.2334,6.5746,7.1225,-3.5043,7.1465,2
-4.137,3.6163,5.5,5.865,5.7121,2.6501,-1.9858,7.6642,2
-2.6638,0.39611,0.90821,0.74321,1.414,3.3043,8.8196,2.7259,1
-1.2416,0.59728,0.6454,5.3106,-1.299,4.0386,4.2264,1.9705,3
-2.133,2.3191,0.41688,-0.4622,-0.52955,3.8902,2.0242,-1.0478,3
-3.003,-1.9122,-0.026752,1.2797,2.1566,4.9283,5.2444,-0.5625,1
2.3938,-0.43218,7.3177,2.7384,6.6334,9.7689,3.9471,5.4771,2
3.0555,0.85501,0.12587,2.0332,6.616,7.1003,1.2209,2.7082,2
1.582,3.73,-2.3785,-6.8817,7.5007,8.7154,-1.8962,5.9193,2
-0.813,3.8028,-1.4772,-1.5857,1.4777,-2.9222,-2.9776,1.9421,3
-1.1238,-0.28289,0.44137,-1.7047,0.87245,-4.362,-4.1861,3.0517,3
0.73265,-0.28901,5.4475,2.9289,1.549,6.9033,-1.5063,5.7448,2
-1.1074,1.6588,5.0351,-1.5769,2.4456,-1.2787,0.58605,5.8278,3
-1.6197,0.097587,-0.48403,0.62854,-0.31197,2.1005,-3.4459,0.18229,1
4.6701,-0.73395,1.3784,0.449,1.478,-1.9093,1.0325,-1.2059,3
-0.12894,-2.7713,-1.136,0.37255,2.0801,2.5026,-0.64633,1.7732,3
3.1547,3.2885,6.3502,6.6352,5.5738,4.0712,5.1116,5.5048,2
1.5574,3.7674,1.2448,-1.2196,1.8293,2.3413,-4.6054,3.6417,3
-2.3714,-2.0791,-0.59358,0.82666,2.3628,-2.3159,-0.72959,4.1921,3
3.2509,-1.5753,2.5063,1.6144,0.27506,4.4892,1.3914,1.834,3
-0.49778,3.5096,2.6811,-1.5333,0.017051,13.021,-1.5996,-0.84867,3
-0.63415,-0.88478,3.4373,-0.79397,4.1938,6.7261,-0.63378,2.9336,2
0.1278,4.7179,0.72416,-0.32375,-1.5943,-2.1256,5.7206,0.30889,3
-1.7946,4.172,1.7614,-0.22362,4.0663,-0.85109,3.1431,0.37254,1
-1.4358,-2.5675,1.4409,3.2141,-0.94497,-1.3275,0.16053,0.43669,1
0.3558,-2.7657,-0.18947,-0.29896,7.4118,-0.69374,-4.1663,-1.7753,3
0.72483,-0.11933,1.4326,0.32623,0.31243,-3.9826,-1.8817,-0.86795,3
2.7922,1.5492,3.3609,-1.0682,-1.8888,0.44611,0.92079,0.6714,1
-0.85956,0.054553,-1.3963,0.002282,4.7723,3.4239,-3.8871,0.002682,1
0.53957,-1.0882,1.7913,-1.6273,3.6083,-4.302,-4.4328,2.4425,1
0.091779,1.1391,1.5487,1.8008,0.31436,10.38,5.5129,-0.48627,3
2.8114,2.0145,5.9635,4.588,1.5692,7.3677,0.62459,7.7144,2
0.8594,-0.4572,5.5454,-0.86785,7.4561,6.927,4.2473,6.84,2
2.8744,2.5107,4.9676,1.1462,6.6685,4.3632,-0.17176,2.9707,2
1.3478,1.1251,4.0805,5.0858,6.8855,2.9881,-1.2968,6.0607,2
1.5636,2.3809,4.9004,0.68564,5.6774,8.4091,1.4881,4.3236,2
0.20882,-1.718,4.2781,1.2148,1.9197,-0.74904,-2.7438,-0.087684,1
2.8021,1.1082,6.1794,5.399,6.8927,7.9674,2.0072,6.8073,2
-1.4863,-0.76184,-0.37886,0.95485,1.2551,-0.83462,7.3575,0.46111,1
1.7856,-2.7518,1.1168,3.0856,-0.4352,-0.55847,-3.058,-0.81602,3
-2.0677,-1.7027,0.98232,2.9187,4.5444,-0.11696,4.5407,2.1722,1
-1.5592,3.7963,1.0806,-1.238,1.2981,1.7846,0.8671,4.4256,3
-2.0743,2.9954,4.8604,-0.83502,0.36541,-3.9648,1.0328,0.43981,3
1.4126,2.6504,-0.40174,0.23983,0.043032,2.1554,3.8794,4.3755,1
-1.9547,1.231,6.0355,0.12924,-0.61198,-2.2854,3.3201,-1.0854,3
-2.4394,-0.2894,0.062238,-0.43387,-1.3085,-1.364,3.5013,2.1576,3
1.3937,-1.0767,-1.6376,-0.23366,1.4898,0.95739,2.6747,1.9297,1
0.10719,-2.1673,-1.6272,1.4276,3.7933,-2.6015,5.4714,0.009288,1
-2.7336,-1.4921,4.3796,1.7583,1.2836,2.8513,0.48207,0.86203,1
-1.3709,-2.2562,1.9655,-0.10104,1.9625,-3.8935,-2.2968,-1.3691,3
3.5683,2.351,1.0451,0.43563,10.822,-2.8342,5.4091,3.2691,3
0.21245,2.8325,7.4746,4.393,5.9589,9.558,-1.4768,6.3215,2
-0.36246,2.0428,5.4036,5.3577,4.4767,0.96013,0.13029,5.3926,2
-1.0318,-1.5272,0.41223,1.7486,-1.2226,5.0296,8.0976,3.1299,1
-2.4527,-2.2252,8.0152,3.3611,0.01993,-2.7835,6.2789,2.0797,1
3.6411,3.9463,7.8092,2.2651,3.9166,3.3153,4.046,2.1415,2
2.2001,0.004219,5.2012,-1.1082,4.1772,8.8168,-0.33355,-0.91639,2
-0.81702,-0.25485,0.82295,-1.2276,0.034085,-2.6081,-2.9834,0.38956,1
-1.9109,-2.6233,-1.2285,-0.4896,0.20336,2.4993,-1.6584,-1.5135,3
1.0973,0.85143,5.8731,-8.4304,6.2378,-2.0237,2.1361,7.1778,2
1.8827,-1.9224,1.9816,-0.5732,5.9282,1.3514,-1.1643,-1.6806,3
-2.1596,-1.8127,6.3502,0.67092,7.847,3.1759,2.7831,1.1526,2
1.2478,-0.66614,-0.10357,-1.1154,6.371,0.085067,-0.35001,0.82396,3
-0.12605,-0.88511,1.4943,-1.1117,-1.0887,-2.7215,0.6073,-1.3697,1
-2.2335,-1.2732,5.448,-1.3703,-0.22836,-1.472,4.5681,0.61423,3
2.9914,1.0467,2.75,0.65145,7.7933,7.3168,-3.978,-3.7869,2
-1.8322,1.0364,4.4326,-0.41249,0.23437,1.5406,0.39929,-0.31113,1
1.8138,0.37794,6.0103,-1.5702,5.9671,3.8332,-5.8056,0.85578,2
-1.533,3.1546,0.11538,-1.344,2.6636,2.7381,0.29974,-1.7407,1
-1.5965,0.23832,-0.51764,-0.34115,6.5062,1.2387,3.431,5.0731,2
-2.2316,0.14922,0.079312,0.22258,1.1621,-2.811,-1.5173,-0.96401,1
2.8335,-0.26008,0.11656,-0.19575,2.0805,2.3372,4.1947,-0.61705,3
2.6003,3.1165,5.0987,4.7996,0.54322,9.6885,0.20426,6.6913,2
-1.4239,-1.7822,1.057,-0.85184,0.51448,1.9395,-0.86779,-1.0314,3
2.1374,0.45817,-0.10324,1.3012,0.22642,-3.8482,4.2017,-0.8631,1
0.12009,3.437,3.78,1.7687,6.6127,0.4581,-10.484,4.9396,2
3.0415,1.9772,6.9023,-6.3756,6.0926,3.6531,0.90682,5.8804,2
4.7173,-1.7527,0.12871,1.6314,0.50111,0.56733,-0.37659,-1.7528,3
-2.2552,-2.004,-1.0173,4.6523,0.79358,13.975,-2.5363,3.0227,3
-2.3808,-2.0217,3.025,-1.3601,3.8964,-0.57954,-4.9869,0.67755,3
-0.066844,0.43931,5.1081,5.0408,6.929,9.9009,2.1208,4.479,2
-0.91602,-0.94637,0.91271,-0.21838,3.7613,-0.53735,-0.73214,-0.085717,1
2.4217,1.112,6.9887,2.8449,5.7925,6.1808,-0.070794,3.4586,2
-2.4163,0.64886,-1.1862,1.9257,1.4872,-0.74506,-1.7066,-0.78989,3
-1.6085,5.4642,0.38457,1.9829,3.0296,0.91772,-0.54534,-0.36718,3
-2.1039,1.521,-1.7189,0.41999,-1.6595,3.0508,3.597,4.5659,3
6.2011,-0.73485,-0.54781,-0.42959,-0.6438,2.5615,11.333,-0.73656,1
3.3844,2.4544,0.43261,0.45235,1.6662,1.4517,3.9638,1.0163,3
-0.5549,1.2389,-1.5655,8.717,-1.6609,5.7503,0.72128,0.98892,3
2.0106,1.8768,6.8978,-0.024779,5.0269,3.9865,2.7766,5.4303,2
-0.72119,1.4175,5.466,0.67078,1.086,17.254,-0.64983,1.4697,1
2.9698,-0.27824,5.6858,-2.2322,0.69562,-5.8533,0.92081,3.4388,2
-1.4347,0.1523,0.78164,-0.61135,0.024226,1.2324,3.7619,-0.95737,1
1.53,1.3017,-1.2247,1.2019,0.3217,1.6532,5.5219,2.3709,1
0.73543,2.8431,4.1518,6.3074,4.2808,8.8941,2.0804,-1.5375,2
-1.1021,-2.6937,1.6424,-0.8956,1.0346,-3.8119,1.3367,2.5508,1
-0.41406,2.9377,0.045224,0.024266,4.9291,-0.13099,-0.56338,-0.59446,1
1.3588,1.9041,5.9265,-9.3013,5.8882,3.1072,-3.2414,3.7823,2
-1.8376,-2.771,-0.50201,3.6168,1.9052,0.81844,8.3633,1.8316,3
3.2685,-0.62475,6.155,4.4966,0.36036,-1.9892,-0.48793,7.6253,2
-1.4744,1.6453,-0.56957,2.2615,1.4433,-2.0688,3.7883,7.2167,1
-0.78295,3.2112,4.368,2.8977,5.975,1.3888,1.0277,7.0413,2
0.96486,0.87987,5.2164,1.1542,7.1352,5.0852,2.3067,3.245,2
0.40685,-1.0458,0.11016,2.9444,1.9688,3.0363,-3.6675,-0.38975,1
-2.5524,-1.2346,0.89349,0.53927,1.9925,0.11394,4.9874,1.9261,1
-0.63359,-1.1431,1.7826,-1.2083,5.259,2.5611,-2.2982,2.6212,3
-1.6844,1.1378,-0.78432,2.3051,3.7509,-2.3716,0.65112,3.3682,1
-1.2192,1.6734,0.51927,1.9516,-0.93168,-3.5892,-3.4845,-0.73464,3
3.0163,-1.0634,5.2512,-7.3961,6.5048,-1.3932,3.162,6.9542,2
3.7884,-0.69305,2.2519,-0.89204,5.6873,6.3791,3.6365,6.9232,2
2.0479,-2.4609,3.9503,-0.19744,-0.1323,14.92,-1.1582,0.037903,3
-0.43536,-2.7826,5.0494,-1.1763,-1.3872,2.5451,7.5818,1.4737,1
-1.5585,-2.241,0.33587,-0.4031,1.2315,-3.3054,5.1644,3.3172,1
-0.11964,-2.0048,2.3986,-0.086272,1.8171,1.8677,4.2511,-1.3941,1
-2.4947,-0.10554,1.5883,0.69216,2.1028,4.4183,8.578,2.87,3
3.0544,2.3761,0.43822,-5.6647,4.8474,-5.4613,2.4644,6.9692,2
-2.0149,1.3213,1.8808,2.5443,-0.51886,-0.84566,-2.8586,-0.33037,3
-1.5132,-1.2838,1.1868,-0.41999,-0.12467,0.99686,-1.3338,-0.47736,1
-1.2928,0.14971,5.0275,-0.69463,-1.7149,1.4268,-0.67846,6.2523,1
1.2613,1.9668,5.7716,-0.75875,5.0644,-1.5013,2.6364,4.089,2
1.8913,-0.97637,-0.66678,-0.90426,-1.1255,8.5511,8.3325,-1.2743,1
-0.014998,-2.2204,3.8757,-0.9106,1.0337,-0.64505,-3.7524,3.0346,3
-2.9339,-1.8254,6.9291,5.0663,2.026,3.781,3.4307,7.6289,2
4.9344,-2.8141,0.32779,-1.3276,4.2997,0.94231,-3.7319,2.9015,1
0.96517,-0.21586,5.5658,-0.099433,-0.016687,-0.54908,7.0656,3.3552,3
-0.6307,-2.3391,-0.6462,0.024804,1.9287,0.81449,10.77,-0.18282,1
-0.42688,-0.68609,-0.11235,-1.388,2.6794,-2.8621,-3.684,1.3304,3
0.78341,0.97244,4.7919,-4.1437,4.5704,8.8415,1.2982,2.316,2
1.1541,-1.3279,3.6806,-0.25583,7.4493,7.5929,-2.5927,7.2,2
-0.096371,0.75595,-0.68198,-0.60792,2.1912,-2.1556,-2.9814,-0.19784,1
0.77598,-2.1639,0.70346,2.275,2.5713,4.9803,3.3491,0.23708,3
-0.489,0.63659,2.7266,3.7537,1.1934,1.0294,-4.3251,4.3949,1
0.21631,1.4868,-0.68389,-0.76206,-0.20576,0.096584,-2.9825,2.2057,3
-2.1963,-1.8166,0.85041,-1.1409,3.8728,-2.7674,3.6558,0.57647,1
0.93556,2.3441,0.8689,4.1007,-0.86077,2.2463,-4.3259,0.78644,3
-2.2164,-1.7659,-1.7436,-0.11342,-1.6373,9.8803,-0.10577,2.7825,3
3.0481,3.9586,4.5074,4.1961,6.6501,8.494,-1.1608,5.4341,2
-1.0256,-0.69876,-0.8905,0.71664,0.8251,-3.3845,-3.4757,-0.459,1
3.8763,-2.2432,1.3128,2.5788,6.4199,0.76037,0.39447,-1.2374,1
-2.6086,-0.39826,-0.4045,-0.070089,4.8678,-0.51957,0.99064,0.15994,1
0.98508,-1.7548,1.4368,3.858,3.4393,1.0667,-1.9392,1.996,1
2.6396,1.8886,4.4239,2.8358,5.9619,6.8713,1.7705,4.6144,2
-2.5729,1.113,0.28535,3.7015,-0.075593,-2.5286,2.676,1.1435,1
-1.1003,-1.8903,1.2031,4.5184,-1.8968,11.692,-2.9573,2.2725,3
2.9884,2.5995,5.0578,0.64373,6.8458,10.893,-4.7909,2.4254,2
-0.070131,3.1912,2.7189,0.62572,-0.82837,3.9995,0.43687,0.099994,3
-0.88289,1.7875,1.4435,2.5332,1.6773,-4.3456,-1.5246,-0.029021,3
-2.0081,-1.6439,-0.79091,3.0584,3.0262,7.7943,4.7962,1.8724,1
1.4628,-0.38699,4.4834,1.0414,4.8918,6.5788,2.1349,5.4941,2
0.054549,0.86183,3.8713,7.356,-0.49861,1.6749,-0.33804,-0.96675,3
-2.1874,0.27438,-0.11031,2.2648,0.67,-2.5282,2.6006,1.7877,3
-1.4219,-1.0213,-0.61775,0.044765,4.1778,9.3159,-0.50775,-0.058658,1
3.6681,1.6955,0.37628,3.0414,1.9124,0.26523,0.89045,-0.59555,3
1.3505,0.62825,2.8254,2.3102,0.91402,2.208,0.3944,-1.6784,3
-3.0417,1.7086,5.6141,-5.8776,5.7422,8.3266,-3.0007,6.7719,2
-2.3664,-2.6309,-1.4916,0.11454,3.757,-3.5932,1.7715,-0.7467,1
4.603,0.79801,-0.54305,-0.84636,3.7688,1.5043,2.5708,-0.62441,1
-1.2696,-1.0316,7.6863,0.82887,4.3117,7.1532,-1.0049,5.0387,2
-0.80362,0.84414,-0.58705,-0.53612,1.3677,1.2494,10.796,-0.66579,1
2.2283,0.49874,4.81,-2.692,5.1308,6.8683,-2.5525,4.8168,2
-2.5736,-0.64992,2.7652,2.7599,0.82579,-0.33272,0.1695,0.23697,3
2.9822,2.999,3.1502,4.7746,4.7046,4.9894,0.75705,4.8982,2
0.75241,2.8445,4.4968,0.000235,4.1142,10.827,-0.34626,6.4568,2
-0.28549,3.3156,4.5884,4.3976,3.9338,7.8086,3.0848,6.3486,2
-0.1057,-0.65895,7.4512,5.3741,6.1728,8.5494,-3.1842,3.4696,2
-0.52623,1.2121,5.7783,0.52024,-1.5905,-1.7003,-4.4965,-0.43819,3
4.3048,-0.26393,-0.63381,0.65226,-0.58767,-2.6701,-0.56888,0.054891,3
-2.0295,-0.51204,-0.34122,1.3353,-0.94081,2.2313,11.598,0.23124,1
-0.93302,-0.065356,2.3516,-0.99129,1.1933,5.7783,-0.44631,2.8155,1
-0.1479,-2.7147,0.76834,-0.72315,-0.86294,4.1198,-0.93829,-0.10674,1
0.48124,-0.039029,1.9542,0.70752,-0.89784,-3.6231,-3.3365,1.3006,3
-0.52105,0.26533,3.2351,1.282,-0.71801,7.1289,-0.079368,-1.1959,3
-1.8276,-0.49069,0.3767,1.5568,2.825,0.85809,-0.53049,0.72148,3
-0.76188,-1.4174,1.1502,-0.15153,2.6581,5.0529,-3.1121,-1.035,3
8.0868,0.14573,-0.15213,-0.60845,4.1587,9.2987,-0.53056,1.6376,1
-1.4141,-2.3427,0.70998,-0.65111,-0.6191,-1.9746,-2.585,-1.3397,1
1.953,1.8,4.5101,1.2937,6.3195,9.4176,-2.2301,6.7675,2
2.6947,3.1913,2.8731,2.492,1.468,-0.6488,0.59382,5.4218,2
0.052299,2.633,5.0095,4.1897,3.7405,8.1069,3.3258,7.4352,2
0.083152,-0.062449,2.1149,1.9955,4.1351,4.1802,1.9464,-0.52783,3
-0.66784,2.9463,0.10353,1.6656,4.729,6.7621,4.5787,1.843,1
0.45506,-1.5125,1.0011,-0.74933,1.2653,4.5375,-3.9142,0.64474,1
-1.026,0.74438,1.8822,-0.20107,-0.27243,10.121,4.1755,-0.81166,1
-0.001102,0.66798,-0.27292,0.86213,0.29081,-0.20282,-0.021957,7.3292,3
3.9755,-2.2197,0.096129,0.62853,4.5535,8.9091,3.1003,2.9643,3
-2.0258,-2.2113,-1.6993,1.3194,0.64968,-2.1917,2.8685,5.0339,3
-0.9112,1.9579,6.2146,0.2159,6.0137,2.0762,-7.3927,6.2603,2
-1.623,0.55754,-0.31579,-0.86081,-0.3711,-4.1852,5.9891,0.68459,3
1.3561,-1.1632,7.1077,2.9351,7.5357,0.34482,3.837,6.3731,2
-0.40949,-1.133,4.7692,0.51896,1.4884,-0.47911,-1.5109,1.352,1
-3.5224,3.6159,4.1379,-0.80706,8.0408,7.2442,0.64632,5.4084,2
1.3698,0.5304,6.6932,-2.5491,5.6498,6.4163,0.046315,5.7859,2
-0.73231,-0.19197,0.99059,0.7618,-1.7976,2.2094,1.1412,2.5166,1
-0.48263,-0.16889,0.96638,0.086117,3.1842,-3.0826,-2.5768,2.467,3
-1.4775,1.7346,-0.51725,3.0522,2.906,1.3488,-1.2573,-1.4974,1
1.501,0.14965,1.0739,-0.17222,0.75922,-4.3466,-2.6545,-0.52355,1
-0.20283,0.48199,-0.79032,-0.28256,0.47728,5.0617,12.863,1.2892,1
0.55919,0.7767,1.4962,1.6428,1.5307,-2.9673,0.88396,0.013845,3
-0.097765,1.2539,4.3977,0.42249,-0.92018,-0.55305,11.077,-0.21709,3
1.2498,-0.21163,4.5414,-1.6651,6.7002,7.4583,4.269,7.2312,2
0.40972,-2.4313,-0.40697,0.91519,-0.1892,0.77426,0.23819,1.2837,1
2.6327,3.6726,6.1296,3.3737,6.4457,10.797,0.010392,7.6608,2
0.80138,0.65012,1.3122,-0.37605,3.2408,0.59264,0.91133,2.2279,3
-1.6644,-1.6588,3.9215,-0.018091,4.5892,-0.81067,4.0526,-0.76657,3
0.15573,-1.4506,6.9011,0.89296,5.1473,0.71619,0.12982,2.9464,2
-0.01255,-2.088,-0.87896,-0.34372,0.67028,8.1078,1.9977,-0.57236,1
-2.1645,2.5985,-0.623,1.7349,3.5107,-1.4329,-1.6125,2.7045,1
2.0716,2.93,4.191,4.8599,2.2954,5.3654,4.7146,4.5497,2
-0.45483,0.56152,4.0426,4.9329,6.1688,8.4413,1.1128,3.5997,2
-1.3184,-2.5921,-1.5036,0.97884,-1.1612,0.96715,-3.5115,-0.71143,3
-1.0337,5.1379,-0.39717,3.4547,2.4794,-4.1868,-0.7201,1.1397,1
5.5249,-2.8376,1.2795,-0.58457,0.81082,6.9093,1.0648,0.79256,3
1.4913,3.3616,7.5092,2.9889,4.6572,6.8919,2.806,6.3792,2
1.6823,-1.2841,6.0362,3.9521,3.3155,10.525,-4.9597,5.6486,2
1.0996,1.2376,-0.76701,4.3627,-1.5147,1.0408,2.0964,-1.8139,3
-1.0564,2.9296,6.8628,4.7571,2.2776,-2.1196,3.5368,3.6839,2
-1.6559,3.4713,6.6703,1.3262,5.3141,10.184,4.1095,4.4463,2
6.5759,-1.2904,2.2277,3.1377,-1.5817,-1.0264,-1.5979,-0.85416,1
1.0063,0.087077,3.7811,-2.6409,4.6855,7.4544,2.4527,2.8912,2
2.4964,-2.806,3.7797,1.446,0.72398,-4.1119,11.141,-1.0918,3
-1.928,-1.3477,2.8261,-1.6683,5.4841,4.321,-4.6582,-1.0465,3
2.3487,-0.43556,4.6051,-2.004,5.9674,3.8956,-1.5523,4.8281,2
3.4146,2.7149,6.9073,2.7245,6.2892,9.1495,0.91481,6.8498,2
-1.5963,1.4049,0.25281,1.8617,-0.16348,-0.86722,0.29155,-1.5801,1
5.4481,-1.4049,-0.76102,0.066096,0.72058,-2.3088,0.24935,2.1028,1
0.38043,2.0599,-0.83565,1.5044,1.6503,8.094,2.6834,-0.70368,3
-1.3571,2.4765,5.2395,1.1093,6.9296,3.3428,2.7621,5.3275,2
-1.9158,0.21346,-0.79789,2.6823,-1.5054,-3.6763,2.8052,2.2432,3
-1.3293,1.5154,0.72902,-1.0141,-0.43015,-4.2879,-3.9295,0.65119,3
0.041548,-2.5192,1.5067,3.3256,2.0585,-4.8073,0.024587,3.2418,1
5.716,-1.9227,1.3739,-0.95314,0.96349,4.661,-4.3877,-0.31722,1
-1.9234,0.13444,-1.8385,2.1512,6.7218,5.202,-2.2222,2.5602,1
-1.629,2.3185,-1.5285,2.6979,-0.46273,-0.010566,0.65816,2.6595,1
-0.92927,-1.5474,0.94042,1.1522,1.7446,-2.102,-0.009736,0.73663,1
1.8689,1.8426,4.1299,-5.8712,7.0488,8.1879,3.1774,4.3248,2
0.7622,-1.6373,-0.78164,0.72483,0.56963,1.301,2.5407,0.49333,3
-2.9294,-1.8788,-1.8558,-1.1182,0.53548,12.022,-1.8675,-0.37293,3
2.5671,1.4909,-0.37017,5.7664,2.4287,-3.2145,11.544,-1.3169,1
2.6342,0.40174,3.694,1.9824,1.8534,9.2097,0.44257,2.9205,2
3.624,2.562,5.8393,5.1347,6.9611,8.3107,4.2436,0.76525,2
1.2076,-1.3035,-0.74713,-1.3242,-1.1929,-2.3442,0.44599,0.49687,3
2.3236,3.5884,-1.4027,-0.28431,-0.69325,11.71,6.1698,-1.2535,3
3.299,1.7664,8.0051,-1.8642,4.2706,7.7858,4.159,5.1175,2
2.9938,0.33112,6.7552,4.5799,5.363,10.712,-1.0537,6.8421,2
2.1547,-1.6466,-0.69647,1.5512,9.4397,-1.9791,9.8312,3.7985,3
0.88973,3.184,2.3355,5.4312,7.3327,8.2679,1.2497,6.7729,2
0.17304,0.50785,1.266,0.72242,3.3515,2.0818,2.4465,3.0939,3
1.0706,-1.0675,0.55375,1.2643,-0.17729,-2.3254,-0.062498,0.10613,1
2.5725,0.50933,-1.7481,-0.21052,3.1585,-4.3762,8.6476,-0.10201,3
1.7233,1.2,3.3638,1.4713,2.9956,1.635,2.3458,3.3864,1
2.8306,0.99292,7.0002,-2.5462,-0.32577,-1.7174,-0.13089,5.2952,2
-2.3062,-2.514,0.57106,0.027274,0.41014,4.1087,2.0623,-1.5628,1
2.1916,3.4537,5.9973,4.3547,4.5082,9.7978,2.172,3.1841,2
3.4715,0.26966,2.3187,4.4192,-0.87609,2.4872,11.01,-0.31364,3
0.27972,-2.6785,2.1785,7.3277,-1.6389,-0.077179,7.4421,-0.87406,3
0.59545,-0.30099,-0.05838,0.17315,0.028767,-1.9536,6.6552,0.49023,3
0.1053,-1.37,1.1687,2.6321,-0.38538,-1.9053,-1.2637,4.7024,1
-3.0034,2.387,7.5395,1.1449,4.5447,5.2704,1.0366,5.6108,2
-4.6475,0.27235,4.9978,2.8504,5.9193,8.8175,-3.3071,7.0801,2
-0.16636,-2.1205,2.3183,2.5134,0.59434,-1.8605,9.9116,-1.3166,1
3.7601,1.2009,6.2242,5.6892,3.6729,-0.96707,-0.93285,-0.10444,3
-0.93627,1.3281,2.8385,3.0284,2.2987,3.2509,2.8646,5.8555,2
-0.97341,3.956,3.6808,5.6106,-0.92017,-2.703,15.105,-0.79533,3
-2.1593,3.806,1.5839,0.67305,1.5719,4.2859,-3.9598,1.9197,1
-0.77458,-0.83069,1.2333,1.9921,3.7229,1.1712,-0.096774,-0.46351,1
0.69564,2.746,5.4273,5.2782,6.5059,8.5742,3.0831,5.0221,2
-2.561,1.0872,1.7535,0.52855,6.9631,1.4762,3.3184,1.5204,3
-2.767,-1.7012,2.0004,0.50995,-0.53812,5.1022,-4.7479,-0.45879,1
1.349,3.6187,7.0884,0.76505,5.3874,5.843,2.5705,5.0597,2
0.26277,-0.33884,6.7191,3.8801,5.5699,0.50505,3.4562,5.5153,2
3.2671,1.3635,6.226,-3.4322,6.0982,3.5707,4.0179,2.2971,2
-2.9098,-1.5169,3.3769,-1.3854,1.969,-0.4597,-2.7276,-1.4835,1
1.2265,-2.3952,-1.0274,-1.3454,0.35555,-4.5824,0.73126,1.0671,3
-1.9274,2.0874,-0.79724,3.4646,3.3258,-1.304,-1.7641,1.6892,3
0.11741,-0.78413,1.2595,1.1571,-0.76499,0.3979,6.7644,4.8034,3
-0.55568,-0.91826,2.3778,1.9109,2.7631,0.62049,-2.899,2.3862,1
-0.27879,-1.4549,-0.33373,-0.04068,-0.7648,-1.8186,-0.34117,3.9231,3
-0.38759,0.78459,0.80921,1.0551,2.5881,-0.45535,3.2978,-1.1378,1
3.5898,1.6828,1.5878,1.2951,5.8688,7.0507,-10.082,5.5724,2
-2.2119,2.7539,-0.24311,1.8036,1.3004,14.737,2.5883,-0.52171,3
-2.4271,-2.0731,2.5107,6.3812,4.0144,4.9487,2.7482,3.3108,1
1.8191,0.16048,0.19824,-1.2192,1.3906,2.5921,-1.4524,0.9591,1
-0.91326,-2.71,-0.79265,-0.53231,0.30096,2.2425,6.1605,1.3364,1
0.5958,-0.081563,2.115,0.69192,1.9021,-3.3863,-0.66775,-0.6851,1
-1.7845,-1.8416,5.1024,1.2367,-0.95258,0.025454,-1.4583,-1.4962,1
2.1294,0.40816,-0.6291,-0.75402,2.1351,-3.0784,7.0187,-1.3233,1
-2.0264,2.6302,6.2593,-3.0269,7.2348,3.2509,3.3348,5.0303,2
1.1444,-2.3463,5.9718,5.76,7.0589,7.0727,2.7461,4.846,2
-1.0196,4.5594,-1.4156,-1.2421,-1.5597,0.5604,-1.3233,-0.36733,3
0.16524,-0.025358,-0.60093,-0.17472,-1.3407,2.3557,2.4934,0.84777,1
0.95418,-1.5308,4.6108,2.9661,-0.16788,3.3647,-0.92993,0.40136,3
-0.86731,2.6812,-1.126,0.078456,0.92685,0.81108,-4.1045,-1.9289,3
2.7797,3.824,5.3882,2.7332,5.5516,6.6489,4.303,6.9618,2
-0.048209,-2.8449,-1.2742,0.19072,-0.4565,-4.1492,2.9193,-0.47779,3
0.028012,4.46,0.04329,3.4525,0.25544,-2.7637,3.5425,1.1523,3
-4.3856,0.66849,4.9007,-2.9311,1.4819,4.5661,-2.2765,6.82,2
0.38315,3.7908,2.4002,-0.83221,4.4072,3.9699,-2.5431,1.3805,1
-1.0557,2.2416,1.756,-0.39182,-1.8888,1.9677,1.2144,0.38809,1
-0.74147,-2.7762,0.41255,-1.6989,-0.2363,-1.5378,-4.4491,-0.17372,3
-0.15542,0.76389,5.2802,-5.8121,3.0045,0.8078,4.3484,1.1033,2
1.7976,3.3058,3.4097,4.3444,-0.46171,8.2696,-1.0602,5.3512,2
-1.1153,0.60428,3.5802,-0.22534,2.324,6.244,1.0894,2.9194,3
1.1257,0.22392,4.4444,-0.73881,-1.4359,-1.8412,-0.84415,0.23908,3
0.25206,0.26855,-1.7202,3.362,-0.74171,0.37042,2.0516,1.7776,3
-1.4958,-2.3802,-1.273,-0.059081,-1.3627,6.9061,3.4853,1.0236,1
-1.843,-1.0292,-0.58697,2.5943,3.704,1.4893,3.8827,-0.16195,1
2.7533,3.4723,6.0143,5.0198,3.0921,-2.8971,-0.49898,5.7072,2
1.9633,0.64557,6.3332,-1.0812,7.8599,9.6378,1.0585,5.4635,2
-1.0219,0.74604,-0.0091,-1.0288,6.0413,-0.26849,3.9149,2.4481,1
3.7682,-1.299,5.6335,3.5604,4.2597,5.9677,0.15246,3.8069,2
-2.0522,-0.37637,0.14075,1.5651,-1.3331,-2.5325,-1.7216,0.68636,3
1.9285,3.5486,1.9315,2.6028,6.8956,10.54,-5.9872,5.8616,2
2.8494,0.90184,4.7958,-0.711,0.001754,5.5972,-2.9696,-0.020168,1
-2.1261,-2.2795,4.2863,0.98371,4.1511,-2.4522,9.5206,-0.68773,3
1.028,-3.2798,6.8843,-6.0031,5.178,3.7328,3.4182,6.6384,2
-1.8245,-1.1363,3.7692,-1.5328,2.2241,3.8211,-1.7655,4.9138,3
-2.7634,-0.054804,1.2954,0.088386,-0.34379,5.5195,5.3529,1.942,1
-1.0812,0.95515,2.4928,-0.65104,-0.84257,2.7377,-0.31664,-0.86678,3
2.6538,3.3212,3.0478,-7.2651,4.2242,2.011,2.5996,6.5184,2
-1.938,-3.2578,5.8463,-5.7863,-0.71876,6.048,-0.21172,6.9968,2
-0.30693,-0.14511,-0.79101,0.91183,1.5374,-3.6951,-4.5967,-1.5908,1
-1.9986,4.2416,-1.1911,-1.4678,-0.90938,-1.2677,2.0481,-0.13987,1
2.9055,3.5577,6.1496,1.1456,5.7304,10.087,1.9138,7.3903,2
2.5737,-1.4921,-1.4491,4.8553,-1.1145,-0.007632,-3.0418,-0.78615,1
0.3408,-2.0505,-1.8854,-0.13558,-0.61967,-2.1096,1.44,-1.5732,1
-0.15665,7.4815,7.6443,-0.51186,0.59161,0.3895,2.2919,-0.69242,1
2.3089,2.156,3.7029,-1.3867,5.9255,5.8651,4.0629,1.9961,2
-0.42203,1.9006,4.6884,1.6246,6.1519,-1.4456,-0.3328,2.2514,2
-1.5207,0.97476,-0.61538,-0.54377,2.5619,-2.9222,1.7674,6.4899,1
2.1086,-0.92959,0.7124,1.9821,1.5065,-3.529,-1.2776,2.6585,1
3.5528,-0.56099,0.43002,0.33253,-1.2145,-2.0786,0.82078,-1.3085,1
-0.75201,-2.2037,0.31181,1.4489,0.8448,6.9816,0.81128,-1.8147,3
1.9472,-2.7207,5.6482,4.2709,6.3004,8.0278,-2.277,5.2075,2
-1.514,-1.3375,1.8206,0.51119,2.5091,-3.5114,1.5463,1.1669,1
-2.3689,-1.8408,4.6468,-1.0276,0.49971,-1.2422,0.35367,4.9372,3
-1.5675,1.8033,2.398,-0.4223,-1.9599,1.0333,0.31855,2.1895,1
-4.4256,1.976,6.4765,-9.9701,1.7032,9.7645,3.5273,4.2353,2
-2.4482,-0.77141,1.1282,4.6012,-0.19651,-0.97557,-1.25,1.0916,1
1.2313,-1.1275,2.1437,-0.024463,1.1555,-2.0391,-2.8397,-0.19992,1
3.4754,0.9166,5.8049,-10.611,5.3817,5.8693,5.1478,1.8869,2
-0.613,3.8721,3.6651,-0.59095,1.765,-2.7812,13.312,-0.95318,3
-1.4923,-0.12533,-0.19634,0.16056,3.6578,3.1967,5.1227,-0.59214,3
0.094315,0.35291,5.3829,3.2713,7.5335,5.4928,4.4647,3.4517,2
0.75864,-1.8415,1.6185,-1.1974,-1.2898,1.6133,-2.1543,-0.38184,3
0.10227,-2.6936,6.6031,0.19801,4.6329,5.0864,2.0479,4.365,2
1.0354,-1.443,-0.34188,-0.21651,-0.56437,-1.5945,-2.9555,-1.5509,1
1.6149,0.54196,4.1727,0.83469,0.39486,2.2138,-4.8152,0.73343,1
2.4891,2.4917,7.4383,0.79181,2.0188,8.9677,2.1655,6.0736,2
-1.7724,-1.2826,2.9713,0.22747,-0.8171,-2.0961,0.91044,1.9965,1
2.5929,-0.085065,1.8183,5.6352,5.7455,10.26,4.5434,5.316,2
0.4755,-3.9534,5.949,3.5142,0.71707,3.2205,4.0908,7.7145,2
-2.4653,-0.73547,5.1613,0.65065,1.1234,6.6442,-2.706,1.682,3
-1.2455,-2.4145,1.8084,6.1714,-1.4445,3.048,2.0291,0.34321,3
2.1333,3.112,5.7927,-1.9849,5.2904,2.2459,1.1439,7.4138,2
0.45656,-0.74369,6.8241,-3.4873,3.5802,1.508,1.3093,4.7666,2
0.56931,1.4279,5.8065,5.7012,2.3272,7.2452,1.8474,5.1325,2
-0.29551,-0.37705,2.6666,-0.93513,0.95865,5.2077,-0.80974,0.36463,3
-2.8242,0.28607,1.2325,0.4916,2.163,2.061,-2.643,2.831,3
0.61785,0.88379,0.41976,4.106,3.5559,-0.95591,3.4853,1.9297,3
-1.2037,-0.67394,-1.1259,-0.48467,1.4296,-0.73794,-3.25,-1.9015,3
3.0694,-1.1539,-1.3218,-0.65352,1.0733,2.5434,1.3544,8.8217,3
1.9254,-2.0216,0.57366,2.7127,1.0721,2.8334,-1.8872,3.4444,1
0.26477,3.5655,0.073082,3.107,-1.4933,2.3153,-1.0705,-1.5608,3
-0.21376,-2.539,1.539,-0.71719,-0.93976,-0.86268,-4.1075,-0.68667,1
-1.2502,2.668,0.07301,2.0224,-1.678,-0.37509,-0.11125,3.7311,1
-1.0155,-1.6694,2.7929,-0.57984,-0.26075,2.4426,-2.5268,0.98354,3
2.3175,2.9137,3.874,3.965,4.8449,-4.8054,5.0239,7.1674,2
-2.5303,3.6531,-1.5594,0.28557,-1.0231,6.0979,3.4149,-0.36798,3
-2.2025,1.7859,5.1994,3.7279,5.9193,9.2009,2.9531,-0.18456,2
-1.8795,-0.58167,2.3248,2.3756,-0.056066,-4.1854,-1.3857,-1.6971,1
-1.4614,-1.914,0.60327,-1.2327,-0.65586,-1.1239,0.90291,0.077608,1
1.3001,1.7358,7.1137,2.7688,1.6829,-2.2508,3.0949,5.4368,2
5.1356,2.1072,-0.06721,0.078495,1.5325,-1.313,7.4797,2.4322,1
2.7046,-0.54758,-1.1188,-0.98981,-1.3703,-1.3884,8.3559,4.6481,1
-0.41029,3.0938,1.4675,-0.65101,-0.1658,3.9995,1.2182,0.63375,3
-0.86276,0.48064,7.244,4.3017,2.601,10.17,1.7241,2.2424,2
2.0621,-1.0343,-1.2057,0.17459,-1.7017,-2.7376,-4.1135,-0.15561,3
-1.9116,0.48724,6.601,0.66791,6.5506,8.7648,0.3747,2.6853,2
2.8425,2.8731,4.7753,0.72104,7.1926,1.6124,0.17518,5.6126,2
2.4188,1.6652,5.5346,0.030339,6.973,3.9587,2.3738,2.582,2
-1.5101,-3.2403,6.5678,5.0914,7.0457,8.3395,4.0768,6.4976,2
3.6598,2.0927,2.3476,-0.21306,-1.3336,2.2072,-3.5747,2.767,1
-2.7665,-2.4031,0.66108,-0.82694,-0.73637,-3.8915,3.4213,0.56526,1
0.034954,0.65778,0.64869,-1.9554,1.1355,2.0604,1.4827,-0.60436,1
3.0407,3.7404,4.1279,0.27971,6.988,3.3027,5.2952,7.6689,2
2.1252,-1.4124,1.5372,-1.1791,-1.4539,-3.2138,0.28902,-0.54749,3
-1.3176,-2.3174,3.9176,0.74932,0.86717,-1.0438,6.8809,3.032,1
3.0395,0.3543,5.9798,4.1168,6.47,0.80979,2.9459,6.5804,2
1.197,3.5701,-0.93079,-0.90158,0.802,-3.1609,-2.4552,0.21766,1
-1.0972,-0.50507,0.34176,-0.20825,0.2116,0.70349,1.659,0.90898,1
0.70091,1.7618,7.3931,1.514,-1.0778,3.1305,-1.4514,4.6165,2
0.3167,-0.64742,5.539,2.1387,2.2413,3.2213,-5.3323,5.3407,2
-0.4984,-0.82077,3.3206,0.51093,3.9796,2.1798,-0.16391,2.4371,1
-0.20773,-0.80454,-0.61361,1.5905,-0.56969,5.9192,-2.0953,-0.79421,3
2.0162,0.093635,-1.0052,-0.32005,-0.98719,2.0123,-4.8116,0.90836,3
3.8533,1.9132,-1.1321,-0.058571,6.2537,7.5347,0.62607,-1.0559,3
-1.0684,-1.5855,-0.20272,3.1506,4.962,10.575,4.9188,6.8744,2
-1.4486,1.7924,5.0197,4.5141,5.7228,2.6525,-0.68143,3.0656,2
-0.71322,-1.0153,0.067096,3.0592,0.20266,-3.1336,2.3939,4.2868,3
1.776,0.46074,-0.17813,3.0548,3.8492,-0.44596,5.5707,2.0108,1
2.4293,3.4682,7.0882,-11.793,4.8017,7.5338,1.8775,2.4603,2
-0.81391,-0.31612,1.498,3.894,-0.58523,8.9048,-4.0337,-0.58857,3
6.1864,1.5206,2.605,-0.15005,-1.3328,0.59221,1.9323,1.1883,3
1.6431,1.038,0.7539,3.1506,1.1788,-1.784,-0.35456,0.20661,3
-0.54371,0.031798,3.3356,-0.35712,2.4645,5.0854,7.2901,2.8959,3
-0.21544,1.3569,-0.4463,-1.4514,-0.15396,2.9577,3.8425,0.5432,1
-0.98442,-0.28724,1.0187,3.4705,0.35503,1.1375,1.58,0.96834,1
-2.3303,1.0512,-1.105,0.93084,-0.36242,-0.044569,-1.4669,5.2578,1
-0.788,3.1707,0.79157,0.84679,-1.3526,0.29676,-1.7379,-0.08388,1
1.1398,-0.70732,3.7066,0.38384,2.4715,-2.4429,1.5735,-1.1427,1
0.064053,-2.1297,-1.2798,2.3507,3.557,2.6064,4.9213,0.74813,1
-0.41898,-0.59353,-0.051299,3.0741,-0.82698,-1.1712,-2.4465,0.44718,1
-0.15175,-2.2231,3.3766,4.4961,3.9557,4.4941,-3.3619,5.5704,2
-1.6991,-1.6999,-0.12806,4.6825,0.54635,-1.8674,-3.9476,-0.36174,3
0.19365,2.7417,7.4056,-0.87585,0.7917,4.0964,3.7895,2.9057,1
-2.3076,-2.0407,0.45488,-0.073535,0.90227,4.3741,0.85766,2.0162,1
0.65186,0.4269,3.4682,2.5586,6.8872,4.7685,5.3484,5.0398,2
-0.73389,-3.3875,6.1092,-8.4152,6.8406,8.615,0.65283,7.1853,2
0.62497,0.76641,5.1494,5.0463,6.9109,0.34133,0.00175,0.32879,2
1.5033,3.4538,7.0876,0.2547,2.0305,5.2023,-1.6532,3.5807,2
5.0866,-1.74,4.2737,-1.3258,0.21032,5.9307,2.2366,1.9009,3
-5.796,3.0273,5.9567,1.6587,5.5659,3.2867,-5.226,2.8524,2
-2.6138,0.58374,1.5411,1.6475,1.7022,-0.88158,9.8838,-1.2311,3
1.1897,-2.3848,0.16986,-1.4433,0.94929,-2.673,-2.3605,5.0702,3
1.2522,-1.958,-1.3048,-0.087855,1.6503,0.60871,1.0138,-0.67126,1
-0.98344,-0.68972,3.5982,2.2206,0.93875,-3.5326,-4.9913,4.2805,2
3.1776,2.4468,4.0953,3.7419,6.5212,6.636,1.8839,3.9836,2
-1.7537,3.8066,7.1686,-7.4848,4.0497,-2.0667,3.3147,1.4114,2
-1.9428,2.8238,0.684,-2.8157,4.3208,10.197,1.0388,5.7738,2
0.49232,3.7712,5.0248,-6.8177,4.1485,6.5173,-0.21142,4.9528,2
1.2936,2.1205,7.0248,2.8479,7.4547,-1.1407,2.8826,1.0896,2
2.7837,1.7692,7.7275,5.1495,3.777,7.8658,-2.1059,7.6195,2
-1.0822,-0.024041,4.2633,-0.61122,0.79547,1.0781,-1.1094,-0.50256,1
1.7479,1.8034,5.1259,-1.2706,5.6031,4.4423,2.3125,5.2289,2
2.5632,1.2685,-1.9194,-1.8641,-0.065274,4.4286,1.5663,-1.6988,3
3.1073,3.4289,3.5998,-8.2161,3.2056,5.0833,-1.0494,6.6313,2
-0.19897,-1.3962,1.6261,-0.11842,-1.1296,1.3112,-2.2747,2.977,1
-2.9276,0.40356,2.3338,0.201,0.89893,6.5517,-0.56517,3.3965,3
-2.1703,-1.7493,-0.52846,1.0819,-0.10792,-0.52429,2.1289,0.31789,1
-1.7626,-0.78141,2.438,2.5953,0.63592,4.1437,4.7449,3.1518,3
-2.0159,-1.2739,-0.27132,0.98589,0.8793,3.2184,2.8457,0.74869,1
-2.8146,1.0865,4.8155,3.4396,0.69648,2.9169,-0.70417,-1.4027,3
0.28801,3.4677,7.4733,-2.4913,2.1279,-2.1218,-2.2051,2.4721,2
6.1963,-1.0749,2.259,0.48527,-1.6168,-1.7155,0.35051,-0.41396,3
1.6488,0.81601,1.5411,1.3039,1.2828,-3.5166,-2.8159,1.4837,3
1.0941,2.3056,-1.3146,-0.20616,0.53592,3.8943,7.8054,0.60217,1
1.0018,-0.7175,4.1572,-0.13985,4.7155,0.8248,3.9329,1.4963,2
-2.3406,-1.2799,-1.478,2.5382,3.6256,4.2428,-4.2141,1.9417,1
0.35897,-0.24985,1.1005,-0.92198,3.7598,-3.6189,3.2854,-0.62257,1
-1.6272,-1.9335,-0.98547,1.8868,-0.29167,2.5467,4.3712,-1.1747,1
1.4688,0.9318,5.6576,-7.9406,5.0348,1.7934,2.1771,3.5545,2
-1.298,5.5365,1.6966,0.76133,0.041336,-0.7507,2.2254,0.64295,1
2.3679,2.0697,6.0754,2.4881,0.11063,7.7067,-1.8492,7.133,2
-2.5257,-0.99992,1.9306,3.2954,0.45007,8.2909,-1.5313,3.8461,1
4.7472,-1.2941,0.31477,-1.3446,0.086211,-3.1818,6.3194,0.98044,3
0.009863,-2.494,-0.96142,2.2227,2.6194,11.694,-3.6348,0.54205,1
0.49628,2.5789,1.7149,2.7884,4.1453,6.5572,3.2293,7.4403,2
-0.9612,-1.9811,-0.7848,-1.9228,-1.3701,4.0163,-3.1799,3.4099,1
-5.1328,2.8608,6.9242,3.0314,4.3032,2.8855,3.0738,6.8707,2
-0.16587,-1.139,0.048006,3.1062,2.3225,2.0484,8.068,1.228,3
-0.36788,2.3777,-0.00067,2.3272,4.3155,-1.8186,-0.96631,-0.43768,3
0.66681,0.3478,-1.2307,-0.32842,1.247,-2.2349,0.93849,1.5548,1
-0.99584,-0.73278,-0.071947,0.95744,1.9562,-1.7382,-1.6537,1.1354,3
-0.87011,2.2829,6.9565,1.4343,7.7578,10.778,1.9778,0.76333,2
1.732,-0.43119,5.6251,1.2028,-1.2362,0.39941,11.911,0.13369,3
-1.429,-2.7304,1.0341,-0.93849,-0.88247,7.1165,0.203,-0.70785,3
3.3035,0.7245,5.1933,-1.5712,-4.6256,1.3678,1.5837,7.4976,2
-0.49804,-0.46623,0.58363,-1.675,1.1139,-4.8205,7.301,1.3261,1
0.42176,0.10174,0.22505,2.0679,6.6413,9.2566,-1.4019,4.2828,2
3.5507,2.77,7.5854,-2.536,7.5599,7.2012,0.97782,2.7416,2
3.8809,-1.6569,-1.1923,-0.046378,-1.1914,6.2646,-2.0358,2.6376,3
0.48118,3.3109,5.2149,2.0425,0.66654,0.71663,-3.9021,-1.7518,1
0.40196,-1.9339,2.2454,1.9307,0.21036,4.1849,4.3344,0.15366,3
-0.29934,3.0243,5.7732,5.6537,-1.9349,-2.0681,3.4915,-0.07601,1
-1.6282,3.9389,-1.5867,3.0136,4.9764,-1.5927,-2.4379,-0.00037,3
0.70052,-0.68101,3.9707,2.2309,-1.3898,4.2892,5.1928,0.88109,3
0.7447,-1.3056,0.93756,-2.0141,4.7649,8.8131,6.7431,0.10489,3
-2.3198,4.0751,0.56327,-1.6037,0.043233,10.505,8.9379,1.3792,1
-1.7488,-1.4958,0.75755,2.8659,2.1751,3.0843,7.4534,-0.4624,3
3.6681,1.6955,0.37628,3.0414,1.9124,0.26523,0.89045,-0.59555,1
3.1969,2.1862,3.4491,-0.78649,7.1379,4.2893,3.5852,7.4461,2
1.2991,0.46724,7.5278,2.896,3.0759,7.5962,0.097212,4.9476,2
3.6189,2.7784,7.8689,-10.412,6.2649,4.8282,-3.1515,5.5423,2
3.8102,-1.7303,2.1103,1.4603,-0.25458,0.90428,0.61624,-1.5558,3
-1.194,2.6908,6.1099,4.8841,6.7598,5.9157,2.6907,5.7578,2
-1.505,-0.3163,5.8459,3.0948,1.3899,-0.27885,-3.7222,-0.20996,3
-1.1953,2.427,0.74447,0.6698,-1.2469,9.1029,3.4186,2.0177,3
1.3582,-5.2931,6.4723,3.7221,3.2664,8.6252,4.3485,4.0997,2
-1.6369,-1.4777,4.2319,-1.4074,-1.0344,1.2242,-4.7338,0.76692,3
0.52204,1.5663,4.6997,2.6863,5.5488,5.2019,4.5037,7.6879,2
3.2855,1.6812,7.4462,-0.62787,6.4484,9.7241,-1.8023,6.1369,2
0.41211,3.916,-0.84405,2.2672,-0.023132,-2.9465,0.035196,0.49329,1
-0.054996,-1.5534,1.6698,-0.56993,-0.18131,-3.2456,-2.7608,-1.194,3
-2.8051,-2.2592,0.000733,4.15,-1.3688,-1.5892,-3.5861,0.53938,1
1.5658,0.54648,5.8947,1.9208,0.48116,9.9523,3.328,6.0888,2
1.9383,3.1616,4.0621,2.739,-0.9438,1.2128,-2.402,5.6378,3
-1.1296,-2.688,-1.4504,3.0631,-1.0068,-2.703,4.3501,-1.4145,1
3.7911,2.5339,1.4694,5.4649,7.876,2.2654,-1.9116,5.8762,2
-0.78537,3.4033,3.4173,-0.20472,6.665,8.777,4.682,1.7129,2
0.1877,-0.59313,4.4337,5.2635,7.6009,2.8812,-0.37993,5.719,2
2.2047,2.6128,-1.0402,1.5234,-1.2468,3.0795,8.2316,1.7657,3
-1.0747,0.14241,-1.8537,1.349,0.32277,-3.9013,-1.7388,-0.26534,1
2.3732,1.7639,6.1629,-2.2085,6.9524,8.8966,4.6685,7.048,2
0.6931,4.5005,0.79992,1.0587,2.8228,5.5386,7.3551,-0.65256,1
-2.0394,-1.9894,-1.0528,1.2176,0.4238,4.8754,-0.45752,3.8215,3
1.7837,-1.2838,5.612,2.4164,6.2005,5.6623,-0.55772,3.6717,2
-5.0936,1.487,6.6233,-4.5906,6.1691,5.6778,1.785,4.8238,2
3.5185,0.47172,7.0699,1.9949,6.7634,10.15,-1.4785,7.6465,2
-0.21713,2.9731,-1.2867,1.0316,4.8863,5.8256,-2.5642,6.1643,2
0.59497,-1.9337,2.5368,6.1533,4.8038,3.7304,2.8477,4.9127,2
2.3085,-1.8454,2.1776,2.3088,1.7551,-3.3763,-0.99802,1.276,3
-0.84415,-1.6863,7.135,4.3262,6.7763,3.6365,0.1331,5.0229,2
1.8591,0.97818,4.8718,-1.3457,3.8781,3.8634,-1.9384,4.515,2
-1.4843,-1.5321,0.27475,0.32011,1.3365,-3.6979,15.339,0.61681,1
3.8348,-0.92748,1.6072,-1.365,1.4846,9.7228,-1.8388,-0.19965,3
2.5456,2.613,3.4252,-3.0275,1.7454,6.1933,1.9078,3.2827,2
2.8928,-1.8749,6.5328,4.6461,2.4973,5.9582,3.1977,6.588,2
-1.6887,1.5726,-0.76982,0.90387,0.41813,2.6129,-0.96745,1.9545,3
0.40577,2.7287,3.9192,-0.56508,6.2334,2.9579,4.2008,6.7499,2
-0.18263,1.2948,-0.94967,-0.40297,2.8915,-4.149,-0.12816,-0.52314,3
0.47517,-0.43035,6.8004,-1.0813,7.5993,0.41013,2.8764,2.7253,2
-1.9664,-2.2118,0.18281,3.5643,1.9281,-1.5005,3.5126,5.7173,3
1.8735,2.314,-0.49638,0.30823,-1.699,2.9598,-1.6148,1.6943,1
-1.2845,-1.3183,-1.365,-0.68724,0.97464,1.5129,-4.4615,0.84826,1
1.249,-0.24948,-1.1994,5.1292,-1.0482,-3.7604,1.3625,-0.45613,1
6.4307,0.65602,3.5632,0.16552,1.395,6.7283,-2.3296,1.1572,3
-0.59027,0.25377,1.8845,2.6477,5.2403,5.2583,4.1442,5.8596,2
0.46076,0.99798,5.0877,5.3728,3.3761,3.5954,0.052581,6.362,2
0.3639,-1.0138,6.7489,-2.8753,5.5804,9.1831,-5.4818,7.728,2
3.1348,-5.0729,5.8741,1.24,6.3914,3.1121,4.0056,5.8599,2
3.1464,0.89725,4.8773,0.67077,2.8365,1.7594,0.95122,5.673,2
0.24262,0.43247,7.5816,1.9686,3.1646,7.7156,2.2781,2.434,2
-0.096682,-1.7884,-1.3201,0.12674,-0.18599,-0.43073,0.65167,0.93715,3
2.7433,2.5854,7.3647,-5.0465,5.5341,6.397,0.011596,4.1758,2
-2.283,2.2493,-0.34909,0.48319,1.5371,3.7401,-1.0295,-0.49679,3
-1.9168,1.9664,3.5999,6.1962,6.1179,-1.1787,3.4745,5.0065,2
-0.27678,0.74615,0.59759,-0.003909,0.77842,1.2547,-1.5211,1.3849,3
1.0859,-1.7393,3.6735,0.04533,3.665,-1.3478,6.6466,4.8388,1
-1.0369,1.7743,5.626,-18.798,5.4969,-2.7549,4.2705,5.364,2
2.8528,-1.1173,2.2404,2.6887,2.0592,1.6737,8.5675,-0.51667,1
-0.006548,0.51252,1.9091,3.3346,-0.45763,4.1629,-3.6315,-0.78082,1
0.27776,1.2563,-1.2702,-0.5881,3.6522,-0.8733,-1.5264,-1.2181,3
0.78552,0.99755,6.4919,-6.0103,3.7436,2.4413,-7.9226,7.7549,2
-1.6834,-1.1466,5.7202,0.66889,-0.01629,6.0661,3.7814,2.4851,3
7.3926,0.15136,1.4052,-1.2685,1.2799,-2.6386,4.1088,0.32296,3
-2.0996,0.25113,-0.2166,1.0957,-0.51559,1.8737,6.6835,-1.9691,1
-1.411,3.6616,5.0754,2.6481,6.149,7.7612,2.4723,2.4614,2
1.466,-2.6166,-1.4774,-0.046393,0.8523,4.9237,-2.0962,1.6008,3
1.2076,-1.3035,-0.74713,-1.3242,-1.1929,-2.3442,0.44599,0.49687,1
1.0643,0.16524,0.28328,0.41033,3.4726,1.3768,-1.2925,4.2334,3
-0.20062,3.6179,0.86973,6.4397,5.0461,7.5392,3.5998,3.9619,2
-1.2045,1.8785,7.6644,-3.276,5.476,7.5685,-1.1916,-1.8292,2
-0.63283,1.5216,0.63999,0.54669,-0.12543,3.5039,-0.93801,-0.56837,3
0.76062,1.144,5.9416,1.2957,3.7432,4.6073,2.2791,1.668,2
-1.5716,-1.7654,2.5379,0.55514,0.58667,-2.8484,-1.304,1.6796,1
0.3776,0.21601,5.8289,6.3045,5.3514,-0.048664,0.35449,4.809,2
-1.2302,0.7634,0.050525,-0.88998,1.4994,-3.3326,-2.3544,2.233,3
2.1123,3.2651,6.1299,-6.642,7.5333,3.4638,1.0395,4.9349,2
-2.0578,5.9116,-0.30621,2.4064,4.0816,9.8745,1.4395,2.2883,1
-0.28349,-2.6069,-1.3828,0.076414,3.9737,3.6795,3.9079,-0.18776,1
-1.2709,1.3039,5.2501,5.4239,5.1719,9.6728,2.9567,6.3259,2
-1.3796,-2.1034,-0.34831,-0.2726,0.62732,-2.2968,0.77587,1.2012,1
-2.7633,-2.6079,1.9979,-1.7461,5.4378,0.21011,-2.9449,1.7957,1
2.9468,1.8277,0.73491,5.2745,4.7988,-2.7578,2.9224,-0.54367,1
2.4709,-0.73822,5.8979,-0.73678,6.6297,3.6627,3.5124,-1.0023,2
1.2402,-0.46409,-1.6371,1.748,-1.2723,-3.5713,5.157,-0.58491,3
-0.10487,0.26465,1.594,1.9315,4.2042,4.7738,3.2389,5.4935,2
-0.84802,-1.9512,-0.76643,2.2643,1.2827,1.5988,-3.5262,1.4247,3
-1.1142,-0.9951,1.8355,4.4547,-0.28465,8.5598,-3.2187,0.62174,3
5.3891,3.4183,-0.95732,-0.75904,-0.44011,-2.4332,1.1855,0.10659,1
3.6005,-0.12717,6.7541,6.6005,2.712,10.451,-1.3508,5.1811,2
0.90047,0.92686,-1.2807,-0.7948,2.3341,3.2167,-3.4024,1.0132,1
-0.42332,-1.9575,0.82177,4.9329,0.66674,0.23744,-2.177,1.0791,1
3.0747,-1.8382,4.8429,4.7539,3.5894,9.3222,3.3402,6.3318,2
1.7595,0.81427,0.4498,4.3225,3.4332,-0.53886,-1.1272,-1.3967,3
1.4068,1.7322,0.80085,-7.5477,7.9591,1.702,1.0682,5.3156,2
-0.88369,2.7838,0.50452,2.448,-1.6563,-0.28839,-1.0332,0.25974,1
0.77727,-0.82131,5.5306,-0.82303,6.6808,9.1526,3.1585,4.9602,2
-2.8677,1.485,4.4506,5.6417,5.0607,10.303,2.3028,4.2781,2
1.7027,2.2281,5.3795,-4.3761,7.537,2.1568,3.4039,6.8006,2
-0.90362,-2.4252,1.9204,0.9302,4.9332,-1.0347,-2.8717,1.2646,1
1.7489,-2.0733,0.80953,0.32796,0.048091,-1.6856,0.032277,-1.3938,3
1.0941,0.40453,7.6396,-5.1883,4.8459,3.9298,2.3172,4.6625,2
-1.4008,1.6078,-0.96252,0.57559,0.68218,-0.070807,1.9556,3.3383,3
-1.0418,2.36,2.5245,2.4149,0.17917,-2.4547,6.3904,1.9998,3
1.9949,2.4141,6.2092,-14.54,5.0025,-9.5812,-4.6668,3.073,2
0.90843,0.92819,-0.10924,3.643,1.5222,-2.3243,0.25917,0.77383,1
-2.6598,-2.7011,0.71377,2.4704,0.73387,6.6571,-2.4544,0.70753,1
1.143,0.52898,2.6073,2.5809,-1.9893,1.9188,0.75411,-0.78377,1
1.8043,0.87335,6.7846,5.2243,-0.42,-1.5103,3.0127,0.51051,1
1.0337,-1.0959,3.6069,3.4375,-1.1626,4.7992,4.2723,2.7068,3
2.2395,2.795,3.8242,-1.375,3.8016,-0.50618,4.0265,3.1301,2
1.3568,-1.1881,-0.98935,0.025572,2.5424,-4.5199,0.45948,5.6182,3
-2.6583,0.73283,0.72159,0.33388,-1.3401,-2.8481,-1.4798,1.5398,1
3.5998,0.7959,2.9384,3.4909,1.0588,7.3349,-0.95819,5.9877,2
-1.0968,-2.1481,-0.83861,7.9869,3.0671,2.7039,-0.71818,6.0247,1
1.6238,-2.0516,1.0355,0.69221,-0.59239,11.759,1.6453,0.045501,3
-1.7641,-2.0051,1.2504,-1.0322,-1.242,2.1058,1.483,-1.749,1
-2.1278,-1.8209,-1.7333,2.0163,-1.242,1.6661,14.417,-1.4472,1
1.1964,-1.2237,-0.45302,0.059071,2.3265,8.0686,-2.5482,-1.3055,3
0.28028,-1.7504,-0.35772,4.5299,0.2607,1.8503,0.47151,0.99062,3
-3.2299,1.1435,5.95,-5.3304,6.2925,9.0992,2.3752,7.1451,2
-0.65716,-1.0005,5.2969,-0.9151,0.26519,-0.55114,2.1213,-0.32827,3
-2.4777,1.6094,-0.32427,0.71164,0.41203,6.6131,-0.64001,-0.11149,3
1.0266,-0.5904,-0.21177,3.3578,0.023446,3.2242,-0.21753,-0.040423,3
-1.4781,-2.3981,3.4411,0.22444,0.60413,1.5881,-1.7639,0.58873,3
0.45721,-2.3664,7.0721,4.2932,6.327,8.3261,1.2825,5.396,2
-0.3203,5.6038,3.5129,4.5813,1.4489,-3.4692,0.24032,-1.0556,3
0.92793,-2.6259,2.5022,-0.45446,5.2436,8.8087,0.86156,6.8872,2
2.6104,1.922,0.81438,-0.37841,1.0423,2.7188,-3.1113,-1.1051,1
-1.8893,0.66042,-0.41867,0.82228,3.0579,0.72658,1.898,1.3045,1
1.6545,1.783,3.2932,5.0903,6.445,-4.9012,3.4271,3.4443,2
2.4727,2.8387,5.7541,1.6895,5.5998,3.8635,-2.1403,3.4068,2
-1.6273,-2.4555,1.4727,0.1314,3.3233,8.147,-2.841,-0.9122,3
-2.7228,2.8983,-0.32512,-0.4773,1.4368,0.23995,-3.7245,0.72197,1
2.2163,1.9351,2.4359,0.34704,-0.94517,-2.825,4.9687,1.2002,1
-0.11785,-0.54853,2.4041,-1.3465,4.6586,-4.0605,-0.28786,1.3555,1
4.1392,-2.1913,-0.29527,3.6284,0.58286,-1.9486,-0.13784,-0.60193,1
1.5385,1.7329,-0.38314,0.81671,0.2423,-0.26198,1.6887,-0.6957,3
-1.7354,0.08645,1.7414,-0.38202,5.3161,20.421,-1.3857,2.378,3
-1.6961,-1.4422,0.89113,7.8367,-1.8372,-2.9524,0.79488,0.84285,1
2.2032,-0.66609,4.7045,1.7751,-0.44278,2.3224,6.0803,-1.7455,1
-1.1337,-0.96145,0.61498,-0.39605,-0.86202,1.4834,-1.4946,2.7962,3
-1.3,-1.2157,0.89448,2.9633,-1.4806,-2.6117,1.4324,1.1129,3
-0.17777,-1.858,-1.4692,-0.37693,-0.019413,-1.3652,-1.7905,1.7277,1
-0.96346,-1.5155,0.080274,-1.3446,1.2136,9.1771,-0.24918,-0.12341,3
-1.9051,1.3142,-0.54754,0.76277,0.9696,-3.2198,10.127,-0.49072,3
-2.5466,-1.4186,-1.3735,2.412,-0.6938,0.4904,4.9966,-0.7494,1
-0.63685,-1.4121,-0.068007,0.98732,3.576,3.1183,0.57721,4.9313,3
2.6785,-0.49368,3.2163,0.34248,3.6361,2.5097,0.75325,-1.483,3
-1.5349,0.50269,-0.34458,0.77389,1.2437,2.0447,6.2721,5.7216,3
3.0537,1.0191,6.624,2.3289,6.9454,6.4752,-1.5427,3.9992,2
-2.2343,3.7842,4.6362,0.025215,5.5316,8.0532,3.6101,4.429,2
-0.60048,-0.475,-0.78001,-0.52853,-1.5045,-2.5917,-3.1407,0.71993,3
2.4297,-0.75955,0.19175,-0.18606,-1.0886,2.5298,-2.9422,6.2561,3
-1.8724,-0.3177,4.5128,2.9828,2.191,0.51681,-2.0848,-1.6249,3
0.73339,1.8857,3.6697,3.0514,1.9933,3.8725,7.5219,3.4431,3
2.9135,3.7009,1.3031,-1.5694,-0.51155,4.363,5.5937,3.1294,3
1.3555,-1.1431,0.81685,-0.13037,5.7268,3.4726,-0.87016,1.5253,3
7.4224,5.1234,4.9031,-0.80852,-1.904,0.005244,8.91,1.2287,1
-1.4185,-2.2297,-1.3677,3.7445,-0.75584,-2.1645,-0.17591,0.60155,3
-1.4319,-1.1786,0.31955,-0.85269,1.6019,-0.058523,0.23653,-1.2535,1
-0.6409,1.7967,-0.66855,2.9366,5.2591,7.6391,6.5386,0.45577,3
0.22544,0.54477,3.7761,2.1343,5.1943,8.528,0.87232,5.152,2
-2.6377,3.8609,-0.76221,0.64308,5.1845,9.5585,-4.2285,-0.82521,3
2.1279,2.6982,6.0778,4.3395,5.6228,0.58756,0.3111,4.4817,2
7.3969,-1.4493,0.96925,0.017858,1.3191,0.18648,0.35591,-1.9065,3
6.0262,-2.4224,-0.001054,-1.8103,0.18049,1.8736,0.26493,2.243,3
-2.7623,-1.3049,0.96559,2.7393,-0.47393,0.66924,-3.4577,0.93369,3
0.74965,-0.15105,0.17532,-0.008602,0.22388,-0.93085,-3.7221,-1.1621,1
3.6227,0.35755,1.9308,-0.72159,-0.32343,-0.096148,-1.4516,1.5839,3
3.1754,0.67168,5.7477,0.27734,6.025,8.5384,4.6077,0.5343,2
1.6907,1.4063,2.699,2.9966,7.1317,10.677,3.0752,5.5482,2
-2.4485,3.139,-0.64006,3.3289,3.9019,-2.7784,-3.1689,-0.56954,3
0.85862,1.5391,5.3588,1.3778,2.7968,1.3286,-2.6486,6.0441,2
4.018,-1.6944,0.99111,1.0653,3.0621,-0.034546,1.073,-0.3305,1
-2.5068,-1.4538,0.79559,0.065991,0.8099,1.5454,2.3704,0.15216,3
-1.2341,1.3277,8.0425,1.3303,3.0358,4.3749,-1.7131,3.3823,1
-1.6026,-1.7214,3.2165,-0.092744,-0.42901,-2.0081,-1.4207,-1.6494,3
-0.096683,2.4807,-0.87569,2.1375,1.8448,-2.0453,4.147,2.2125,3
-0.46725,2.8791,1.6797,1.3262,2.7323,10.382,-1.5683,1.7883,3
-0.61666,-1.004,4.4361,-0.4681,2.4333,3.1328,4.9764,6.9657,3
2.9098,0.63702,3.2456,-3.2875,5.775,4.2393,4.0936,6.0177,2
-2.1932,-0.34075,-1.4468,2.6948,1.7893,-0.5826,-0.057429,-0.87285,3
1.6388,2.3736,3.9714,1.8328,6.7813,9.4921,4.1716,6.0598,2
-0.60672,-1.2752,-0.44205,-1.8195,0.029822,2.7239,4.0504,2.5274,1
-0.47825,4.4102,-0.87093,-0.94568,0.77764,-0.72463,-2.5659,2.7885,3
0.4793,1.0736,4.4912,3.7715,0.38146,5.5302,-3.3242,2.7709,3
2.9949,1.1047,7.0019,0.17637,7.2906,4.4698,3.816,3.4039,2
1.9203,-2.7346,7.4098,-8.7088,6.0905,7.0083,1.2293,5.1879,2
0.48642,-2.4597,6.5868,-0.77302,6.5179,1.7026,4.9254,6.3805,2
1.9624,2.296,3.7432,4.4876,6.4559,7.6065,-4.904,7.1468,2
-0.99416,-1.2577,0.048127,1.8043,-1.4139,-4.853,12.605,0.74054,3
1.2555,2.9375,7.0003,0.41843,7.4915,0.27459,-0.78581,2.8304,2
-0.30652,0.44943,4.853,-0.086082,1.8197,0.15158,-3.2124,4.255,3
-2.6375,-1.3549,1.0191,-1.5684,2.38,-1.7777,-0.4364,0.62188,1
2.3129,3.3526,6.9115,0.95817,7.4111,3.7039,3.6562,4.1778,2
-1.1449,-1.4445,1.9768,-0.71763,0.38927,1.2645,-1.4573,0.45428,3
-0.77733,-0.85817,0.049037,0.14452,3.6899,2.754,4.9623,0.95383,1
-1.4336,-0.79648,1.2,-0.79833,1.8832,0.3103,1.4541,2.0646,3
-2.847,0.002047,0.88382,3.1105,2.9052,5.2123,4.6118,0.1277,3
-0.40744,1.5967,2.7108,-1.0047,-0.2719,-2.7661,0.15576,3.8582,3
2.1022,-1.9426,-1.1913,2.8231,-1.605,0.65761,1.4013,-0.8059,3
-2.6775,-2.4232,-1.0501,0.77058,4.3242,9.5011,2.06,2.0034,3
0.44656,-1.3707,2.3117,2.1101,-0.15154,0.82865,-0.82697,-0.95596,3
-2.2345,1.9961,1.1775,1.3754,6.3873,0.50138,11.927,1.9719,1
0.046692,-0.82664,1.9082,-0.38369,-0.52678,-1.463,-0.68925,1.1126,3
-1.8944,-0.41934,0.47933,3.8128,1.0197,4.1743,-3.5078,-0.91878,1
-0.82424,0.73813,1.229,3.5673,-0.67042,-1.2764,1.3995,2.1092,3
-0.6346,-1.4174,1.5635,1.3386,1.6595,-2.8828,-0.73259,2.8085,1
-0.26807,-4.5232,6.2093,6.7238,5.5419,-4.9819,-1.0934,6.4733,2
2.4316,0.38613,-1.5583,-1.8466,0.67126,-3.3097,3.1712,0.16783,1
1.3608,2.6287,6.8255,2.3628,7.3002,8.429,-0.26166,4.2926,2
2.1014,-0.18829,5.3984,1.306,2.4977,1.719,-2.0203,3.8774,1
-2.4251,0.018843,2.0473,-0.96625,-1.6639,4.6897,-2.2556,-0.12553,3
2.0024,2.526,2.898,-3.2346,6.0012,-4.1199,2.0342,4.5621,2
-1.7587,3.7533,1.1848,3.2865,2.0128,-2.4223,-4.0506,0.49833,1
-1.1168,1.1692,1.442,3.3192,-0.61469,-2.3208,5.1126,2.5672,3
1.3124,-4.4208,6.9865,-0.31667,6.2559,3.9124,-4.8124,5.3621,2
2.5019,-1.5383,1.4959,-0.84766,2.6673,0.69734,-3.3273,1.7724,3
3.8809,-1.6569,-1.1923,-0.046378,-1.1914,6.2646,-2.0358,2.6376,1
-2.5562,1.1931,0.99908,-0.95254,1.5143,-1.0805,4.5204,2.047,3
-3.4061,1.9686,4.4368,-5.1406,6.1685,5.9,1.4527,5.652,2
-0.38894,0.71346,1.7744,-0.64297,0.010755,-4.2858,-4.2374,0.36686,1
-1.4995,3.2565,1.7685,-0.64224,-0.080146,2.3685,0.65656,-0.74206,1
-8.0006,1.607,6.6688,-1.2142,3.6629,4.0274,-1.5115,6.5368,2
0.88872,-2.3952,3.4348,1.5379,2.1244,6.2496,4.223,0.33892,3
-1.3156,0.73747,3.9758,3.8973,7.618,10.339,1.9546,6.6943,2
0.15767,-1.9938,0.67547,-0.69924,4.5069,2.8102,-2.7084,-1.5016,1
1.0688,3.2033,2.7967,-9.2617,6.8486,6.78,0.72432,4.0848,2
-1.1124,-1.0748,4.3602,3.1104,0.70655,0.99383,0.13006,6.0748,3
3.399,-3.6626,0.69051,5.8873,6.4752,1.2626,4.6114,3.8977,2
-3.325,0.64295,7.1262,5.4168,1.4929,-5.436,-1.0247,0.77786,2
-2.0349,1.7103,-1.4681,0.45862,-1.2391,1.2135,2.2681,-1.661,1
-2.6184,-0.23881,0.48434,-1.2039,1.4664,-1.0206,2.5634,0.73412,3
-1.7013,-0.85834,-1.2855,-0.91914,2.028,0.97108,0.39318,-1.115,1
-1.4843,-1.5321,0.27475,0.32011,1.3365,-3.6979,15.339,0.61681,3
-1.7923,2.0367,0.48535,1.2516,1.5448,2.7581,-0.93617,0.36328,3
2.6683,0.92337,5.0056,2.7038,5.4338,7.5848,1.4124,4.6151,2
-1.2374,-0.62717,0.39359,-0.64452,0.85166,4.1402,-4.5858,1.254,3
1.5108,3.5762,4.0593,2.1444,6.7551,2.5292,2.5651,6.9159,2
-1.6611,0.57145,-0.32301,1.81,1.4244,3.7758,2.4435,1.6199,3
-1.378,0.59303,2.204,-0.21028,-0.51252,-1.2646,-1.899,-1.486,1
8.7308,2.2256,3.5397,1.6132,-0.51504,-4.1364,11.966,4.0259,1
0.45853,0.63638,-0.68661,0.26237,1.8107,0.093368,4.3997,0.92886,3
-1.7678,-0.90395,1.3951,3.2602,-0.012075,2.3468,-2.9091,1.0974,3
-2.2989,1.5698,-1.3131,4.5432,0.95458,3.822,-2.9743,-1.7857,1
2.4829,2.9336,4.5546,-5.8961,6.8025,7.3942,-0.89324,5.9677,2
-2.0688,1.0362,1.9212,-16.835,3.3308,-7.9289,1.6787,6.6966,2
-1.224,1.7715,-1.0673,0.54634,0.096744,4.9677,-3.3575,-0.6708,1
1.8654,2.62,6.7718,3.5688,6.0931,7.1995,3.0171,3.9777,2
-1.6371,0.18817,1.0299,0.054814,-1.0689,-0.83846,-1.2503,0.84748,3
1.6287,3.0567,7.8545,4.754,6.3163,8.9653,-5.4298,2.4604,2
-0.65536,-0.93094,2.4789,-1.2785,1.4823,-0.62152,-1.2738,1.6158,3
2.6644,2.6749,7.1144,-3.0396,6.8935,5.6833,3.1608,5.8383,2
-1.3269,-0.12261,2.97,2.1869,-1.2321,-0.83879,6.5841,0.029749,3
0.43461,1.6732,2.2914,4.3347,1.5758,4.2406,3.6236,1.0656,1
3.42,-0.95037,0.46825,-1.5095,0.79292,-3.1201,2.8896,0.63738,1
-3.7414,0.060732,4.1038,4.8109,2.5658,8.9454,0.81221,6.443,2
1.0591,-2.018,0.37551,-0.86721,-0.073542,0.45824,-3.022,4.2227,3
2.237,-0.22264,5.1965,-1.7819,5.6621,5.7073,-2.0837,0.23296,2
0.016687,4.5324,-0.71903,-0.35503,1.2756,0.81231,-4.3826,1.0732,1
-1.3036,3.3998,-1.2917,1.9461,-1.2049,-4.4625,1.8371,0.96864,3
2.6956,4.1352,-1.3554,2.2522,-0.76842,2.0855,-1.1825,2.9735,1
2.092,0.85174,5.7892,2.9451,5.879,3.5236,-5.4326,5.0971,2
-1.1553,-2.0322,1.7491,-0.74181,7.0214,1.8829,3.1103,4.7911,3
2.9895,-0.82793,5.2195,6.634,2.3676,9.0592,2.1379,1.3108,2
1.2072,-0.61643,0.87563,0.20328,-1.4113,-3.9192,0.49867,0.98912,3
-2.9727,2.6816,4.5268,-0.41402,5.7217,7.3747,1.9297,5.5586,2
0.49825,1.2531,3.8758,-1.715,-1.2015,-1.6021,6.3348,-0.44915,3
3.0456,1.3962,0.85966,0.77597,2.691,-1.5479,3.0712,-1.2285,1
-2.0725,4.3535,-0.73774,-1.4042,-1.0885,2.7563,-2.4826,0.57401,3
-4.5386,1.162,6.4747,-2.6975,4.1686,4.7615,-1.0754,7.6906,2
-1.7913,0.071246,3.2206,-0.75675,1.088,-4.6561,-3.632,2.6552,1
0.2691,-0.44706,0.43314,2.632,0.27638,-1.5218,-4.1911,0.075199,1
3.5879,2.7694,5.9207,5.4966,4.5617,8.5297,2.0038,6.6668,2
2.1488,1.9969,6.8989,-12.28,7.9025,5.4702,-1.2834,5.5891,2
-1.0621,-0.56776,1.6222,3.9796,-1.4751,-4.2878,6.8818,-0.06418,3
5.7177,-1.5328,2.2703,2.7269,0.72884,6.9245,3.3201,-1.4618,3
1.5002,-0.22291,-0.36605,-0.9609,1.0754,3.46,-1.0264,1.9299,3
-4.2146,3.873,4.8641,2.4706,5.0806,7.3296,3.1224,5.8735,2
2.9026,1.6348,5.3843,4.5587,5.648,8.8148,3.7997,2.8019,2
1.8122,1.29,5.8562,-1.3885,1.5923,8.8931,-2.0059,3.6624,2
-0.002138,0.76524,0.9711,1.9049,1.0416,-2.2653,6.8369,1.5724,1
-3.2463,-1.3344,6.581,-1.8665,6.3769,2.0525,-1.8286,3.684,2
5.015,-1.9729,5.1516,3.1925,1.2287,-4.1123,-3.6249,-0.45101,3
-1.5068,6.9903,0.34864,6.9456,-1.8011,7.5147,3.4579,0.22623,1
2.1319,-1.2012,-1.3598,2.5192,-0.31655,-2.4828,0.33251,1.5706,3
0.7622,-1.6373,-0.78164,0.72483,0.56963,1.301,2.5407,0.49333,1
-2.1489,-1.7497,2.6648,-1.5822,3.4189,3.5596,-0.40801,5.7784,1
-0.31504,-2.4137,-1.2667,-0.66718,-1.1087,-2.0083,-0.99028,1.7178,3
2.5987,1.4848,5.8283,2.0822,4.1652,9.6366,-0.60599,0.046981,2
3.0479,-0.27435,-0.90679,3.1383,-1.2162,-3.1622,13.613,0.7843,3
-0.30603,-0.050447,-0.93353,2.539,1.4888,-0.56048,0.88379,6.7767,3
0.56752,-0.34065,-0.91162,-1.7947,2.0621,-1.7607,4.9098,4.3877,1
-0.3652,2.0649,-0.34171,2.2387,-0.78175,9.7077,0.36483,0.25652,3
0.26359,2.9385,3.6139,2.1002,-0.30301,-0.99615,9.2153,5.097,3
1.9135,0.21826,4.121,-0.75111,4.3005,-3.2926,-3.4693,5.5157,2
1.5572,-1.1954,3.2638,6.5221,5.5832,-0.29803,2.5596,3.8711,2
-2.0328,-2.212,2.1124,4.758,1.7456,-0.29248,-4.2361,2.0919,1
1.9596,0.14877,0.41084,3.5265,1.0039,10.588,4.2249,6.2975,2
2.824,3.6041,2.6741,-1.3993,6.4889,3.7812,1.5967,7.0647,2
2.3274,0.65111,5.7581,4.3001,7.2965,8.2989,4.8841,4.8943,2
-0.7506,-0.31771,1.551,3.011,-0.89307,-1.0449,-1.6973,-1.7631,3
-2.4961,-2.6818,2.4731,2.8714,0.49105,1.8009,0.77533,-1.0361,1
-0.38119,-1.0122,0.21171,-0.34021,-0.21946,6.8829,4.819,1.2637,3
4.57,1.1458,2.5899,-0.90064,-0.41456,-0.56862,0.29754,0.96818,3
-1.4245,2.1683,3.4116,0.19813,4.574,6.9986,-0.25912,5.8897,2
-0.048209,-2.8449,-1.2742,0.19072,-0.4565,-4.1492,2.9193,-0.47779,1
2.0548,-0.22761,4.5354,1.4141,5.2507,6.4022,3.7707,4.9079,2
-0.99102,-2.9033,-1.0808,1.377,-0.20763,-0.17379,2.1164,-2.0183,3
-1.8038,-1.6489,0.68064,-0.61389,0.72586,1.3913,-2.5574,-1.0011,1
-2.4361,-2.2619,-1.3389,1.3755,1.5942,0.23852,3.2916,0.51894,1
0.12182,0.91438,0.40084,6.0472,-0.075881,0.50443,1.0418,1.2604,1
-2.2876,0.62493,1.4314,1.2043,-1.1759,-2.0698,0.65237,3.9243,3
-1.9982,1.7766,2.3901,-1.3983,-0.46862,-0.023761,-0.89585,0.60996,3
0.16598,1.4595,5.2604,5.0339,5.8481,2.2933,3.7245,7.3112,2
0.82591,1.2561,7.4192,2.6764,1.806,9.6765,2.8981,5.2333,2
0.96485,1.4725,4.4035,2.8058,3.0866,10.251,1.7371,0.43287,2
0.36314,0.78138,7.1594,6.3767,3.1204,6.4831,-0.38865,6.4451,2
1.5376,2.9525,5.374,3.1661,3.4591,3.4736,4.611,-1.3032,2
-0.78862,1.1965,-0.6986,-1.3012,2.0246,1.4217,0.34978,-0.80671,3
1.6887,3.7391,-0.87694,-1.5982,-0.87287,2.879,2.8897,4.7939,3
2.5856,3.0816,8.0301,-7.3204,6.3752,8.3333,-2.326,2.2289,2
-1.076,0.37096,2.6129,3.3558,5.2319,-3.0954,4.3272,-0.20595,1
2.7633,-0.18956,0.88671,1.113,3.0453,-0.28414,2.738,1.3318,3
0.7092,1.1197,-1.8366,-0.30659,-0.26727,1.9212,2.274,0.73978,3
-0.058075,-1.6234,3.9848,1.0306,8.1028,-2.7836,-0.22871,0.22112,1
-0.56625,4.4109,5.9909,3.92,3.4747,2.5273,10.009,-1.6146,3
0.022559,-2.243,0.59545,4.5061,0.15448,4.2568,5.8799,0.12695,3
0.77354,0.29511,5.7026,-0.65775,2.5415,4.4704,-1.0927,5.6835,2
1.0624,1.3077,5.7203,3.8732,3.0109,-0.49784,3.0777,3.7277,2
-1.2388,-1.2845,-0.043122,-0.74108,-0.2767,1.1293,3.1483,-1.3133,3
0.046309,-2.5632,6.406,-0.23961,5.0371,7.4385,3.3452,5.9265,2
-0.3314,-0.92155,-0.9573,0.049459,-1.1793,-1.2939,-1.5792,-0.4064,3
2.8808,3.8256,4.1965,-1.3337,1.5142,11.28,-1.1077,-0.021275,3
3.509,1.2648,4.8845,5.3671,2.9107,7.9585,1.8633,7.8224,2
0.024239,0.13862,5.1321,5.5861,2.7101,10.467,0.44931,4.6052,2
-2.8614,-2.3066,1.5834,-0.48461,2.594,3.6845,-3.4161,-0.85112,1
-0.026667,0.44096,0.81856,1.2922,1.8517,-0.090813,2.1775,-0.17814,3
1.4117,2.9083,6.9499,2.7889,6.533,8.6794,-1.7539,4.8881,2
0.034133,0.66871,1.3486,1.5298,0.90787,0.18981,1.6649,0.47075,3
-1.6453,-1.4131,-1.0072,-1.4771,4.3996,1.5262,-0.032746,1.2291,1
0.67042,0.82534,5.9079,4.085,6.0327,4.2257,4.8534,4.3204,2
2.3899,-0.67095,2.5843,2.8416,4.3637,7.5324,-0.84517,5.76,2
-0.91603,0.026866,-0.57447,-0.43118,-1.5374,-2.8041,2.9725,-0.90847,1
2.0174,-4.5804,7.0382,3.0016,4.4843,6.7545,2.9553,5.7149,2
0.53519,-0.36708,2.5019,0.20754,1.0205,2.6103,-2.4726,2.2637,1
-1.912,2.9319,-1.8686,0.079852,-1.1669,-0.68284,-3.3982,-0.97102,3
0.34273,-1.0071,2.5368,2.7658,1.7241,-3.2047,-3.9573,-0.67573,1
1.9763,0.3334,5.5203,0.22973,4.6511,1.6206,-1.4195,6.2879,2
2.0784,-2.3751,7.5821,-3.6965,3.2757,6.541,-7.9697,4.4821,2
-1.5202,-1.3302,3.425,3.2135,0.041441,-3.0958,-0.14594,0.13616,1
-1.906,1.3548,1.4632,4.343,-1.3528,-1.4176,3.103,4.5406,3
-0.6647,-3.0493,4.4931,5.2718,1.5256,4.1279,0.70485,4.733,2
1.1374,1.4046,5.2519,-0.75792,5.6396,3.64,3.4624,6.035,2
1.3057,0.17544,3.7519,2.638,4.8679,10.304,4.8085,4.8914,2
-2.2677,-1.0789,4.7509,3.0167,-0.99852,-3.9112,-1.0999,0.9736,1
6.7928,-1.7717,1.7287,0.28921,0.7481,-0.68905,-0.15565,-1.4444,1
1.4231,2.5896,7.5009,6.9176,7.292,4.3065,3.2784,6.3199,2
-0.82572,-0.093477,3.767,-0.74205,0.70441,-1.5123,0.039729,1.0108,3
0.93347,0.22346,6.0845,-2.8884,0.11014,8.3151,-1.4313,6.7461,2
2.0438,-1.7803,2.189,-1.6526,0.022399,0.82731,-1.2719,2.8608,1
0.27148,0.24508,0.39754,-0.72736,-1.5151,-1.1235,-4.0075,1.2069,3
3.3408,1.8625,4.8245,-0.53539,6.4764,-1.9912,-1.4091,2.2311,2
1.4594,-2.0106,0.69255,-0.24119,4.2698,-3.1912,2.7679,-0.59277,1
2.4953,2.6061,6.3072,-6.3658,5.929,-0.20173,-3.1386,4.5607,2
-1.2463,0.49055,-1.008,3.9106,4.1273,-3.9988,3.2626,0.94019,3
3.2925,1.2785,5.4448,3.5065,5.1577,1.0111,1.7535,4.851,2
1.5763,-1.6349,6.3277,-2.5393,5.5072,9.5609,0.40643,7.4604,2
2.5995,1.4648,4.361,1.6142,2.3941,1.2935,4.0703,5.4183,2
0.6328,-2.3636,-0.48022,2.4223,2.3368,-2.3477,7.358,5.4886,3
-1.955,-2.8026,-1.7062,-0.18998,-0.91433,-3.1633,5.6295,4.0753,1
3.6615,0.18611,-1.1509,-1.0968,7.0031,4.3108,4.9956,6.4818,2
3.2369,-4.6419,7.6934,1.0565,2.3866,-2.1877,5.328,2.7198,2
-0.20283,0.48199,-0.79032,-0.28256,0.47728,5.0617,12.863,1.2892,3
0.042646,1.6746,1.1099,3.4193,-1.7517,-0.60138,-0.77564,-0.60573,1
-1.5898,1.7789,-1.1313,0.70607,-1.5022,7.0517,4.0111,2.0001,3
-1.7212,2.6851,6.3146,2.2932,2.7403,9.8197,0.5163,4.6101,2
-1.3408,1.7213,0.23089,4.0717,-0.53815,-4.1581,-2.859,0.52693,1
3.0897,3.4259,-1.6111,0.91051,0.55036,-0.86551,4.7268,-1.4314,3
2.9989,-1.0222,0.65507,1.9364,1.6089,-2.1862,-3.0647,4.5278,3
3.1944,-0.44386,0.17733,0.038684,6.124,-1.5673,1.8672,-1.7181,1
-2.6465,1.2145,1.1457,-1.1172,0.56397,-3.9252,-4.7002,0.34079,3
-0.54462,-0.49114,2.2077,1.7905,3.4401,8.5473,10.91,1.8065,3
0.34868,-2.0199,1.7188,-1.4066,2.7658,4.345,2.2271,2.0595,3
-1.5202,-1.3302,3.425,3.2135,0.041441,-3.0958,-0.14594,0.13616,3
-2.2531,-0.8979,-1.0033,4.4709,0.59183,-4.1907,9.4469,-0.88548,1
-1.854,-1.7847,-0.41195,2.2993,2.7282,-0.053461,-2.8969,-1.434,3
2.0296,1.7925,1.8686,3.8363,0.27747,5.4948,0.56222,4.3009,1
4.7825,1.0638,0.1009,1.3704,1.973,-1.0603,-2.2683,0.57499,3
-1.6154,-2.0497,-1.4476,6.3886,-0.96085,-4.6398,-1.7466,-0.23546,1
1.1928,-0.5472,-1.9086,1.9087,-0.86005,0.83026,4.2842,4.0337,3
0.83146,-0.64975,0.40921,7.5514,0.66395,2.7342,-2.93,0.46821,3
0.54942,3.4609,1.6357,2.7835,0.99191,-3.3991,5.3069,-1.7844,1
1.6816,2.8224,1.2806,0.57829,0.96908,2.1557,2.6464,-1.2231,3
1.3798,-0.034371,-1.2045,5.1073,1.3897,-4.0993,0.14203,-1.4185,3
5.1756,0.46718,-0.61727,-0.41656,-1.6886,4.0355,-4.6559,0.62772,3
3.7632,0.77955,0.085961,3.0374,-1.9054,4.2474,-1.1555,0.90638,1
-1.0984,0.77359,2.2321,0.75564,1.4299,6.8398,2.3943,5.1447,2
-1.3235,0.13537,7.142,3.2884,5.0541,9.675,1.3016,6.1313,2
0.05333,-4.4165,5.0684,0.56131,5.3971,6.3156,3.7742,2.1456,2
-2.1474,-0.28376,2.8862,2.5348,-0.33335,-2.8866,-3.7935,3.5747,1
-0.39798,-2.8991,3.8999,-0.099053,-0.28332,1.6784,3.2801,5.781,3
-1.5134,-1.9235,1.6318,4.9795,0.53912,4.8061,10.628,2.9721,3
-2.1937,-1.367,-1.5167,-0.22444,-0.078345,-2.1186,-0.46718,1.3351,1
-1.1074,1.6588,5.0351,-1.5769,2.4456,-1.2787,0.58605,5.8278,1
-2.4556,-0.66777,1.2854,-1.0916,-1.3989,1.3499,-2.8499,-0.91483,1
-0.096086,2.4689,1.1927,1.1158,1.303,7.5394,-4.4988,-0.60939,3
-0.8625,1.4664,-1.3136,-0.53295,3.6366,8.4414,6.4009,0.5952,3
-1.2597,-1.2462,1.8146,0.13973,0.9099,3.1438,10.657,-0.8946,3
1.9999,2.7418,4.6364,0.13749,-0.91239,2.5522,3.1251,6.123,2
2.7232,1.7121,6.1613,-0.95536,1.2836,6.3542,3.2287,5.6046,2
3.0275,-1.6681,3.4977,4,2.1785,6.8327,2.9049,1.3739,2
1.0088,3.4497,5.4976,2.6115,7.6921,2.4933,-0.83931,7.0799,2
0.45193,-0.23487,0.10689,0.87366,0.94874,1.4369,3.9957,2.3175,3
2.3909,0.47687,-0.19052,-0.40283,0.61718,3.1668,-3.228,3.7935,3
1.7685,0.11251,5.0465,3.7178,5.7941,8.8084,0.78008,2.8684,2
3.4118,2.782,4.6148,2.5935,4.6104,-1.0417,-2.1911,0.46445,1
0.45416,-2.3452,0.38997,-0.98146,2.8747,2.4235,-1.1561,-1.8292,3
3.0476,-0.57066,2.6247,-3.3307,6.0316,4.0422,4.0237,5.1405,2
-0.38525,2.8231,6.8597,2.2494,3.2774,2.2317,-5.295,4.3551,2
3.9053,2.9412,-1.1357,-0.73252,-0.33718,7.0388,-1.9655,1.8507,1
-0.94853,-0.42668,-1.2653,-0.50406,-0.43395,1.3282,5.8067,-0.35172,3
-1.6243,-3.046,6.949,-2.3321,5.4141,4.74,-1.4082,6.9751,2
-0.2749,-3.936,-0.24639,-3.0938,1.7569,8.5062,-1.8091,6.6007,2
2.6338,2.4093,3.9063,1.5263,1.6026,5.9314,4.3986,3.8328,2
2.7035,3.4493,5.8581,0.41263,5.3982,3.2614,-3.0504,-2.0797,2
0.6552,3.1193,3.754,0.95802,-2.9631,9.7776,-0.78007,5.3447,2
0.99379,3.5764,3.521,3.9012,5.1595,3.4751,3.187,6.3545,2
-1.7383,-0.50773,6.9188,0.88068,0.14627,-3.2671,6.7754,4.511,3
1.1453,-1.6253,0.99018,-1.2455,-1.4483,-1.7567,2.7689,2.7232,3
-2.0925,2.9184,0.16071,0.8711,2.1508,-0.85164,-4.625,4.7896,1
-0.3887,-2.1422,2.928,-1.0232,-0.99304,-1.1962,-4.7339,0.36612,1
-1.3134,1.4781,-0.97031,-0.34223,-0.63998,-0.76391,-3.0536,8.7045,1
-2.0714,-0.23198,0.66073,1.3947,1.1978,3.4399,5.7452,-0.56251,3
2.0337,-0.25089,1.6362,-0.64877,1.4381,1.3786,3.3587,4.3785,3
3.2901,-0.57972,4.2123,-1.4074,6.4119,3.7344,1.1699,-0.18571,1
-1.6083,-1.8786,0.87002,0.27535,1.147,2.2898,-4.3292,0.2915,1
1.4433,-1.5192,1.201,1.4098,1.9402,1.8286,-1.3285,-1.3898,3
-0.8987,-0.074039,2.7125,0.66679,-0.52376,-2.7324,-1.5009,-0.97663,3
-0.59989,1.6515,5.9542,0.31634,-0.71732,4.3141,4.7332,7.3835,2
-0.8819,1.3021,0.92295,3.3761,-1.6987,2.8621,-3.5006,1.7146,3
2.1456,2.8964,7.3497,2.8591,7.919,6.0027,2.6494,7.2678,2
-0.97705,-1.3991,4.5221,-0.92818,0.2257,1.085,-4.437,2.1252,1
-4.1032,0.27156,7.2024,4.6308,2.5875,9.8273,-0.76498,5.2014,2
-1.767,-2.4664,6.4997,0.009265,-1.6397,8.2725,2.3093,-1.7491,3
0.24083,1.8907,-0.35221,4.4965,5.3939,4.6159,1.4511,5.4324,1
-2.863,-0.97288,-0.025835,0.17915,3.916,3.8253,0.93489,2.0228,3
0.69024,0.051651,2.975,0.55405,2.0661,-2.1199,0.80637,2.5089,1
-1.4964,-3.6606,1.474,-2.0118,3.9417,0.86028,-1.3332,2.4663,2
-0.86773,-1.7185,0.20868,4.3818,3.7246,10.314,1.9327,-1.1926,1
0.43678,2.9761,2.0821,0.16961,5.4095,10.195,3.9631,5.8517,2
-0.31355,0.47268,5.7737,4.4813,0.44113,-0.47106,-1.322,0.066483,1
2.3561,-1.5607,-1.6173,0.75488,2.5949,2.686,-2.1239,-0.50073,3
2.8379,1.013,2.9101,3.7984,4.1841,7.6043,-1.83,7.8223,2
1.5283,3.7804,-0.26662,2.6002,-0.20004,-2.5054,1.1608,-0.69602,1
-1.5982,2.4578,-0.65349,3.3966,2.9855,0.74313,1.1848,2.4406,3
0.21192,-1.194,-0.80826,6.9381,2.4453,-0.8191,-5.0353,1.356,3
-1.1553,-2.0322,1.7491,-0.74181,7.0214,1.8829,3.1103,4.7911,1
-1.8293,-1.5518,0.079637,1.9946,1.1567,0.45325,0.086338,-0.50058,3
-2.5275,-1.785,-1.3135,0.7863,1.4124,-3.9432,-0.73977,-0.72741,3
-0.43377,0.47088,4.9093,1.0414,7.499,6.2854,2.5523,3.3648,2
-0.56455,-1.9236,0.36945,-1.9149,3.0156,6.1229,-1.5734,1.2652,1
2.6479,1.4979,4.9185,3.164,7.9146,0.25364,0.8887,3.9189,2
0.27366,-0.87238,1.5176,1.0571,0.83814,-4.539,-3.0046,0.69195,1
-0.56042,-0.029682,-0.1964,5.511,0.73813,-2.7313,-4.8025,-0.79679,3
-0.3883,-2.4752,3.7348,1.5502,3.6118,-1.0078,-2.5745,-0.19021,3
-2.132,1.9331,0.21614,3.2474,-0.2297,0.55743,4.9201,-1.1448,3
-1.41,3.9926,-0.79924,0.74634,1.0894,-1.3913,1.4787,2.2535,3
3.7637,1.5268,0.5152,1.1565,-0.15631,-3.1442,2.0693,-1.3133,1
5.38,-0.67871,1.0154,-0.78022,-1.3669,2.688,3.6347,1.512,3
-1.319,-2.437,1.132,3.3855,2.7976,-2.9993,1.5327,0.14177,1
-0.71614,1.6593,1.837,5.3793,-0.81084,-4.426,-3.9517,2.1352,3
-1.8824,-1.186,4.2226,1.9541,6.1588,5.2617,-2.3748,0.17266,1
3.0353,2.0525,4.0817,1.1594,7.948,7.3799,4.0439,6.2933,2
0.042793,-2.4931,3.0222,-0.8361,-0.59876,5.9074,-2.3004,-1.8011,3
-0.58011,-2.5655,0.76992,-0.68539,0.7827,4.1258,-2.2354,0.81186,1
5.6001,-2.4085,0.99368,0.75055,0.33331,1.7182,1.5517,0.96206,1
-1.6763,0.73994,-0.81526,4.4019,3.9008,-2.1869,-1.8565,1.1369,3
2.5108,2.0209,6.0517,-4.5722,2.6142,7.1009,4.0765,2.4988,2
-2.2685,0.7883,0.23411,1.8935,4.7112,-3.1728,2.9968,-1.0125,3
-1.4095,2.1402,1.6225,0.93555,-0.9565,-3.1353,-0.83745,1.9434,3
-2.0798,-0.46759,-1.1294,0.35726,0.49155,0.59556,-1.8477,0.13508,1
-0.87333,1.1716,-0.52021,1.7017,7.2109,-0.52252,-1.4037,2.1982,1
1.1432,2.9548,4.9579,2.6339,4.3761,3.6421,4.5516,6.8809,2
1.563,-2.3203,4.7923,1.7962,1.2944,-4.0226,-4.5086,-0.74106,1
-0.87927,3.2713,7.0698,2.5311,1.7119,4.0953,2.3839,6.9018,2
-2.0673,-0.49981,0.07966,-0.086946,2.3451,6.8803,1.8078,1.8306,1
2.922,3.9073,1.3348,0.77432,1.8174,-4.6418,2.8155,0.71684,1
2.8352,-1.1266,6.2977,-1.0639,7.2648,10.634,-4.1725,1.5977,2
3.6627,3.7955,5.0224,-1.2015,5.6395,6.1167,-0.072598,5.3128,2
0.69192,-1.7602,1.4384,1.9351,-1.2331,4.5458,-2.3256,0.92466,1
4.1392,-2.1913,-0.29527,3.6284,0.58286,-1.9486,-0.13784,-0.60193,3
-0.38845,-2.5441,-1.2986,-1.7317,-0.8739,-2.4775,11.207,3.8063,1
2.2657,-0.24979,-0.76525,-1.6611,0.09726,5.2914,-4.8076,4.5562,1
3.2962,-2.6562,3.536,3.1199,2.5775,9.2391,-2.9717,7.8059,2
-1.1972,-1.886,-1.3342,0.083108,-1.0031,9.7948,-4.097,1.3936,1
1.9213,1.8696,4.9418,-1.893,6.7709,5.1064,2.7041,1.1104,2
-0.93588,-1.0063,-0.27102,0.73529,-1.374,-3.0694,-0.65854,-0.16595,3
-1.0743,-1.8219,5.8832,0.99964,1.0581,-4.589,4.4197,-0.061447,1
-0.67865,-1.9739,-1.3316,0.69831,-1.0955,-4.4927,2.6102,-0.063264,1
1.7332,-1.0833,3.5243,-0.75372,-0.86396,0.62949,1.5085,0.53485,3
1.0298,-1.8438,2.2579,1.043,-1.4314,1.6121,-2.1452,2.7455,3
-0.81615,-1.8797,-0.14976,8.4249,2.7321,1.1077,1.7736,1.9436,1
0.1729,2.6354,-1.5216,1.1916,0.61272,3.1999,0.41985,3.5416,3
-2.2494,-0.9807,2.8764,0.7031,0.66218,6.2446,8.3015,1.0274,1
-1.6958,-0.54794,1.6096,-0.89455,0.52029,-4.5388,1.1336,-0.64459,3
-1.6523,-0.34269,3.0687,3.4277,-1.2484,3.0564,7.7539,1.4867,3
3.6478,-0.65633,1.8645,-13.563,4.392,9.9436,4.578,5.0289,2
2.4963,2.6784,-1.1072,-1.1279,-0.49265,-1.275,9.8818,1.1814,3
-1.7925,3.6835,4.2637,6.8161,-1.2429,1.374,-0.068554,-0.55977,1
3.0306,3.2543,-0.79632,1.0974,5.9071,10.009,-4.4332,4.7357,2
-2.7916,-0.3018,2.175,1.9181,2.774,3.0089,7.5674,-0.95932,3
2.8377,-0.1517,6.8387,5.3651,6.115,10.204,2.8189,6.7966,2
1.4631,-1.0728,2.4313,-2.31,6.1506,7.6642,0.90042,5.2304,2
-0.62657,-3.4729,5.7208,5.1334,7.8792,4.8028,-4.115,5.8995,2
1.786,-2.7208,0.84882,2.8125,2.85,-1.5326,1.4067,1.5327,1
2.4746,2.9332,4.0251,-5.8569,3.2564,5.1575,3.7485,6.3189,2
0.90572,-1.0497,-1.358,3.0043,-1.484,-3.815,-3.6457,0.49806,1
2.2613,-1.0507,4.7886,4.5208,3.1106,-2.5073,-1.4482,3.9726,3
-0.40231,0.98775,-0.7397,3.9698,3.6758,0.56908,4.6652,7.2397,2
-1.106,-2.2235,-1.5546,-1.7194,2.9452,1.3582,2.9849,-0.96211,1
2.4497,3.6956,0.80828,6.0512,7.8064,4.6466,3.2779,3.5486,2
0.1171,3.6245,0.38963,-0.16606,-0.20677,10.353,-1.9047,-0.20874,1
2.5769,-0.81944,1.1931,-0.68111,3.8216,3.4489,-0.82058,0.81111,1
0.7531,2.5935,7.4542,-0.90027,7.4486,5.2356,4.3538,0.94655,2
-0.98898,2.9522,4.2671,3.5892,4.7906,-2.5369,3.7179,7.2114,2
1.325,-2.5408,1.4114,-2.459,5.0705,7.0782,3.9583,5.0396,2
-0.63106,-1.7744,0.527,-0.18905,-1.7642,4.9728,-0.15204,0.16412,3
2.1178,2.4176,2.6886,-0.8117,-2.5779,8.4108,3.4734,6.2719,2
-0.88884,-2.0709,5.4142,-0.002459,-0.091819,0.93253,7.258,1.1698,1
4.353,-2.1085,-0.89366,2.461,1.8122,-1.9868,13.215,-1.061,3
0.038213,-0.025363,0.8362,1.2862,1.6135,1.7247,-2.4115,-0.54648,1
-1.8381,-2.1351,1.7449,1.3865,1.5208,12.064,-0.13811,-1.911,1
2.6555,1.1169,5.4054,-1.9691,0.8322,6.2147,2.6262,3.7524,2
-1.0132,1.2206,-0.081124,1.4136,-1.607,-3.1829,-2.932,-0.23971,3
0.26674,-1.888,1.9813,7.1066,6.086,0.49013,-2.6244,-1.9721,1
0.36349,-1.892,6.9734,3.6797,6.5122,6.0161,-0.26863,7.0092,2
2.1123,-2.1969,3.1252,4.9184,5.6304,-0.41429,0.84773,-0.48088,1
-2.0538,1.1269,-0.81023,0.85877,-0.80897,1.5359,-1.0221,-1.0227,1
3.6983,-1.2554,4.7633,0.73654,2.3746,-1.846,2.903,-0.23934,3
-0.92999,-2.723,-0.41198,-1.1328,2.0053,-0.39376,4.26,0.58619,1
0.14502,1.062,4.6551,-0.67768,4.1535,4.7243,0.44232,6.9408,2
3.1937,-1.6284,1.6789,3.8536,0.66345,-3.7409,1.158,-0.83496,3
-2.1381,2.8346,0.063089,1.1764,5.3994,4.3007,-4.1248,-0.9005,3
-1.541,-1.9849,-1.1456,1.6753,0.28191,1.5279,-1.6233,-1.1069,1
2.5276,-0.58839,2.9591,-1.5771,4.1594,5.6075,0.37687,0.61593,2
-1.1365,6.496,0.26963,0.064404,0.40414,6.5685,4.3565,-1.5802,1
3.5349,-0.29387,1.9786,0.39694,1.8178,-0.49226,3.2734,-0.89183,1
0.81004,-1.4411,4.376,-1.3076,1.077,3.3797,14.565,5.0646,3
-1.4685,0.1443,5.4056,5.9809,5.2003,7.0391,-1.0083,6.3104,2
-0.065183,2.8087,5.6278,4.7228,6.4361,10.752,3.8001,5.0027,2
0.028532,0.77436,0.55488,0.088432,-0.97539,-2.2978,-4.9844,5.1028,1
-2.774,-2.9754,2.5412,-1.3559,4.4653,10.086,3.5199,1.7152,1
2.0047,0.27552,-1.5863,-0.52369,-0.14436,-1.8359,-0.32484,4.7727,1
1.0823,-0.34355,5.3272,-3.5058,6.5787,-4.1383,0.10652,6.9634,2
3.9708,-2.7571,-0.1431,-1.7992,-0.072228,-4.9611,-4.0104,0.18708,1
-0.53309,-0.91085,2.9431,4.6472,4.2097,-3.2845,-0.04815,-0.93276,3
-0.23565,0.98445,-0.76706,2.8119,-0.2918,2.7096,7.396,-0.38998,3
0.38032,1.9256,4.1144,1.5058,6.0058,3.8414,0.45113,6.5135,2
0.50459,-1.9787,0.74276,1.6886,-1.6387,8.3224,0.2182,0.026963,1
1.6079,-2.4233,0.38789,-1.4177,2.0842,4.2318,1.6953,1.3353,1
1.9407,1.309,5.7599,-5.9827,1.0805,7.2474,3.1703,5.2478,2
-1.2845,-1.3183,-1.365,-0.68724,0.97464,1.5129,-4.4615,0.84826,3
2.8203,-2.1615,3.8163,-0.87624,1.86,-4.7564,-1.4069,3.4452,3
-1.8381,-1.5467,0.40462,-0.66658,0.22908,0.99151,1.8336,1.0143,3
-2.1622,-0.064496,-1.5326,0.71627,1.689,0.15186,-2.7442,2.541,3
-2.5729,1.113,0.28535,3.7015,-0.075593,-2.5286,2.676,1.1435,3
0.31637,-1.4256,-0.41908,-0.90377,-0.85186,-1.9666,-2.6518,4.0119,3
-0.32658,-2.3088,-0.68612,-1.9425,0.73193,1.2994,0.95849,1.0477,3
1.7856,-2.7518,1.1168,3.0856,-0.4352,-0.55847,-3.058,-0.81602,1
0.2064,-2.6735,0.85655,-0.69106,4.7653,-3.0923,-1.8647,0.40941,1
-2.3977,0.32777,-0.97073,-0.29639,3.7449,-1.5743,1.5334,0.5821,1
2.5916,0.0602,6.3269,-3.0713,5.81,5.2068,3.3833,3.683,2
1.3962,2.1844,7.7218,0.006404,5.706,3.3246,1.96,5.7265,2
-0.9129,0.54279,-1.2767,1.5555,-0.16445,-2.2718,5.791,-1.7296,1
-1.5987,-2.2693,2.0695,-1.0972,2.5215,-4.5868,-2.3845,0.11798,1
2.8149,-0.42735,-1.8143,-0.64241,0.63673,2.8108,7.9862,0.76296,1
-0.78877,-1.8624,3.2968,0.055589,3.3813,-0.79978,1.5477,-0.93064,3
2.6267,3.1688,6.8837,6.2291,7.4883,1.5133,-9.6744,6.6502,2
1.5615,3.1973,1.2049,-0.81237,3.8849,6.9867,0.31912,4.079,3
2.4292,2.4034,7.5422,3.4473,2.1139,10.172,1.6916,5.8717,2
-1.8695,-1.4266,1.4193,-0.24712,-0.43609,6.3205,-4.0242,-1.3411,1
-1.5157,-1.2827,-1.4015,0.41675,5.8603,-3.4097,3.422,0.71606,3
-0.96046,2.8908,1.2195,-5.5045,5.5232,-2.6406,4.3312,7.8334,2
1.4713,0.53551,1.8532,-0.50616,6.0223,4.6386,1.0257,4.281,2
-2.3525,-1.3164,-0.30698,1.1883,0.079602,6.3941,-4.315,1.2067,1
-0.89607,-0.052851,2.4016,-0.42043,-0.15363,-0.11923,-3.3179,-1.5136,1
0.51575,-1.071,5.7232,3.9579,4.3954,9.6212,1.7762,5.5012,2
-2.3703,-2.4311,1.8756,0.59024,0.56551,9.1064,0.000959,4.8918,1
2.7475,0.86448,6.1888,-3.0122,2.2877,5.7807,3.6179,4.8128,2
4.7201,0.18093,1.85,3.0613,-1.2968,-4.2804,4.4025,-1.7015,3
-0.80073,-0.93098,0.1746,-0.13223,0.58412,3.3155,4.5334,1.1154,3
0.16951,4.0089,4.3834,0.23489,1.0897,-1.7326,7.9448,0.14566,1
3.254,3.57,5.1776,-2.8905,2.7848,8.5539,0.1734,6.6564,2
-2.3507,-0.16879,2.6948,-1.1715,3.5335,4.8147,-0.74691,-0.067,1
-0.51801,1.1824,6.111,6.0151,7.0042,-10.56,1.0007,5.7313,2
-1.4247,-2.1772,4.4141,1.7557,3.6188,-3.5757,-2.3725,0.36037,3
-1.7532,2.3541,0.96557,-0.26138,-0.29111,4.3931,6.4502,1.1821,3
-0.32554,2.0161,1.6974,0.87854,2.7468,5.2093,1.0539,3.2718,3
-1.9062,2.5015,4.2737,6.4647,3.533,5.4698,3.6379,6.5266,2
2.4098,3.089,6.8359,3.1398,5.4171,5.7285,-4.7771,6.0677,2
1.6043,-0.36754,-0.055712,0.34828,-1.4371,1.8305,7.6447,2.2774,1
0.11357,-1.6238,-1.0875,1.2339,-0.076584,-1.2154,0.26541,2.991,1
2.5206,-2.5582,7.0145,2.1469,6.6349,7.804,1.7274,2.3006,2
2.2312,3.134,4.0857,2.3507,6.3982,-6.09,1.9745,1.1942,2
3.9592,-0.96893,-0.47061,-0.46431,2.5929,10.959,3.9369,-0.36921,3
1.9817,2.5506,2.1004,4.6343,-1.2864,-0.19088,0.45757,-0.5896,3
0.83152,0.9238,1.4705,-1.0695,-0.56203,-3.4565,-0.77664,-0.70474,3
2.596,3.2968,2.2901,-4.5506,7.9146,10.347,3.5971,6.3527,2
-0.76137,2.1092,5.8352,2.7509,7.1662,9.8189,0.9367,2.9259,2
1.9169,0.28125,5.3112,3.8731,1.0128,7.2794,0.23906,6.9513,2
-0.22155,-1.3905,4.54,-4.0579,4.9047,9.1904,-0.079482,7.1169,2
0.21077,2.5612,1.6605,-0.32622,1.1715,3.581,6.2105,-0.21251,3
-2.1932,-0.34075,-1.4468,2.6948,1.7893,-0.5826,-0.057429,-0.87285,1
3.6293,1.5299,1.927,-0.00255,-0.70732,3.8038,-0.53463,4.1983,1
3.0152,-2.5091,0.40264,-1.3354,2.2803,6.3678,6.657,0.51809,3
1.5121,-2.62,-0.34071,-1.231,1.894,-2.6937,-0.77915,1.3597,3
2.6272,-1.1484,0.75329,-0.89469,-0.025797,-0.41791,-3.3667,-1.843,3
1.6781,-1.8605,2.1559,-0.83635,2.776,-3.2204,2.4919,0.91239,1
1.9363,2.8123,4.8487,3.7921,6.7625,8.4031,4.2851,5.5431,2
-1.9645,-1.652,5.6459,0.16777,-1.5491,2.8802,6.9462,3.2332,3
-1.1806,6.0436,1.3748,0.51762,2.4058,0.39973,2.6489,3.1738,1
1.2477,-0.71824,5.8534,1.792,0.93165,-2.9829,-1.1543,0.77679,3
-2.4076,-0.35238,-0.36204,-1.7577,-1.8761,-2.6388,5.4048,7.0425,1
3.7474,-2.9195,6.5484,2.9712,3.0736,2.0466,2.4009,6.3789,2
2.4075,-1.4875,6.1183,0.064976,-0.008331,0.41175,3.3108,0.095681,3
-1.0586,0.48759,-0.074049,2.0046,3.111,-0.12855,11.53,-0.48058,1
-1.8843,-0.64455,-1.8856,0.95391,-0.84079,-0.99191,6.5718,4.5527,3
-1.0479,2.7415,4.6908,3.4843,3.889,4.1867,0.58583,5.7366,2
-4.2885,1.5015,5.4345,2.1013,6.9868,1.8281,1.621,4.0071,2
-0.052284,-0.52479,3.1481,3.4388,6.1305,7.0637,5.2731,5.035,2
1.1965,-0.42898,-1.5176,2.0505,-0.73568,3.347,0.44544,-1.2367,3
3.8109,2.2785,6.3976,-1.1475,0.076911,9.1585,1.291,3.7685,2
1.2094,1.071,6.277,4.2158,6.4483,-1.2794,1.8063,7.3751,2
-0.16779,1.1365,3.5799,3.5054,5.7818,3.236,1.4358,4.9473,2
0.64257,0.77951,3.4777,4.822,1.4558,0.096529,3.8726,1.0828,1
1.6484,-2.206,1.7266,3.3432,4.3433,4.3008,-4.1409,0.44731,1
-2.1907,7.0444,0.71095,0.63471,2.1142,-1.6338,-1.1546,0.25948,3
0.008243,-0.30704,-1.4469,0.5556,-1.4371,-3.6993,12.027,-0.19879,1
-0.17193,-1.1781,1.5666,6.4151,-1.5388,0.86675,-0.51909,-1.1537,1
3.1424,-2.6602,6.4224,3.3254,6.8827,7.5354,4.2634,4.5771,2
0.34772,2.7763,-0.71647,5.2887,2.8501,-6.4963,4.303,7.1364,2
-2.023,-1.3589,1.271,1.6039,8.6934,-2.9138,2.785,-1.4589,3
1.8505,-2.4153,-0.94328,-0.43287,2.1829,-1.8293,-3.7812,0.57781,3
0.76833,-1.8974,-1.6534,4.3241,-1.707,-1.0455,0.52007,0.032978,3
0.009621,2.3942,5.1033,2.9456,1.0257,-2.1636,2.3967,3.2994,2
2.6154,-1.3114,1.2816,0.56031,-0.46818,3.9646,1.3094,2.6597,3
-1.5722,-1.059,1.7267,-0.080755,2.4293,0.19993,0.7864,2.4723,1
-1.5701,0.25619,4.2171,-0.66685,5.2371,6.0826,-2.5347,0.74221,1
3.0838,3.2677,5.5353,-8.4867,6.534,-2.9438,1.5347,4.4231,2
-0.56909,1.5851,-0.80141,2.8435,1.4757,4.5203,0.24783,1.7352,3
2.5064,1.2844,0.80195,1.825,0.75443,-0.3644,8.0999,1.8106,1
2.4479,2.9091,4.8829,-10.041,6.9141,2.9329,1.6138,4.5026,2
-0.95262,-1.3454,-0.54643,1.8744,2.9241,2.0817,-2.5187,-1.0599,1
-0.25517,-0.67814,-0.95494,0.38078,2.1928,6.0422,0.14622,1.0171,3
1.7396,-1.1851,1.1207,0.62455,-1.2169,-3.5579,1.3237,4.0334,3
0.78046,1.7972,6.0142,-5.079,4.7873,1.756,1.1939,4.8794,2
-1.9392,1.3514,2.8041,-1.3864,0.035186,-0.40231,-3.9184,-1.1067,1
1.2656,2.0928,5.6413,0.063115,2.8153,0.92147,3.0055,7.1753,2
3.4696,-0.96174,4.6711,-3.6394,4.2081,7.0537,3.4852,5.9816,2
1.7139,2.8787,6.6276,4.5037,5.3085,5.7777,3.9632,3.847,2
1.5462,2.5799,3.3619,3.9214,7.0878,1.7709,3.4124,2.0593,2
-2.6785,0.46956,-0.31422,0.60439,5.9491,0.098808,1.345,-0.6382,3
-1.6401,2.8008,2.8931,0.58445,0.60401,-3.2963,-1.5257,-1.649,1
2.7401,2.3094,0.49878,2.0026,-0.93111,-4.0463,-0.49198,3.5511,1
-0.784,1.3561,-0.36271,-0.57078,1.0842,-0.37125,-1.6236,1.4931,1
5.6894,-1.6201,-0.62405,1.3824,1.6816,2.7732,3.1008,0.85466,1
-1.0137,-1.0798,3.1248,3.371,6.6485,4.7348,2.9603,6.2014,2
-3.0066,-1.1701,-1.0839,0.2692,1.3701,-3.251,-4.8611,6.4201,3
0.078306,-0.95822,2.895,5.8739,1.294,-0.051781,-3.9164,0.3553,3
-0.79035,2.9452,2.9925,0.32697,-1.9325,7.7291,-0.68439,-0.18887,1
-0.89923,2.8129,5.6637,5.7613,3.2961,8.0474,1.7683,6.0854,2
-2.6745,-0.80214,0.001991,2.1757,-0.93709,-4.2696,0.12334,-0.24064,3
0.83352,-0.35686,-1.3398,3.1304,-0.69577,-1.9441,-1.2687,2.6992,1
0.34564,0.72513,7.9208,-2.6413,4.0116,3.6766,5.0233,4.2811,2
1.6158,1.0197,3.4021,5.3844,4.7141,3.1372,-1.1802,3.6381,2
-1.8752,0.94519,4.6786,-3.995,2.3622,8.3362,-1.721,4.4824,2
1.2605,0.31703,7.0072,0.9049,4.6894,8.0053,1.437,5.355,2
3.1745,1.4342,-0.044352,-3.3712,3.1944,5.3109,-1.5635,6.2592,2
-1.7027,-0.88681,10.282,4.6201,0.89427,-1.6464,5.4555,0.14478,3
-0.016896,0.74247,1.5569,-1.6219,1.2996,-0.71666,5.1232,3.0045,1
-1.3809,2.3362,2.275,-4.6888,5.3772,9.4229,4.7488,6.6776,2
3.1885,-0.17274,-0.018977,4.0206,2.3398,1.8909,2.4333,2.157,2
2.6507,1.3682,7.4463,4.4878,5.0885,10.367,2.3856,5.2526,2
0.3878,-0.81962,7.8534,5.6516,3.737,7.678,4.1102,7.4114,2
0.44956,-1.8806,-1.1633,0.62087,3.0064,1.3812,0.71741,1.1769,3
0.71273,3.2779,6.7195,-1.2395,2.7001,5.753,1.5738,5.8304,2
3.2534,-0.23685,0.29924,0.96374,1.76,3.8222,4.0005,2.4409,3
0.65974,-1.2987,-0.42915,2.5742,1.1922,0.005708,4.6447,1.2096,1
-1.1184,-0.34772,0.72172,0.83035,0.36411,-0.876,1.7167,1.3129,3
-2.6995,-0.47756,6.0319,-3.5961,6.6866,9.1842,1.1123,2.4418,2
2.3682,0.47325,2.628,0.50403,2.8505,-0.73232,9.602,-0.71176,3
0.44564,0.89338,-0.048312,4.7297,1.3439,1.3404,-2.5309,3.0066,3
-0.010928,-1.8652,-1.6305,0.16305,5.5901,1.2768,5.2199,-1.4568,3
-0.38092,3.5115,0.66507,-0.74375,-0.38966,7.1105,4.3938,2.6287,3
0.5841,-1.3221,4.5314,2.6666,6.9753,9.8871,2.8257,2.3386,2
2.2401,-2.067,6.4808,-8.546,5.3892,8.5898,-2.5169,1.7084,2
0.68455,1.1721,7.5713,3.4787,2.9097,6.421,5.1133,2.1357,2
0.1702,-2.0201,-1.308,-0.71906,-0.77554,-3.1928,-3.6763,1.1888,1
-0.55679,2.6841,0.80432,2.4181,6.9732,5.4716,1.6016,4.3859,2
1.3489,0.29277,-0.91938,0.92197,1.956,-1.416,5.0957,-0.52253,3
-1.6156,-1.3568,0.53385,-1.6122,-1.4506,-1.0186,-1.224,-1.4948,3
-2.7863,3.5805,-0.56112,2.4422,5.5469,4.0476,-3.5917,-0.35975,1
-2.769,-1.1851,4.216,-3.6371,5.2094,9.4675,-2.3631,5.9059,2
1.4756,0.92902,6.277,3.6861,5.1323,6.3468,2.5424,6.1473,2
-1.45,-1.0117,-1.5727,-1.0489,3.2613,-2.2047,-2.1346,-1.5776,3
-0.39548,0.73691,-0.089349,1.8628,1.4894,7.0578,5.3615,2.4122,3
2.5019,-1.5383,1.4959,-0.84766,2.6673,0.69734,-3.3273,1.7724,1
-0.089095,-2.3632,0.71475,2.3823,1.3381,-1.6867,3.257,-1.0146,1
1.1615,-1.0603,-0.98195,3.3325,-0.1039,-0.024979,-0.005112,1.2395,1
0.96201,-1.7293,2.7901,0.84434,2.8151,-3.3515,-1.0664,0.7468,3
-0.84681,0.24757,3.633,6.6539,0.94359,3.1775,2.2045,1.5463,3
-1.1847,2.4264,-1.1369,-0.23836,1.8326,-0.27964,0.69321,-1.4135,3
3.2686,-0.40679,1.7502,1.3534,3.6196,7.4269,-1.1231,7.3016,2
-0.44415,-0.51053,-0.63991,1.1765,0.90362,3.3632,0.82063,0.9604,3
-0.28796,-0.029014,-0.020825,-0.23703,-0.28613,2.7629,-1.7378,-0.31367,1
-2.2933,1.9974,0.7176,-0.85707,0.48207,13.477,8.2063,-1.4077,1
-2.0335,-1.0916,0.33775,1.9114,0.69724,0.42769,-4.5441,4.3854,3
-1.5951,-2.1508,0.59757,0.90417,4.8385,-2.3905,-4.538,-0.5641,1
2.7113,2.2398,6.5236,-0.93905,1.7559,3.5451,3.3374,2.9778,2
-1.2297,-2.5092,-1.6693,6.6656,0.43351,8.764,-0.42522,3.9586,3
3.2961,0.51876,5.9346,2.8477,1.327,4.8882,5.4832,3.5711,2
0.14567,-0.091617,0.32624,1.3614,-1.4647,-1.0714,6.8378,-0.97431,3
2.8868,2.9825,-0.51277,5.3577,5.0074,6.6341,-3.5762,7.6322,2
-0.005172,1.6403,4.8118,5.0091,5.1489,-2.7725,1.9492,6.9676,2
3.2507,-0.23585,7.1644,-2.4482,5.4511,0.58491,0.96165,4.3668,2
-0.89391,2.9971,3.2704,-0.41282,5.585,6.3262,1.4948,6.6659,2
0.51808,-0.50956,5.8419,-1.3615,2.8573,7.1928,-2.2443,4.9795,2
-1.1805,-2.1051,1.0327,-0.042421,-0.97266,-3.3251,-2.2509,1.5531,1
-3.7268,2.4932,4.0199,-3.3926,0.95395,-1.0245,2.6077,5.0373,2
-1.1602,3.5879,3.0196,3.2209,3.309,1.0269,-3.001,-0.67826,1
-0.29446,0.51103,2.9074,3.481,5.7196,-3.1775,-1.9823,0.43064,3
1.7455,4.6944,3.9468,0.3327,2.8059,7.1654,0.82646,4.0686,1
1.392,2.2673,3.1424,-0.81665,5.9936,7.6052,2.6711,6.7067,2
1.3485,3.3795,5.1016,4.8433,6.797,8.568,-4.4767,7.2616,2
1.3058,1.3583,5.6037,2.5429,7.2363,2.7412,3.3112,7.8638,2
0.70512,1.8611,0.56369,-1.4965,1.8543,3.3399,3.2203,3.0263,1
0.42704,1.3047,6.2237,6.257,6.9995,8.0795,-2.7717,4.5528,2
1.2979,3.0628,6.2444,-5.1516,3.9005,8.9695,-2.2296,4.7954,2
-2.2143,1.328,4.8613,0.27214,4.7659,-3.1324,0.60622,-0.46699,3
0.13591,2.6839,3.1302,5.0459,4.3985,2.3978,0.12193,5.6691,2
3.1605,0.6038,5.0031,1.4799,7.3993,9.179,4.3419,5.6635,2
0.53292,-0.90058,5.7828,0.08197,-0.12003,1.6707,-3.2114,-0.79933,1
-0.89899,-0.42239,3.304,1.0035,-0.68269,3.3727,3.5812,2.7543,3
1.6951,1.5651,3.8378,3.212,1.0318,1.3701,2.3609,4.7085,2
-3.0367,0.090254,-0.25643,-0.028376,1.9839,-1.9035,6.4902,-0.48476,3
2.0014,-0.91049,6.5487,-9.1572,5.5845,-0.37859,0.10506,4.9328,2
-1.6969,4.2199,0.2068,4.6039,1.2687,0.88195,4.1107,-1.2715,1
3.8116,1.326,5.4644,1.0958,-0.29221,2.3303,-4.6501,1.9137,1
2.347,-0.228,0.56426,2.9426,-0.65134,4.6185,-4.066,0.45646,1
-2.3284,-1.738,0.12525,0.50253,3.066,2.566,1.9838,3.3887,3
2.6096,2.5383,2.1165,2.9131,5.9158,1.1887,-0.10666,6.7999,2
1.0283,2.638,6.1726,-9.4236,5.7057,-9.9036,5.1232,4.2692,2
-0.77733,-0.85817,0.049037,0.14452,3.6899,2.754,4.9623,0.95383,3
0.89054,-2.737,0.9391,1.7598,1.6884,1.9146,11.884,-0.67644,3
1.6017,-0.41679,0.56451,1.6957,0.28463,-0.90514,-0.085908,1.1822,1
-0.5885,-2.0505,0.066299,0.63577,-1.5748,11.755,9.6635,0.36519,3
-1.8926,3.6564,6.2506,-4.0921,2.3445,2.9379,2.5815,7.6264,2
2.2301,-2.4289,1.6176,0.88714,-0.61423,-3.9461,2.0617,2.7287,1
0.73235,-1.4562,-1.6772,-0.23335,-0.4242,2.7585,-2.3393,0.90736,1
3.451,2.4045,5.7897,-2.553,2.3566,4.4097,-1.1059,3.9889,2
-1.8192,0.59856,0.66063,-1.1475,1.6074,-3.6718,3.2303,5.5448,1
-0.66815,-1.9662,-1.6604,-0.24158,1.9456,1.8314,-3.8272,1.0959,1
-1.9269,-2.2667,-0.82944,-0.018383,-0.66581,5.2147,-3.7217,-0.74588,3
2.2663,2.1671,3.5466,4.9731,7.6431,1.7163,1.272,6.0786,2
1.7107,0.13968,-1.555,-1.1826,0.067238,-2.5902,2.1126,1.0527,1
3.6981,-0.35335,0.22802,2.973,-1.4015,1.6444,-1.7969,0.34552,1
-1.6996,-0.99953,0.49748,-1.331,3.28,-0.021238,5.2035,-0.51862,1
-0.63947,3.9338,2.3757,0.9638,3.8516,2.365,0.18262,-1.208,1
2.7686,2.1414,1.2417,4.2252,6.0776,6.7017,4.6216,6.3569,2
1.635,2.8776,2.6948,-8.1058,5.2951,4.688,3.4725,5.5295,2
1.8145,3.1453,5.4819,1.1501,4.0306,5.8914,4.4487,7.3138,2
2.168,1.7101,5.9995,4.0879,6.9921,6.3877,-3.4023,6.5989,2
-2.1242,2.8987,5.3879,-0.000918,6.8074,-4.4344,2.4303,5.8141,2
-0.011708,2.8,5.8291,3.1582,3.7599,6.4266,1.3485,4.5143,2
1.889,1.4951,5.6903,5.4955,4.6016,-0.14513,-3.4495,2.0628,2
1.6831,2.3089,3.3337,1.6097,6.4718,-4.2418,0.29189,-0.36196,1
-0.12605,-0.88511,1.4943,-1.1117,-1.0887,-2.7215,0.6073,-1.3697,3
0.037558,2.2727,5.2922,4.5853,7.3304,3.6725,2.3827,7.1199,2
0.42739,1.8842,7.1218,6.1986,3.9109,5.5276,2.7288,2.9842,2
0.29715,2.0922,4.1824,-0.44485,2.6551,6.4148,1.7787,5.2948,2
-1.1341,0.39426,3.7691,2.2123,2.135,7.447,2.875,3.2836,2
0.059727,-2.0993,-0.54838,6.1972,-1.2311,0.26572,10.674,2.3453,3
2.5246,2.4303,1.4797,-1.0843,-1.3279,1.2845,-0.68184,0.36181,1
-2.0131,3.0713,7.0052,1.686,4.134,-1.3954,4.7116,7.8086,2
0.36861,-0.73427,-0.026852,-0.96388,-0.44399,-4.4761,7.8753,1.9245,3
2.8645,-0.29525,4.7124,2.2432,5.0441,4.4856,-6.1317,1.59,2
0.86587,0.37489,-0.53586,2.269,-1.4415,-1.4851,-0.6645,4.1912,1
-1.3003,-2.4812,0.074432,4.2938,-1.9643,3.3351,2.4301,-1.1703,3
-2.511,0.84196,1.6897,0.23819,-0.52652,1.4775,1.8284,-0.36376,3
-0.81703,0.91038,0.080437,-0.93488,3.1082,5.4129,-1.583,-0.18121,1
1.7651,-0.32863,-0.077303,1.6605,0.24453,-3.6651,-4.0488,5.3325,1
-2.0905,3.752,2.4761,-2.9443,6.4903,6.87,-1.7819,6.3327,2
1.688,3.694,2.0799,-0.71435,4.4469,8.7163,3.5084,4.9912,2
-0.93516,3.9438,2.5386,4.7328,2.5106,3.4534,4.9265,4.4739,3
1.9592,3.1042,3.1202,-0.49548,6.499,2.5928,4.7352,6.3378,2
-2.2241,0.26784,1.2137,3.1394,-0.49073,-4.4367,-0.9568,2.5431,1
-3.4036,1.2467,4.5332,-0.55014,4.3182,10.079,4.008,7.5343,2
0.82277,4.958,0.88451,2.0237,7.1794,0.14598,19.381,-1.4821,1
0.13078,-1.5014,1.5909,-1.1695,-0.96133,-0.16814,4.9984,2.7904,1
-2.4693,0.6067,1.7815,-1.7008,7.2959,2.5924,-3.82,-1.3122,3
-2.036,4.0852,-1.337,-1.5537,-0.2946,-4.3616,-1.5013,-1.2348,1
-2.188,-2.3086,1.204,-0.52163,1.9795,-4.5631,-3.5645,-0.04047,3
0.60177,-2.243,-0.10326,3.8098,3.3477,-2.7913,0.78,0.041611,3
-2.3444,-2.9432,4.0166,-1.2933,1.1805,-0.56435,2.7923,0.35799,1
0.064998,1.3231,0.9438,-0.1654,1.4343,-3.7925,2.6566,0.93475,3
3.1173,0.3589,7.3502,-1.6388,4.7762,9.1959,3.654,6.7488,2
-1.9667,-2.4133,-1.8003,1.0207,3.8576,-2.1124,-3.1548,-0.32912,3
-0.33117,-0.56053,0.75359,3.6261,1.5679,0.088254,6.9385,-0.54831,1
-0.65168,-3.1777,7.0232,-5.7798,4.315,10.467,-2.0533,4.481,2
-0.037749,-1.371,-0.41468,0.01637,0.29512,-4.259,-2.6686,-0.63514,3
-1.3001,0.52183,0.16653,1.9133,-1.9917,0.11994,-0.65569,3.2016,3
5.1533,-1.3116,2.0509,0.61969,-1.1558,0.73131,0.17772,3.7468,3
1.05,1.9683,0.74753,-0.37911,2.5436,3.1239,4.9812,4.1666,1
-0.074307,1.5911,-0.58096,2.6783,0.53665,0.46996,-2.2107,0.75108,1
3.4947,0.37462,3.1578,-3.2919,5.8921,7.1528,4.8264,6.977,2
1.4672,0.31443,4.2892,2.4121,6.3149,2.2042,3.7478,5.369,2
-1.5587,-0.48822,1.5695,-1.3924,-1.1687,-0.83381,0.34889,-0.892,1
3.1092,-1.836,2.0751,-0.42226,-1.4375,3.2688,-4.4689,1.6468,3
-2.5275,1.5822,-0.3594,2.3662,-1.0269,1.6067,-1.2647,1.5337,1
0.9949,2.2384,-0.89428,1.8799,-0.16266,-3.9931,-4.374,5.1878,1
1.7922,4.2363,1.0478,0.11084,-1.0592,4.1289,8.6815,0.75708,3
2.6285,1.996,6.2942,2.5074,1.2345,6.2955,0.88019,-0.17136,2
-0.23736,2.0394,-1.4918,0.28194,-0.4592,-1.2201,1.1466,2.9171,1
2.722,1.9981,5.5799,-0.43528,5.25,1.9116,3.5577,1.8507,2
0.55543,0.15718,5.9738,-9.1333,5.3441,6.7002,-3.4928,7.1857,2
-0.83084,-1.0043,-0.67563,-1.4678,0.54361,1.8979,7.2957,-1.7747,1
0.76451,2.1279,4.0741,5.1369,2.9313,6.7068,3.2592,-3.068,2
-1.6821,-1.95,0.772,4.8297,-0.32092,1.999,-4.27,1.1636,3
3.5474,-1.6799,-0.84175,1.1347,-0.36205,1.8197,2.4431,3.0367,1
0.6931,4.5005,0.79992,1.0587,2.8228,5.5386,7.3551,-0.65256,3
-1.8473,-0.74509,5.1132,-3.1456,5.8604,7.4046,-5.6698,5.3214,2
3.0067,-1.9912,-0.84425,4.0276,-1.2937,-1.9948,4.1628,1.9933,1
-0.55209,-0.69768,1.3249,-1.0731,-1.0244,-2.7406,8.5226,3.7069,1
-2.0158,-0.3582,2.8919,-1.5977,-1.3461,-2.8141,0.10568,4.5924,1
1.1728,-0.79811,2.5818,-1.3182,-0.055761,2.898,11.025,-1.739,3
4.0245,-0.66389,-1.6064,0.63001,3.6881,-0.20897,0.74486,-0.5269,1
-2.1604,-1.2834,-1.7193,0.098278,1.0732,0.046745,4.5591,-0.28406,3
1.7215,0.41737,5.4256,6.0781,5.7056,-9.6175,4.8265,7.1121,2
0.6506,-0.43009,4.4808,1.1505,0.74865,8.3091,5.0211,1.1304,1
0.046807,-0.66429,-0.61573,-0.92189,4.0163,0.30684,1.6842,1.1163,1
-0.90556,4.4455,0.15752,5.892,4.0561,-4.7404,-3.9063,3.5252,3
2.3592,3.5194,7.5871,-1.6412,7.1605,6.3228,-0.31258,6.4596,2
3.1513,-0.003079,0.23984,0.48211,-1.3747,-3.1111,3.6443,1.4185,1
1.4969,-2.7948,0.62353,3.9534,-1.2293,0.50424,6.3052,-0.1162,3
-0.31187,-0.17463,-1.5409,-1.4469,2.732,0.43502,4.0677,-1.6706,3
-0.98434,-2.3612,1.1304,0.91986,-0.87453,2.7822,1.1849,-0.65331,1
-0.50712,0.61026,-0.20421,1.1436,3.9615,3.2364,-2.2192,4.0138,1
1.275,1.1886,5.4935,4.7702,4.6888,6.6957,2.3338,6.5695,2
-2.7817,-1.0698,-0.87682,-1.3374,2.3779,5.0365,-3.0166,-0.17497,1
-0.89952,2.3343,3.6923,0.3457,-0.59937,6.9967,-1.7438,1.5645,3
1.7068,2.1892,4.1124,0.23529,6.0826,6.9207,-2.758,2.8272,2
-1.5918,2.5644,4.527,1.2745,-1.3781,-1.4441,-4.9134,2.2201,3
0.17206,-0.051527,-0.43496,-1.3486,-0.91375,-1.5651,12.337,-0.37832,1
-2.4358,1.2799,-0.4947,1.1191,3.1231,2.5839,-1.4058,-1.8979,1
-0.87768,-2.5203,1.3671,2.9391,7.6551,-0.040369,3.6943,5.2362,3
1.444,1.3553,1.3747,-1.2378,0.87705,4.4892,-1.508,1.6965,1
2.0091,1.1712,3.9928,0.44484,0.88192,-0.5488,-2.2853,0.015402,3
1.8987,-1.607,0.86272,2.3748,0.12998,-2.4339,-0.13828,-1.0057,3
1.0423,2.9748,6.6204,-14.661,7.627,3.3555,2.7513,3.7942,2
0.82145,-2.2026,3.8376,0.008928,2.2842,2.0171,-1.7821,-0.89338,1
2.37,1.5723,7.2755,3.4912,7.0722,1.0513,1.5307,5.9673,2
-1.7578,-0.25009,-1.6166,1.4047,2.755,-1.3426,3.6604,-0.98737,1
-2.0231,-0.012346,1.2659,-0.70784,1.2467,0.79045,2.3684,0.25112,1
3.5088,-3.8552,5.0616,-7.8786,5.5115,10.505,2.0542,6.1302,2
1.3144,2.7474,1.4869,-0.58904,-1.9319,6.8208,9.6908,-1.005,3
-0.007801,-1.8853,1.1803,0.64143,2.8116,5.8079,7.0454,0.75872,3
2.8437,-0.72659,-1.2881,2.7707,-0.90751,-3.3855,18.781,9.2552,1
0.39316,3.4827,7.0333,5.5549,3.0177,4.2443,3.9913,6.2101,2
0.63051,-0.93117,1.8145,-1.2212,4.4554,4.1033,-2.6383,1.5917,3
0.70901,3.1494,5.9968,4.6426,7.3559,4.5233,-0.83816,6.7498,2
2.6242,-0.28762,6.4348,3.0056,5.6701,7.2989,5.12,7.2515,2
-0.67375,-1.4513,1.7604,-0.27257,-0.004454,3.4227,-2.8344,-1.0836,1
-2.1519,2.6218,7.7346,-3.546,6.0935,5.6534,2.8349,7.7516,2
3.2103,-1.5442,0.22469,3.6426,0.68553,4.2792,9.2517,-0.077265,3
3.3419,1.9452,1.8708,-10.202,0.42915,6.5474,-2.4508,5.6951,2
2.8116,-1.1188,-1.4563,3.2327,-1.5422,1.4304,-0.017948,0.68987,1
1.8416,-0.47236,6.9507,3.9902,3.0743,2.6964,0.28569,6.4898,2
-1.8211,0.60872,-0.5635,-1.6862,1.1367,6.2817,-1.41,-1.0104,3
1.2362,2.5706,5.0263,-0.7557,3.2054,3.6092,1.9405,-1.6206,3
3.7493,0.16528,5.5076,0.41866,3.526,5.8299,1.5672,5.7989,2
3.0136,0.39509,6.2266,4.8407,6.2838,8.2574,4.236,-0.82263,2
-3.442,-2.5719,5.9892,2.1582,5.5766,6.3879,2.2441,7.38,2
2.9242,-1.7049,-0.68883,0.018338,-0.24361,-4.7133,4.1836,0.61453,3
-0.59278,1.3208,-0.23806,1.293,-1.1544,16.572,1.1178,-0.39629,3
-1.4987,0.28548,4.9154,1.8848,1.0864,-2.7041,1.6433,3.2206,3
-0.67378,0.39799,0.12862,-0.57908,4.801,-0.80355,-4.0007,6.092,1
0.73068,-0.374,1.3196,-0.78175,0.26922,-0.20387,-2.5797,-1.6439,1
0.2638,1.4943,-0.32338,-1.6956,-0.11117,-1.3635,-1.1923,-0.38239,1
-0.50853,-0.71463,1.6205,-0.90247,3.8683,1.6841,0.22726,-0.76229,1
-1.4524,1.1811,0.20696,0.21747,2.7868,1.5035,2.6859,0.1796,3
1.2797,-1.6662,-0.56899,1.8908,-1.5535,1.8111,-3.4335,1.6623,3
0.28486,4.9895,-1.4766,0.52684,3.6264,3.1185,-4.22,6.605,1
3.1835,-0.87463,-1.5042,-1.1904,-0.55546,-4.7933,-4.7609,1.0135,1
-1.1502,-2.1378,1.2642,0.56423,-1.8766,3.4908,-2.0795,0.91428,3
-2.5455,-0.97997,2.5324,-0.54906,-1.5168,0.92267,6.5606,-0.15605,1
1.3672,4.4975,-0.16098,3.997,-0.35688,-2.3934,-1.5709,-0.74664,3
0.30293,1.5984,4.0775,-1.6377,3.6527,0.94234,13.826,-0.6027,1
-0.62358,2.1701,0.00318,0.19695,1.4955,-0.65943,-3.2783,5.3708,1
-2.1468,-1.7683,-0.29515,6.0132,6.9806,2.7311,-0.93328,5.7882,1
1.6514,1.0067,6.4527,3.7384,1.4918,7.253,4.5373,1.0725,2
0.8914,-2.4653,1.5155,3.0021,0.29223,6.1887,5.0022,-0.63878,3
0.041544,3.9191,1.4843,5.4936,1.4732,-0.82489,6.0712,1.2881,3
1.9592,-0.58245,2.2932,1.1673,1.1772,7.476,-2.5415,1.4267,1
1.6043,-0.36754,-0.055712,0.34828,-1.4371,1.8305,7.6447,2.2774,3
3.8893,0.97754,6.322,1.76,4.3235,2.7677,0.1976,7.7044,2
-0.62045,5.9254,-0.97769,7.4178,-0.88651,8.6279,-2.3984,-0.53072,1
-0.98651,-1.7113,2.4826,6.17,0.84789,0.45828,2.2702,2.3765,1
0.66584,-1.6295,0.65455,3.2041,1.0809,-0.241,4.491,0.5168,3
-0.46249,-0.74708,-1.7996,3.7849,0.62991,-3.8683,3.9926,3.5727,3
1.4999,-2.4581,-0.25262,0.57022,0.4407,-2.7111,-1.1073,4.8183,1
1.8674,0.05479,4.0815,1.9277,3.8884,8.1278,3.1772,6.9075,2
-0.784,2.5898,1.8298,1.9158,1.1826,3.6246,-0.60385,-0.10675,3
-0.071482,-1.6872,3.2744,0.60128,1.0108,-3.2868,7.711,-0.83325,1
-1.3491,0.73527,0.72585,3.09,-1.817,-0.97125,9.7945,1.8626,1
2.3455,1.2625,2.2726,-0.2247,5.9941,-4.2922,0.13098,-0.28001,2
-1.6604,-1.1039,1.7577,1.1673,1.4569,6.6303,0.004175,4.1194,1
1.7934,-0.68414,1.3076,-0.58074,0.75073,-2.3877,3.1559,0.17226,1
1.4121,1.6246,5.602,-0.96284,6.5839,9.4686,-1.5519,3.1104,2
-0.84638,-1.6829,0.011438,2.0507,-0.36009,1.9194,1.3118,1.2904,1
-0.16403,-2.865,-1.8062,1.8212,1.2738,3.5997,-0.40115,2.2127,1
-0.45026,-0.32364,1.2188,-5.2235,7.323,6.7951,0.51762,5.2831,2
1.2108,-0.021935,-0.99193,4.2145,2.6828,3.131,-1.869,0.15298,3
5.321,-1.4895,-0.73128,1.649,3.5382,6.6376,-1.5574,-1.1553,3
-2.2289,-0.14985,2.2342,-0.8715,1.1742,1.5287,-3.7396,0.58153,1
0.80506,0.32543,5.3848,-0.69896,-1.4488,-0.80285,-0.13291,-0.60429,3
0.023497,1.4463,1.6133,3.1666,6.7794,7.3057,2.1908,6.4089,2
2.0633,-1.2933,3.7534,2.598,5.0474,9.7897,2.9621,3.3008,2
-1.363,6.6168,2.4737,2.7557,-1.5994,5.907,4.6527,1.7501,1
3.7697,-0.31671,-1.7086,2.5787,-0.92866,-4.6789,-2.7421,-0.069243,3
-0.12558,-2.3808,2.3416,3.244,0.83793,0.4088,4.9666,-1.0262,1
-2.5712,-1.1491,5.4496,-1.3763,1.1234,1.2798,1.9228,1.736,3
0.39369,5.0896,-0.85564,0.56926,0.52495,0.22699,-2.9659,0.59184,3
-1.1265,4.0075,-1.4138,1.8489,9.9601,1.6412,0.74556,1.5211,3
-2.0179,2.6608,-0.38729,-0.42183,4.2782,8.5771,-3.862,-0.91423,1
-2.8098,-2.2785,6.3073,4.3372,3.9213,-1.4789,0.05169,2.4641,1
-0.33096,-1.1613,-0.45428,2.9589,-1.8494,2.1195,-1.4972,1.5866,3
-2.2364,-2.8019,-1.8321,2.7278,3.7821,5.4523,-2.655,0.029033,1
2.3345,-0.39195,3.0998,1.0328,7.4659,-1.6365,-0.29532,5.8607,2
-2.4495,-2.2898,-1.3771,0.33674,0.82502,-2.2543,2.5095,0.8104,3
-2.4989,-0.76974,-0.40333,2.3725,3.3494,5.6427,7.8798,2.4819,1
-0.96806,0.63457,4.6776,-2.7969,5.2257,2.5781,0.8443,7.9276,2
1.0274,-2.4518,-1.4096,3.1469,-1.6277,2.962,11.334,-1.4043,1
1.3291,-2.1156,2.5985,4.3779,5.7719,7.7305,0.44373,-1.5669,2
0.047526,-2.5081,2.9454,-1.2494,0.59559,6.8342,1.1531,2.8926,1
2.7562,-1.7802,5.5147,-0.80438,2.5726,-4.1197,-1.2786,1.1583,1
-0.31171,-0.4697,-0.38811,0.4321,1.5308,2.0912,-2.1231,0.14503,1
-0.71614,1.6593,1.837,5.3793,-0.81084,-4.426,-3.9517,2.1352,1
1.9158,2.5219,7.483,5.2968,5.2591,6.7318,4.5864,4.3398,2
-0.83667,0.98216,4.0638,-0.96538,-0.068269,-2.3919,-4.1524,-1.0473,3
-0.4984,-0.82077,3.3206,0.51093,3.9796,2.1798,-0.16391,2.4371,3
1.6242,2.2386,-0.5273,3.5288,-0.4398,-0.95799,3.5824,2.26,1
-2.4543,-0.7297,6.9825,4.0218,5.1148,5.3507,1.2064,4.4765,2
-2.3386,-1.0683,-0.30709,-0.54156,-1.1424,11.496,3.5127,1.0482,3
1.9056,-1.8045,3.894,-1.6246,0.86154,0.33232,-2.1179,-1.8322,1
-0.98234,-2.5896,0.004404,5.507,3.8011,-0.36316,6.0684,2.1661,3
-0.38951,-1.4193,-1.146,-1.8956,0.29923,-3.1882,-0.71426,2.126,1
-0.31895,-1.7181,2.655,1.8013,-1.4293,2.1383,-3.6019,4.2313,1
-1.6783,1.2646,3.9935,1.8465,0.98805,-1.6423,1.2076,-0.1674,1
-0.24344,-0.99329,8.5016,-0.70421,1.0874,5.7555,4.3885,-0.89182,1
-0.22955,1.4308,0.69656,-0.094017,1.7341,-0.81279,-3.2255,1.685,1
-0.042204,-0.53704,3.6008,2.1542,2.3863,1.213,5.7497,1.3957,3
2.6424,0.22013,-0.93922,1.7231,-1.2799,-2.5398,0.95738,-0.72847,3
3.3402,-0.97326,-1.1932,0.043615,-0.079893,-1.0566,2.2355,3.5313,1
-4.818,2.0639,4.2866,4.0365,6.2782,2.9979,1.6924,5.217,2
-2.1006,0.45045,-1.8299,-0.8876,0.039512,0.061409,0.79338,-0.23805,1
-1.7271,-1.8842,0.20674,2.5544,-0.52873,0.74745,-0.17241,1.3168,1
0.85768,2.7885,3.582,4.4254,4.4825,6.3393,4.3609,4.0787,2
1.162,-0.83961,6.8001,6.3801,3.1007,9.0386,4.94,1.4654,2
-1.1449,-1.4445,1.9768,-0.71763,0.38927,1.2645,-1.4573,0.45428,1
-1.341,0.30835,-1.5896,-1.9145,1.5159,-0.88386,-1.0692,1.3302,1
1.0933,-2.4252,4.9268,4.5081,4.3602,8.1618,-4.3865,4.5338,2
-1.2319,-0.85552,0.58524,2.5363,0.51714,6.2658,-1.5738,2.0998,1
-2.8316,0.45335,-1.6171,1.8775,-0.84474,-1.3834,-3.0073,2.6877,1
2.1052,-0.78438,2.1295,-0.9915,4.1724,6.086,5.6158,1.739,1
-0.71717,3.3642,6.6259,1.06,7.6603,9.6517,4.4103,7.3042,2
2.3461,2.2991,3.9468,-2.6152,4.793,9.8241,2.2092,6.5005,2
1.5765,-2.5863,7.7666,3.4234,5.421,7.8631,3.9287,3.5427,2
-2.4992,-2.0412,0.67106,-0.28481,-1.2653,-2.1242,0.89018,2.9677,1
0.38235,0.58925,6.433,-5.5444,4.3065,5.8364,1.1296,3.5617,2
-2.3222,-0.89559,-0.78992,2.3997,7.685,-3.9891,2.2409,-1.6491,3
-0.62399,-0.12601,0.89412,0.97191,-0.47828,1.0278,14.801,0.66268,3
0.24176,5.9328,4.0934,-0.052359,-0.2185,0.36016,-0.89034,0.4668,3
-2.1671,-0.24757,-1.2225,1.0797,0.40156,-1.0718,1.0683,2.111,3
1.3358,0.61905,3.1576,1.6725,5.9255,4.7751,4.172,7.0088,2
-0.92027,-0.80136,-0.19054,-1.7886,-0.43673,5.8488,-4.2014,2.3851,1
3.1083,1.0541,4.6194,5.3428,3.0678,10.008,0.93082,1.4506,2
-1.4244,-1.0141,3.6902,1.2149,-1.0562,0.22731,-2.0238,1.3638,3
-1.4027,6.0938,-0.59153,-1.2552,-1.034,4.5252,4.6945,4.6635,1
2.9271,-2.4425,1.1106,1.8821,-0.86795,5.2371,-1.1471,3.5229,1
-1.4538,-0.56388,-0.46071,-0.65283,2.5618,2.6457,-2.8682,1.5173,3
3.7612,3.2305,4.701,-0.54733,6.1011,0.059597,3.1501,7.6637,2
1.773,-0.031492,-1.1376,-0.60163,-1.1075,12.95,-1.9634,-1.6619,1
-0.5808,-2.4827,0.29791,-0.63605,-1.3548,2.7434,-4.4157,0.72661,1
1.4989,-1.5134,-0.24214,4.3506,3.3451,-4.669,0.66526,4.4936,1
2.2228,1.5154,6.3529,-5.1779,2.1589,2.8784,-1.3943,6.3856,2
1.3417,0.81087,4.9453,6.1784,4.4342,4.0975,1.352,2.9319,2
-0.29362,1.1726,2.7222,-1.2118,-0.35206,3.5914,-3.427,-0.041877,1
-1.5526,-1.048,2.8962,0.0188,-0.44297,4.2764,-3.2474,-0.94783,1
0.033338,1.3193,6.5086,5.1377,3.2385,-8.5289,-3.5351,-3.9867,2
3.4989,1.8953,0.7449,0.68964,6.3958,8.6901,3.3295,6.3216,2
1.7239,-0.87312,6.2196,-4.6762,5.7648,7.8427,1.2865,6.3601,2
0.78465,1.7743,3.9339,-9.1149,7.3977,3.0924,-0.023749,5.438,2
-1.5562,4.9436,-0.25137,2.8799,-0.073473,-1.4035,0.63204,2.8283,1
0.46828,0.34488,0.12836,-1.5713,-0.1898,-1.8258,-0.44188,1.2372,3
0.64506,-1.0617,1.3736,4.2886,-0.22451,-2.2154,1.8689,-0.011556,3
3.1064,1.2245,0.35903,2.3689,-0.19114,-0.8609,-0.84032,-0.55942,3
0.21142,-1.6756,2.7971,-1.1595,-0.45602,-2.1498,-4.2046,0.28004,1
-0.83956,-0.25991,0.74185,-0.05894,2.3403,-3.0341,-2.3857,-0.99607,1
-2.8553,1.0019,0.85819,1.6981,5.9147,0.94902,5.667,2.8717,3
0.48951,-0.77447,1.245,7.3045,-0.89553,2.0122,-4.3453,2.0411,1
3.6241,-0.51942,6.9473,4.5896,4.309,3.6152,2.5218,4.6111,2
5.1956,-1.1588,2.8345,0.060002,1.8323,2.0877,-0.1054,5.0161,3
-1.2493,0.37811,-0.52354,1.8864,3.376,-0.79232,-0.35157,-0.15971,1
-1.9027,2.2197,-1.3566,-0.25515,-1.0395,-1.2628,-2.4726,2.1371,1
0.06729,-1.216,-1.2097,1.4458,0.96332,0.41176,2.4474,1.7939,3
-0.68485,1.2122,0.66098,-1.3275,2.1089,0.68284,2.73,-0.81668,3
-0.44593,-0.18233,-0.24788,-1.6161,1.9569,-1.6438,-1.2042,0.19554,3
1.0848,2.2053,5.2055,6.0802,7.8464,7.6231,-1.4464,3.1958,2
-1.6789,0.82656,2.026,0.063779,4.3162,-4.6297,4.1664,0.58508,1
0.12326,0.70108,2.3609,1.2345,0.97756,-2.2107,-1.8418,1.5965,3
-0.8099,0.89512,3.399,-1.2127,3.212,6.5899,-3.5137,-1.0213,1
6.2801,-1.123,-1.5947,2.3893,1.0179,2.1223,0.93746,-1.1129,3
1.4366,2.1836,6.7564,3.2486,6.9246,9.7842,-6.8809,3.3487,2
-2.1546,0.29045,3.1002,-1.5482,1.4364,-3.0281,-0.93471,-0.43079,3
-1.5987,-2.2693,2.0695,-1.0972,2.5215,-4.5868,-2.3845,0.11798,3
-0.4537,1.4245,-1.1652,-0.20046,3.1094,-3.3807,-1.5182,-1.1354,3
2.2212,1.5673,4.7775,-4.3954,2.335,-0.49929,0.17255,7.9981,2
-0.56713,-1.594,2.7781,0.16744,0.71388,11.836,1.2247,0.33966,1
-2.5987,-2.7974,3.4263,0.2344,-0.77077,1.5736,-3.8805,-0.88078,3
-0.55619,1.1788,0.41052,2.654,1.1784,0.50534,5.1604,2.6286,3
3.612,-0.49609,2.4791,3.2512,1.1575,6.3336,4.1017,1.4727,2
1.3984,1.8183,5.2709,-3.8498,0.56348,8.6738,-0.5745,6.499,2
-0.55929,-1.1703,0.16003,-0.49298,2.6569,7.334,0.85853,1.4577,3
0.14462,0.91009,1.6891,-4.3478,7.1744,6.2521,-0.2466,5.7473,2
0.53292,-0.90058,5.7828,0.08197,-0.12003,1.6707,-3.2114,-0.79933,3
0.56047,5.7166,4.8516,4.8126,-1.276,0.40907,-1.5478,-1.5452,3
-2.3805,3.2545,-0.64013,4.0681,1.9286,2.9496,4.6464,-0.82864,1
-0.30364,2.5112,-0.8481,-0.52662,-1.0084,-2.0481,1.9224,-1.0724,3
-3.0649,1.2699,6.893,3.5703,6.6057,2.0498,3.1611,2.868,2
-2.3221,-2.1359,-0.14493,1.2134,-0.81747,0.94389,-2.3505,0.64541,1
1.8557,0.050607,5.1739,5.9602,2.4664,5.0784,-2.2454,7.4756,2
-0.15571,0.47287,1.5371,0.016642,-0.77695,-1.0023,-2.1205,0.25606,1
-0.67798,0.43375,-0.81661,3.1994,0.39881,4.2023,-0.89011,0.37733,1
0.5083,-0.73982,4.8908,1.5467,2.2556,-2.6801,1.6394,2.7678,3
-1.0381,-2.1489,1.9656,-1.1426,-0.48867,13.817,4.9141,-1.0728,1
-1.0998,0.94585,0.36902,-0.53923,-0.91205,-3.1703,0.33954,2.9611,3
2.1706,0.86467,3.8525,-1.7997,4.989,4.3935,0.52373,6.932,2
-0.46704,0.34182,-0.035393,1.5813,4.1294,2.1191,-2.0951,4.5813,3
3.3392,-0.81699,2.9401,3.6251,0.1353,-3.0659,3.6422,3.2651,3
3.9335,-0.93646,4.5533,-1.6815,5.3285,5.7466,4.7013,3.3757,2
0.85547,1.8312,1.9386,0.023425,-0.19489,-4.7173,-4.2146,-0.30724,1
0.77487,-0.75926,4.0691,-1.4672,0.39627,3.2623,0.26923,-1.3383,1
-0.20241,2.8974,5.2193,5.3991,3.3662,2.9545,2.7651,4.5094,2
1.8806,-0.18975,7.3945,4.5741,3.9011,2.936,2.3382,4.8245,2
1.4427,1.0301,1.2708,-0.12705,-1.5841,-1.1532,-2.5726,0.43033,1
-0.39938,0.11737,-0.5118,4.4156,-1.761,1.7102,-1.384,3.7951,3
3.7788,0.25524,1.2808,-1.1261,2.9731,-3.2106,5.3113,-0.32185,1
1.9029,2.1561,-0.51539,0.94667,1.2804,2.4818,2.6737,0.61615,3
-1.0957,-2.3816,3.6389,3.9342,3.0519,7.776,3.0016,6.5993,2
7.321,-0.13398,-1.7196,0.042957,0.87658,4.6066,-0.42636,2.949,1
3.405,2.3078,3.0757,3.9518,5.9761,9.1135,-1.1439,5.8016,2
-0.76161,2.3806,-1.7546,0.50184,-0.26773,1.2912,-3.5512,-1.3168,1
2.6351,2.6868,3.7566,5.1089,6.748,6.6076,1.6696,7.1263,2
2.6347,-1.6598,2.7023,-0.17133,1.2042,3.623,-3.5822,3.0111,1
-0.85446,-0.82423,4.2132,-0.05735,0.49857,-2.7336,-3.1367,0.021428,1
2.2747,3.2237,6.4847,-1.3155,4.9614,10.477,-4.5357,3.537,2
3.1104,3.3848,5.4626,-2.6897,4.4755,1.9301,-1.0148,1.2836,2
0.87467,-1.607,6.5109,4.4215,5.7239,6.1072,2.2828,3.8968,2
2.8494,0.90184,4.7958,-0.711,0.001754,5.5972,-2.9696,-0.020168,3
-2.7623,-1.3049,0.96559,2.7393,-0.47393,0.66924,-3.4577,0.93369,1
0.10226,-0.74402,5.4669,-15.053,7.1358,7.1224,0.40797,3.3574,2
-0.30248,-0.8839,6.0338,-1.889,7.7623,2.9711,-1.5606,5.7492,2
2.1669,2.0381,-1.128,2.3718,2.8061,3.1364,-4.7326,1.2308,3
3.0722,-2.5285,2.8816,6.649,6.1434,2.5076,3.2015,6.8756,2
-2.2078,0.26797,0.14775,2.0895,-1.3224,6.2027,9.8319,0.51906,1
2.0996,3.3204,2.1501,-0.071126,-0.15704,-0.17413,-1.3477,6.7599,2
-1.27,2.8304,-0.001694,1.0176,1.9034,1.0802,0.005062,2.2326,1
-0.015782,1.1782,-0.375,-1.0574,4.1304,-3.9029,-0.1304,-0.54231,1
1.2953,-0.11593,1.5067,0.99069,2.2207,5.3413,0.98905,-1.6255,1
2.3578,-0.5762,4.5241,0.83329,0.082637,0.70732,2.9281,1.1487,1
-1.0659,3.4958,5.4459,1.5517,5.5883,6.4915,2.2975,6.9149,2
2.3192,-1.3523,-0.39032,0.66759,0.13013,-2.8285,7.313,4.756,1
-1.1268,-0.37692,2.0174,-1.2214,3.4261,1.2276,2.9851,-0.77849,3
1.8974,-2.2444,3.4734,3.444,3.5838,2.3694,-2.8678,0.43246,1
-1.1208,2.7263,2.9723,3.78,0.29049,1.7157,-2.7208,2.052,1
2.9678,1.9129,2.2312,-0.61302,2.5611,2.6752,0.89884,-1.2618,1
-1.1184,2.6645,6.1692,-3.3802,0.15064,2.0988,-2.4866,6.0453,2
0.62119,-1.5205,1.4181,-1.509,0.55319,7.328,-0.80003,-0.65439,3
1.0845,-2.1476,-0.10025,-0.88255,-1.5233,1.8753,0.65665,-1.0565,3
1.112,-1.8308,5.0583,3.7673,7.1456,-8.6467,-3.4359,7.3071,2
4.8319,-1.5405,-1.0523,2.8782,3.9708,1.5003,-4.6941,3.0267,3
1.3365,-0.39636,3.4223,-1.48,2.262,6.8127,4.8448,0.48289,3
-3.3453,3.6547,2.7172,2.6217,-1.5741,1.1471,-2.5672,7.4433,2
-1.7312,-2.2407,-1.0022,2.4873,1.2924,5.6687,-2.5195,-0.30043,1
-2.7846,-2.4785,-0.98018,1.9483,-0.93029,-3.3705,-1.3699,-1.5556,3
-1.1164,-2.0847,3.7437,3.5089,-1.3809,-3.2742,5.0372,1.1006,3
-1.2656,-0.12272,2.3007,2.2034,1.7218,0.057636,6.0395,5.3415,3
-3.0717,2.5126,5.9531,6.421,4.6553,3.0702,3.7822,6.0962,2
-1.3022,0.49019,-1.4444,-1.1454,-1.2828,-0.27471,-0.8805,3.4768,3
-0.45454,0.099785,-0.8643,1.6055,0.89356,6.4954,3.0055,3.5488,3
2.4581,-4.6558,4.0387,6.3579,6.3239,1.8915,3.5455,6.4649,2
0.87153,3.4065,2.7933,-1.2785,4.5608,-3.6926,2.0094,-1.9061,1
-0.51969,-0.84118,-0.83954,-0.45044,0.58852,0.12566,-2.9671,-1.4873,3
2.9678,1.9129,2.2312,-0.61302,2.5611,2.6752,0.89884,-1.2618,3
-1.3036,-0.044667,2.8723,2.3033,0.78911,-1.2606,5.1694,-0.31062,1
2.005,1.0305,1.8063,-1.2786,0.47885,-4.4078,6.1466,1.1625,1
-2.4805,7.0605,1.4908,5.3842,0.4741,1.5674,-1.4614,4.2349,1
1.2018,2.0685,0.66843,6.1614,6.9283,3.749,4.8455,7.173,2
1.0446,0.23078,5.6735,3.0211,7.7272,8.0918,-0.2525,5.0216,2
4.1298,3.2227,-1.0259,-1.7893,3.2734,-1.9446,-2.4008,-0.4426,1
1.287,3.9078,3.4814,5.4364,7.6449,9.8276,1.5941,3.8792,2
-0.59707,-1.2676,3.1725,2.7766,1.0618,-2.8306,0.003682,-1.7796,3
-0.79314,-1.3281,-1.1721,3.3388,1.8333,-1.0382,0.33665,1.3601,3
0.09203,-1.2124,-0.53118,0.24804,-0.12389,2.1534,-0.93148,0.58508,3
2.2332,-4.2352,2.5617,6.9206,4.749,3.6261,3.4414,-0.53212,2
3.7018,2.9999,0.8562,1.3462,7.8299,5.2732,-3.3704,5.0269,2
-4.9442,3.7776,4.3507,-0.041551,3.3013,1.8117,-0.18276,3.359,2
0.02776,1.092,0.78366,0.28391,2.0531,-3.6964,2.2207,-0.47054,3
2.3969,0.077497,7.8802,4.775,4.1383,8.4934,-1.4925,0.48464,2
1.524,0.90879,-0.15102,0.088095,-1.0474,-2.175,-3.2121,0.12465,1
2.7308,2.2201,5.6668,-0.19996,4.3953,8.0174,-1.4152,7.5143,2
2.0567,0.084969,4.5145,3.2446,3.8511,3.4488,1.4163,0.75048,2
2.8875,-0.74698,2.7856,-1.0579,-1.2795,3.6522,-1.761,-0.66711,3
3.7504,-1.7339,5.4511,2.124,5.9554,9.8987,3.6342,6.0838,2
-1.1877,2.3706,5.2206,0.098894,6.7348,4.0887,4.2998,6.8054,2
0.54225,-0.28888,3.404,-0.53563,1.563,2.8484,-1.8079,3.3803,1
-2.7112,0.38761,7.0427,2.8568,6.6749,-5.9753,2.0809,7.0509,2
-1.2905,0.40037,2.315,2.3818,0.65377,1.5581,7.6042,3.9784,1
1.2881,-0.79371,3.6644,3.7529,3.7443,-11.053,4.8182,2.7989,2
-0.21446,2.6466,-1.503,3.8777,1.8385,-1.3323,4.275,-1.0573,1
-0.076266,-1.7299,-0.82192,0.28379,1.7369,1.6908,4.5523,1.2188,1
2.5129,-2.5277,4.261,2.8219,0.72449,-0.74711,2.3614,2.4867,3
-1.501,1.8899,4.8404,-0.52086,5.1593,3.4355,0.29709,6.5154,2
2.5115,2.3557,6.3319,2.9483,7.1458,2.4109,3.0646,4.6555,2
-0.010928,-1.8652,-1.6305,0.16305,5.5901,1.2768,5.2199,-1.4568,1
0.22872,2.4352,5.6765,3.5579,3.8868,9.0832,0.84913,5.2136,2
-0.37281,-2.1384,0.043328,3.0857,1.5426,8.6755,0.81091,-1.3844,1
-1.7483,2.4974,0.2496,-0.73984,4.4376,5.7844,6.3653,0.95138,3
-2.2473,-2.3632,0.17715,3.6337,-1.1917,2.5833,2.8125,-0.43666,3
1.1561,2.0757,7.9142,-0.14458,7.3691,9.5252,-0.61127,6.5453,2
1.2402,-0.46409,-1.6371,1.748,-1.2723,-3.5713,5.157,-0.58491,1
-0.68269,-2.5128,-1.3435,0.30422,3.9185,-1.8959,7.8081,-1.0023,1
-2.4546,-2.1199,-0.37997,-0.89661,-1.8266,2.0011,-2.7748,2.1336,1
-0.44858,0.86664,7.3809,3.2544,4.959,5.5151,1.5611,5.2965,2
-0.25127,-0.68206,6.5084,-0.80599,7.3784,8.9398,3.2613,5.1561,2
-1.3411,3.125,-0.85892,-0.77838,-0.69989,0.3741,-1.7617,0.90576,1
-0.469,-1.4882,5.4264,4.4383,1.6024,4.4743,2.6674,4.4345,2
-2.0378,-1.0507,1.2941,-0.18814,0.25415,0.70506,4.3219,0.9405,3
0.29795,-2.195,4.9215,3.8365,-1.1191,-2.8757,4.0384,-1.2968,3
-2.1942,-2.3612,1.3721,-0.81126,0.34871,-2.5282,-1.0773,-1.5764,1
-0.78138,1.0711,0.21057,4.8791,4.7363,-4.7211,6.6394,4.9789,1
-0.28387,-0.84874,1.0032,-0.80127,4.8784,-3.368,1.737,1.3438,1
-1.7766,1.2651,5.9268,1.5164,-1.1202,8.277,-3.4894,1.2281,3
0.98892,-1.9255,5.0761,4.4002,5.8638,3.404,2.7406,5.8266,2
-1.5175,3.2971,-1.7883,0.05426,0.44428,4.1683,3.1456,-1.7759,3
-0.48145,-1.8415,-0.45648,1.2083,-0.34836,-4.7106,1.2657,2.8854,1
1.9559,1.8273,0.44981,4.4504,7.7518,1.9977,2.8405,6.7177,2
0.46532,2.0271,0.82735,-0.32413,-0.25897,-2.3595,-1.6651,1.7872,3
0.486,0.73072,-1.3454,-0.86446,-1.3947,-2.3804,3.1705,-0.20364,3
2.9991,0.8451,7.3561,-5.0406,1.7451,3.2276,-1.041,4.4773,2
-0.90267,-1.313,0.73279,-0.7865,-0.20264,11.572,-1.7336,-1.5707,3
-1.6778,-1.5639,-0.45584,0.35188,1.8817,-1.9225,7.4462,-0.82152,1
-0.40916,1.3864,-0.32262,3.5997,1.6059,0.48306,-0.69635,4.3195,3
2.3943,-0.48571,3.1299,-1.6651,2.4064,0.71964,-2.9733,1.7879,1
-2.052,-2.3981,3.1604,0.091818,-0.96767,6.6446,-2.1344,-0.42197,1
-0.24223,0.32989,1.0991,-10.271,1.8043,7.4373,0.25685,5.6105,2
-1.3757,3.5205,1.585,2.3318,0.00038,3.1567,2.0215,0.73459,3
-0.53535,-2.0789,6.3243,5.486,6.3544,4.5719,3.9622,3.0352,2
-0.0334,0.6298,-0.040389,-0.80009,-1.6492,2.3309,2.2271,5.0367,3
1.6926,3.2275,1.2587,-0.42341,7.4856,-8.248,-0.33091,1.6917,2
2.9164,2.9267,-0.86914,5.9657,0.99525,-0.1027,-0.36532,-0.40137,1
-1.2551,0.88876,0.75365,-0.42685,2.1025,3.8308,2.5979,-1.507,3
-1.314,-2.909,0.33566,-1.911,2.1387,0.96415,-4.2798,2.1359,1
2.1408,-2.2834,0.15213,-0.75416,-0.4012,-1.4709,-1.0214,2.9307,3
3.357,3.1257,6.2384,2.0508,6.0306,10.119,5.3536,3.5658,2
2.3867,2.9052,7.622,-2.805,6.0762,7.689,1.3178,6.5485,2
1.907,0.9764,6.9429,2.9032,5.1215,3.1502,2.6037,1.5011,2
2.3242,-0.38397,4.7107,-0.78171,5.684,5.7291,5.0902,7.8907,2
1.4279,-0.20801,2.3769,-0.7643,-0.12719,13.469,-1.8428,0.35374,3
1.4914,0.59034,-1.1633,4.9077,0.004451,0.38609,-3.3565,2.3066,1
-0.47261,0.44255,6.8353,-2.8823,1.087,-3.487,-1.6338,4.9932,2
1.4658,-0.33054,1.055,4.8063,1.2528,0.098728,-3.1007,2.4408,1
1.0892,2.4167,5.3106,5.0498,1.2547,2.3769,1.0091,5.8563,2
1.7893,0.39484,7.1773,-1.9007,7.8484,7.2067,-0.98251,4.9198,2
2.0058,0.97718,6.9653,0.23708,3.3629,-4.3613,5.8858,-1.0058,3
0.044585,1.7593,-1.0327,0.79414,5.7212,-1.9653,-0.077133,-0.42978,3
0.30556,0.059166,3.6367,1.0833,4.539,9.9619,1.6506,6.3795,2
-0.75637,-0.3664,3.8125,3.4739,1.4799,0.8977,4.7286,4.7446,1
0.68252,-0.22966,-0.22434,3.2401,0.90469,-1.5532,8.1058,0.75299,3
-0.38398,0.73545,6.3833,4.2564,5.5259,-1.0186,4.4428,3.8792,2
-1.7889,1.5777,0.21921,-0.85801,0.9823,8.5299,7.6515,-0.095836,1
-2.5854,5.1612,1.1114,0.7983,3.7298,-3.2087,-2.8621,-1.4051,3
1.6627,0.42344,1.0199,0.56527,-0.054848,-2.4802,-0.65643,0.32192,3
2.331,3.8656,7.9974,3.7385,6.5045,1.2626,-9.6682,5.641,2
4.3301,0.74759,0.55987,1.4503,-0.63507,2.5041,-3.8359,1.1751,1
-2.354,1.0845,-0.5977,-1.3076,9.0114,-1.3644,0.80833,-1.4059,1
-1.7048,-2.3717,0.031697,-1.3909,3.8351,2.9744,-0.22037,-1.8326,3
3.4709,-2.1111,-1.6074,2.1103,-0.011526,2.707,-1.2196,0.37152,3
-0.91605,-0.39875,3.843,1.8098,-0.35275,-3.0838,8.9899,2.8992,3
-0.052969,2.7104,-0.85911,-0.23479,7.1395,2.9066,4.3128,2.8131,2
1.8996,-0.76178,-1.4409,-0.38806,-1.0387,-1.8036,-2.6581,1.6022,3
-0.4357,-1.7675,0.5047,-0.18486,0.8295,-1.7905,6.175,-1.1213,3
1.5285,-0.076844,6.1048,-1.31,-1.4655,9.2621,-2.7663,2.4907,3
2.2862,2.0831,5.7096,-1.0168,3.7647,4.9163,2.7811,5.8231,2
-1.0682,-0.82943,-1.3215,0.51208,2.4709,2.1074,0.47678,-0.053862,1
-0.25464,1.8844,-1.3576,-1.5304,1.6612,-4.3121,1.4575,4.362,1
-4.509,0.62683,2.9449,-6.0129,5.1768,6.1618,3.8853,5.8899,2
0.91829,-3.1911,4.6984,-0.93264,4.3744,9.069,3.6913,-1.0232,2
1.0722,0.96762,6.7285,-1.6345,7.0669,4.8072,2.3593,5.9983,2
2.9022,-1.2008,3.1718,0.73215,0.67729,6.0172,3.7189,9.3937,1
-0.3314,-0.92155,-0.9573,0.049459,-1.1793,-1.2939,-1.5792,-0.4064,1
0.90331,2.0945,5.6753,4.8163,4.2538,6.1542,3.5593,4.8773,2
0.20027,-0.47049,5.1895,-1.5217,8.201,-2.0129,-0.80711,-1.5878,1
-1.6257,4.1969,2.1413,-0.77604,2.0745,0.16159,10.377,1.942,3
2.326,1.669,6.0769,-4.11,4.1765,6.383,-5.866,4.7592,2
0.92678,2.1408,5.3037,-3.0904,7.1962,8.8025,4.2403,6.1582,2
1.6297,-0.78928,3.5692,-0.36175,-0.88428,-4.4523,7.6103,4.8917,3
3.0571,3.3723,3.6712,2.7945,4.8126,6.407,1.5494,-0.46947,2
0.25673,-0.99792,-0.3816,2.6551,-0.24506,-0.74385,-2.9479,5.5769,1
-1.6186,5.0732,-0.069571,0.40877,0.84765,-4.1631,0.28341,-1.5887,1
0.1696,-2.3158,-1.3734,0.84293,0.66223,-2.7625,3.5905,0.20607,1
-1.0575,-2.2058,1.5858,3.8944,1.2407,-2.6062,-0.45878,4.2694,1
-1.1031,-2.572,4.453,1.8263,0.77105,0.013112,6.785,0.49734,3
1.5662,-0.61884,-0.18012,0.53303,-1.2558,-4.8627,-3.8155,1.6289,1
-1.044,-0.070494,-0.45293,-1.5464,2.7804,-0.97311,1.2578,3.4384,3
-3.2398,2.0498,5.2123,3.5807,1.6278,10.861,0.14571,4.9714,2
0.65201,1.2407,7.353,0.29945,3.4844,8.0005,-0.016634,-0.79586,2
0.21011,-0.9599,1.1109,-0.6192,4.1525,0.021796,3.83,0.50954,3
-2.566,-1.8996,-0.74998,-0.98261,3.2206,2.0193,9.91,-0.26422,3
-0.76228,-2.5748,2.1567,-1.0743,-1.5165,-2.8409,-3.5392,-0.48328,3
-1.5156,-0.21765,0.77445,1.4004,1.0101,3.8325,3.5542,-0.44368,3
-2.0763,-1.5938,-0.53321,-0.64713,-0.057877,0.66766,0.80768,0.82815,1
-0.68176,2.7305,5.327,-0.068355,6.1971,6.9553,-1.5709,4.2707,2
7.1231,0.5168,-1.2911,1.5588,0.40831,-1.8693,0.74909,2.0846,1
2.1589,1.3471,5.8076,5.5459,5.6243,5.6779,-3.2669,2.5375,2
0.56444,1.1301,1.1178,2.0214,0.070056,-1.4402,-3.3138,-0.36214,1
1.9833,0.55083,3.6373,2.3208,6.666,8.0708,1.4094,5.0529,2
1.4352,3.8205,7.2922,4.2108,7.2969,3.5301,-1.167,6.9074,2
-1.6519,-1.9446,1.8358,-0.41305,-0.74586,2.5523,-3.1829,2.4751,3
0.14199,2.5791,-0.32181,4.2728,2.138,3.2334,0.022682,2.2865,1
1.121,-2.3689,0.33385,4.5937,-0.94634,-1.0205,-2.5453,6.0205,1
-1.6418,1.6514,-1.2285,4.6452,3.1453,5.3211,4.0077,-1.68,3
-1.1915,1.0281,5.9947,2.5835,7.7901,9.0574,-6.0834,4.9483,2
-1.2773,-1.23,2.1702,0.74504,3.1302,13.904,-2.4597,0.16231,3
-0.398,-0.53912,-1.0992,-1.1307,1.7163,-2.8844,-0.076118,-0.39566,3
-2.9121,-0.83056,4.0509,-0.56069,4.6919,0.93129,1.5902,1.1645,1
-2.58,-1.0475,2.9781,-0.10398,-1.6862,1.6469,5.1761,-0.047866,3
2.2167,-0.91064,7.2482,-1.126,6.8901,6.309,-2.4202,5.2117,2
2.9484,1.727,6.6227,5.3188,2.5002,7.5943,-3.6196,0.78538,2
-2.9486,0.016772,-1.6002,1.071,3.9012,-0.046261,-0.092294,4.8835,1
-0.17141,-1.04,2.1439,-1.3271,1.6863,-4.7774,-1.9108,0.54603,3
-6.7237,0.55184,6.4839,2.4695,4.6099,7.2123,2.9159,6.6885,2
-2.3147,1.8885,5.1773,-3.3507,4.8289,-2.3544,0.54206,1.5297,2
-1.8466,-0.17219,4.4475,3.4725,6.1771,0.96676,-2.1766,7.6556,3
3.098,0.70983,1.9205,-1.3754,0.74254,0.11783,6.6543,-1.5281,1
1.4949,0.90018,3.1897,-2.1295,6.9676,10.546,4.2995,-0.27831,2
-1.925,2.9397,2.9901,0.61621,6.1024,-2.5879,6.8348,1.2647,3
1.0616,-0.23024,1.8003,-0.8352,0.97939,-3.1329,5.4907,-0.87517,1
-1.7846,-1.7585,-0.85841,2.8046,2.9766,-4.2878,-1.085,3.0604,3
1.2082,1.6263,-1.2337,5.5753,4.022,9.6221,0.36573,4.3912,2
-0.51022,1.1192,5.8541,-12.118,5.7679,7.1963,1.0816,6.3764,2
-0.586,0.66683,4.949,3.8602,4.2438,10.466,1.5079,5.8832,2
2.4312,3.3865,2.9344,-10.98,5.1718,8.7172,1.7006,4.4656,2
0.77108,-0.088398,-1.7007,0.001069,-1.4314,-1.9072,-2.6658,0.2463,3
0.83776,-2.3263,5.3971,2.6489,2.3765,-3.8623,2.8452,1.6475,3
0.92978,-1.2573,3.6771,3.8897,-0.75965,-3.886,-2.3623,-0.6919,3
6.1052,1.1494,2.6799,2.1783,0.11601,-3.1226,2.5417,-0.12217,1
0.12585,0.93915,6.9777,2.7833,7.4619,4.6676,-3.4803,5.9583,2
0.24037,-1.3465,1.0445,-0.16379,6.7784,5.4434,0.58626,-0.21759,3
3.4255,2.6417,3.0865,-8.5279,6.5871,8.9292,4.9717,7.2406,2
-1.0258,1.6788,4.1727,1.5781,7.0691,8.931,-5.2255,3.1992,2
1.9061,-0.49378,3.1189,1.4261,3.4786,9.7298,4.3888,1.771,2
2.8673,0.49518,0.73162,-1.8127,3.6221,-1.6565,-5.002,-0.58822,3
-1.1433,2.3118,-0.96762,-1.3343,8.3681,-0.87545,-3.4547,1.9322,1
-1.988,-1.6818,0.3294,-0.57164,5.6332,0.60985,0.30265,-0.29453,1
1.9232,0.55435,2.604,-0.064112,0.29463,-2.7792,4.1459,3.6317,1
1.7863,1.8644,8.0027,4.5705,5.053,0.73407,4.4279,2.5846,2
1.7003,2.6866,7.101,-0.092338,6.6779,-1.1677,0.048522,4.8478,2
1.7231,0.60075,-0.94015,5.346,0.077526,0.30768,-1.7372,-1.4345,3
3.4642,1.0397,5.0712,0.94934,2.704,-2.7227,0.072214,0.7796,1
-0.53096,2.6631,6.3031,3.8212,4.4657,9.1163,-1.4121,4.3364,2
0.6422,-1.4488,-0.99303,4.6807,2.8947,3.3631,0.54291,2.1843,1
0.54309,1.5754,1.381,0.98604,3.2176,-3.7545,-2.3996,0.85452,3
-3.4999,1.7638,5.9459,-4.2455,7.2449,4.9084,3.8085,6.8473,2
0.62346,-1.7057,1.3364,0.49633,3.3218,-3.8744,-3.3545,-0.02663,1
1.9732,4.7517,-0.5546,0.6159,0.00561,6.6639,-1.755,-1.1298,3
0.67499,0.78764,8.8092,-1.7989,5.6608,-0.54429,-3.4114,1.1767,1
-1.6442,1.6143,1.9851,-1.2606,2.6952,10.412,3.0085,4.9729,2
1.5602,3.6771,4.2748,-0.1944,4.8675,5.1503,-0.33829,4.2594,2
-1.9157,-2.6715,-1.1237,-1.256,-0.99064,1.3318,-0.20496,0.24911,3
0.82161,-0.64877,-1.0924,3.5427,-1.5132,-1.182,-4.1668,5.7146,1
3.4911,2.1243,-0.5319,-0.39705,1.8866,-1.4005,2.1145,-0.20587,1
-0.40476,-0.80683,5.0328,-4.2949,5.5262,6.2076,4.5128,6.5433,2
-1.7765,3.1989,3.3643,0.069072,5.8153,7.2509,4.9034,5.7241,2
-1.4357,-1.3596,1.8813,6.4006,1.0722,7.795,-0.078133,-1.272,1
-1.3873,-2.2826,0.3391,-0.48734,0.50648,-1.8254,8.7917,1.4109,1
2.1171,1.9197,3.1018,-0.4889,3.1557,5.9043,-1.0191,3.7459,2
-0.60826,-1.5234,-1.1583,1.1977,0.3669,-1.1143,-0.45538,-0.73119,3
-1.2053,-2.1187,-0.80884,-1.8246,-1.5666,-0.60573,0.54573,2.4513,1
2.3718,-1.7574,-0.18119,-1.5115,0.035938,3.2957,10.822,-0.023657,1
1.4044,-0.32735,-0.76597,-0.33555,5.1075,0.040179,1.1282,3.0111,1
3.8009,-1.943,2.9229,-1.7424,0.25391,-3.9696,2.2117,2.6754,3
1.7541,-0.71961,-1.2452,0.60427,-1.3027,-2.8369,2.1558,-0.13037,1
2.9989,-1.0222,0.65507,1.9364,1.6089,-2.1862,-3.0647,4.5278,1
0.65436,2.9492,3.967,-0.44511,5.694,5.006,4.1982,6.6937,2
-2.1112,-1.6848,-0.38275,1.3091,-0.57206,-2.0086,2.4829,5.6531,3
1.6827,3.0317,1.4421,0.98177,0.74881,-2.0191,6.0183,-0.66132,3
3.9146,-0.07847,-1.8085,2.4927,0.40622,3.6944,-2.5034,0.22272,3
-0.97408,-0.36784,-1.3308,0.97962,0.070577,3.8226,5.133,1.364,3
-1.273,-2.5625,0.88162,4.2519,-1.6382,-0.75028,-2.9782,3.6517,3
1.9112,-0.61372,3.3992,-8.9462,0.62349,0.74449,4.6059,6.008,2
-2.0361,1.1277,2.233,0.15213,1.6197,0.14217,0.3462,0.14408,3
2.2825,-0.66487,0.5277,-0.48635,6.0597,8.6809,6.0804,-0.49165,1
1.0522,3.7578,5.362,5.1906,1.1863,4.8084,4.1973,7.2918,2
-1.6621,1.0877,1.5036,2.2744,-0.41346,1.6674,-3.6976,0.68819,1
0.97802,-0.1323,4.6316,4.1321,4.2239,6.2542,4.1099,2.5313,2
-2.2215,2.0245,7.0249,2.6178,6.0657,10.424,-0.65821,2.7962,2
-0.34371,1.6193,0.12233,1.149,-1.5181,-0.20375,-0.11627,2.1061,1
2.2579,0.36275,2.7948,4.605,5.0791,2.6262,4.0988,6.6047,2
2.06,1.7547,5.4107,3.6805,7.0195,7.7704,2.8005,7.3563,2
-1.8939,-3.7646,7.5736,-5.276,4.4552,2.9925,4.0573,7.0645,2
3.7351,-2.0302,-0.17013,-0.74437,4.4362,-3.2372,-2.1907,0.33629,1
-1.1378,1.114,1.2961,-0.34537,-0.48165,1.7919,-1.1427,3.344,1
-1.361,-2.7068,-0.97532,2.4246,5.2432,-0.7754,-2.9457,-1.4158,1
-0.30693,-0.14511,-0.79101,0.91183,1.5374,-3.6951,-4.5967,-1.5908,3
-2.0965,3.9997,1.9878,3.361,-0.12669,-2.4126,3.9784,1.5256,3
1.302,1.1965,7.101,5.6571,1.6884,4.9396,3.4226,5.9147,2
2.6467,1.3241,-0.53101,0.6953,-0.53383,-1.8616,-3.0604,-1.3437,1
2.8257,1.0775,5.9712,1.0242,5.68,7.1901,0.98315,3.7165,2
0.71495,3.3865,6.1256,-8.427,2.5616,2.4851,3.889,5.686,2
0.17044,-0.71593,5.9714,5.9965,3.5605,2.8567,0.67345,6.047,2
-0.10558,2.441,0.017059,1.6861,-0.58816,-1.0216,3.1032,-0.78418,1
-2.1452,-1.7566,3.7351,1.2689,0.048314,0.74529,-2.1795,2.1274,1
0.72047,3.0157,-1.0426,-0.65352,0.08366,2.511,-1.7931,-1.0715,3
3.9466,2.3264,2.3463,3.3729,-0.41657,1.459,-2.0061,-0.87435,3
2.8437,2.6563,5.3249,6.101,5.5162,7.4696,2.3504,7.709,2
1.0127,3.4982,8.0288,-0.76644,6.1291,5.2428,0.31027,6.343,2
1.8677,-0.92466,0.77534,3.4167,2.188,4.4033,-1.7959,-0.64937,1
0.1702,-2.0201,-1.308,-0.71906,-0.77554,-3.1928,-3.6763,1.1888,3
2.4421,-0.44798,5.8383,-0.08098,0.35737,5.3714,3.677,-0.20136,2
-1.73,-2.2038,0.96807,1.433,-1.2312,-2.3284,0.10788,-0.48813,1
-1.6436,-0.54634,-1.5214,0.11998,-1.7407,-4.129,6.7457,1.7735,1
3.641,0.88754,0.07486,0.71334,0.3046,4.0838,-3.6331,8.0011,3
-1.3234,-2.3845,-0.7372,2.758,-0.064316,-1.6903,1.7484,-0.33576,1
1.8327,1.7736,6.1652,-2.2378,4.8888,5.6464,0.87201,4.781,2
-0.64159,-1.8831,-0.69511,-0.75621,-1.3972,-0.097528,4.3536,-0.50493,1
-4.534,3.4243,4.3477,5.7939,1.0035,7.752,4.3668,7.0098,2
-1.2677,2.9297,4.1259,3.9573,0.032172,1.0691,6.6809,2.346,1
-0.11422,0.11012,-0.36599,0.16082,5.9003,-1.6353,0.19113,4.3072,3
-3.7994,3.7473,4.6635,-3.8149,6.998,0.30685,4.2562,5.2061,2
0.78789,3.26,3.7547,1.1993,0.14222,7.7061,2.1083,6.7451,2
0.054558,3.595,3.1794,0.94155,4.1478,4.8444,4.3157,6.3408,2
2.3363,-5.0801,6.4098,5.8356,1.1373,9.5924,0.4832,6.7205,2
-2.6479,-2.1894,1.4712,-1.1868,5.5018,-1.4992,-6.4676,7.2439,2
0.99714,3.2513,0.25545,3.505,1.598,-3.9921,-4.0631,-1.9574,1
3.576,2.5993,3.6332,1.2445,5.2105,7.4391,3.9849,6.0011,2
2.0034,-0.096616,3.1124,4.8721,0.98743,4.3321,3.2191,1.0077,1
-1.4189,3.222,1.6416,2.8086,2.8326,-2.5664,1.9824,-0.38309,1
1.053,1.6577,6.8043,-0.48477,6.0808,7.7513,2.1839,4.8831,2
2.8075,-5.0775,6.2105,0.95429,4.6782,5.0248,-2.4624,6.4729,2
1.093,-2.4767,-0.90822,-0.79014,0.90687,2.0949,5.4852,1.6378,1
-1.224,1.7715,-1.0673,0.54634,0.096744,4.9677,-3.3575,-0.6708,3
-1.2554,-0.76316,-1.6096,5.0774,0.12392,-2.1832,0.47917,0.59434,3
-0.3339,0.42399,3.1937,5.1036,3.8315,6.5262,-2.8138,7.986,2
-0.99215,-2.5369,2.7055,1.5727,2.4436,-3.3265,0.3905,-0.69421,1
2.1588,3.8293,5.2478,5.2359,2.399,8.9429,-4.1272,6.1318,2
2.2859,-0.7314,0.4768,1.8832,-1.6828,0.83579,2.9953,-1.3331,3
0.12046,0.56724,6.1323,1.1768,-0.85268,8.1922,-2.8412,0.46264,1
-1.2569,1.7225,3.702,-0.18695,0.39294,1.3363,-2.4681,0.011278,1
0.56144,-0.2447,0.22621,3.7573,-0.22658,0.53403,7.1457,1.2903,3
2.9331,1.9247,4.1707,1.8346,-1.353,-0.28593,-1.9904,0.6672,1
0.65959,-1.0913,-1.5918,-0.97807,-1.54,-1.3766,-0.57853,1.7406,1
-2.3897,5.0602,1.0588,-1.88,0.069833,2.774,-0.17423,8.5799,1
3.4038,-1.9656,4.1644,5.4876,5.8337,-9.5554,3.3466,5.1033,2
4.9151,-1.0428,2.3239,-1.4218,-0.10775,1.3546,1.6217,2.7328,1
1.6285,-1.139,4.1306,4.3019,5.6123,-6.4607,3.0177,4.7444,2
0.71356,0.49212,3.5494,1.0928,-0.6466,-0.98418,6.0869,3.0072,1
2.3956,-4.978,7.4666,-0.55005,7.6734,4.0082,-1.5461,5.8119,2
-2.7185,0.16289,-0.10041,6.0419,0.2089,-0.91898,-1.6425,0.43102,1
4.5081,3.3479,0.19537,4.2071,-0.97272,-2.1033,6.1584,-1.5693,1
2.053,3.4326,7.477,-2.2321,1.2371,8.7658,0.055805,3.7133,2
2.7828,1.1682,3.9713,6.9372,6.953,8.9761,2.9494,5.403,2
3.6559,0.91135,6.9265,2.1338,5.053,0.66326,-0.66396,7.4478,2
3.3365,-0.25964,-1.4618,1.3466,-0.56785,1.0307,1.2519,-1.3657,3
2.9423,1.9323,5.7647,-6.8417,4.753,7.3023,3.383,6.8129,2
-0.43568,-2.0537,1.2574,-0.017212,3.0288,1.206,2.1759,4.0691,3
2.9199,-2.8771,1.9506,-1.1714,-1.4404,-0.7552,2.3811,0.14318,3
0.19873,3.3434,5.302,-2.9883,6.2593,1.0194,3.3531,-0.70064,2
0.48131,-0.35547,1.9121,5.8333,0.62972,0.47405,-2.8583,1.1387,3
-1.0513,-1.0345,1.1172,-1.219,-0.063939,-2.31,-1.6649,0.58916,3
0.2022,-5.2392,4.2836,5.1946,1.6512,7.1149,4.166,7.1631,2
-1.0215,-0.70807,0.9117,-0.88695,-0.17975,-2.4377,2.52,-1.5053,1
-1.9803,1.2228,-0.73409,-1.6504,-0.71384,-0.61714,-1.9865,-0.02724,3
-2.3722,-0.40356,2.2869,0.2903,8.6291,-0.20018,2.1509,2.7501,3
-0.037749,-1.371,-0.41468,0.01637,0.29512,-4.259,-2.6686,-0.63514,1
-2.1422,0.94637,8.0417,4.6822,0.48723,-1.2256,-2.0962,0.6435,1
-2.2311,0.12449,0.26689,-1.9928,-0.088879,-3.7553,-4.0091,0.31989,1
2.8428,3.2979,5.3843,2.366,1.3161,9.7875,2.3318,7.8179,2
-0.55162,-1.4132,-1.1152,2.4837,0.64018,-2.1264,5.1589,1.3911,3
-1.3339,1.6581,-0.50704,2.2289,-0.78918,0.8137,-2.5948,-0.18881,1
4.0168,2.1686,-0.6176,2.0607,-0.88314,-2.8176,-1.4315,2.4148,3
-0.52721,2.5387,3.2348,0.43506,0.32122,-0.66458,-2.4487,1.5166,1
0.052525,-1.2121,-0.60142,1.9032,3.4144,6.1169,2.2384,0.98879,1
1.2996,2.1248,6.5157,-1.7935,4.1937,5.3299,2.5289,5.4847,2
-2.5618,1.5329,6.7323,-0.91605,6.6247,8.2886,1.643,5.0071,2
-2.6138,0.47548,1.7026,3.3844,-0.8733,7.8568,0.20528,-1.0648,1
-2.5123,1.8701,1.7882,4.9917,5.8313,0.50718,0.22368,1.0745,3
-1.822,-1.7506,0.21571,1.7631,-0.9695,-4.115,-0.4914,0.30771,1
0.55813,2.908,-1.5273,2.6786,-0.60409,-1.2476,3.5815,-1.2321,3
1.8989,-0.22984,-1.8178,0.41688,0.18576,6.9757,2.1307,-0.76919,3
0.49696,-1.1075,1.8078,4.3224,1.1301,6.5968,5.8376,-0.070117,1
0.47001,-1.776,5.8054,2.9194,-0.48447,9.8395,-2.7413,3.7438,3
5.2736,0.52994,-1.5139,-0.138,-0.14211,8.2965,0.25529,-1.9764,1
-1.8205,-1.4665,-0.49128,-1.0358,-0.85057,-2.1889,-3.4237,3.4491,3
3.1223,3.3574,2.2233,4.1566,3.4268,4.9024,4.0943,3.3848,2
5.6304,2.2439,5.0701,0.93146,-0.73665,-0.74138,1.7902,-0.40844,3
-0.23388,-0.87717,2.5535,3.5297,-0.7635,3.0539,2.255,3.2909,1
-0.43806,1.6487,0.69749,2.1458,-0.63413,-2.2035,-2.7274,3.7032,3
-1.8276,3.4703,5.8364,0.29331,7.4697,7.2476,-3.6952,5.9916,2
3.0163,0.81907,-1.6058,2.3127,4.6991,5.4605,10.526,0.31504,3
1.9029,2.1561,-0.51539,0.94667,1.2804,2.4818,2.6737,0.61615,1
-1.0454,2.69,7.2078,3.2751,1.538,0.1908,3.8067,3.8583,2
2.746,0.27929,4.286,-2.8034,5.7125,0.9691,5.1472,3.7745,2
0.42021,0.78356,1.1328,-1.0246,0.37662,-3.623,2.8839,-1.859,3
-0.45419,0.46719,1.9936,0.82674,2.0386,-1.8566,-4.6034,0.45153,1
-1.6695,2.3416,6.5376,2.3375,4.9482,9.8125,-6.6082,4.4634,2
0.94617,-0.31188,-1.9358,3.7805,5.4133,4.9964,1.2253,-1.5578,1
-1.3928,1.3495,-0.41103,-1.3654,-1.0942,0.86275,-0.23974,1.2563,1
-2.3479,-1.9823,-1.8303,1.2983,0.78322,9.46,-3.0718,-1.7035,3
-1.0585,0.40833,1.6445,1.8186,1.2816,2.5933,-2.5855,0.074182,1
0.31558,-2.8667,-0.37889,0.6076,2.8795,3.0092,2.7506,0.75471,1
1.0025,0.26227,2.3951,0.44744,5.1922,8.2882,1.4494,2.2691,2
-1.1611,-0.53797,0.15578,-1.0779,-1.7667,-3.1136,-0.98504,4.6939,3
-2.3826,-1.9414,0.70917,1.9111,-0.67163,2.2179,-0.38652,-0.25195,1
0.046692,-0.82664,1.9082,-0.38369,-0.52678,-1.463,-0.68925,1.1126,1
0.83352,-0.089632,4.5837,0.63415,-0.94678,6.4113,-3.7414,-0.7465,1
-1.5018,-0.70162,-1.7244,1.1863,1.4602,2.5378,2.8509,-0.35,1
-1.9041,-0.54243,2.3022,0.28302,-0.63436,0.47847,-1.8192,-0.60045,3
-2.6276,-2.2216,1.7851,-0.60875,3.3298,-3.8215,-3.9181,-0.22856,1
1.4913,5.7434,0.79348,1.0411,2.8243,1.4172,-2.1994,-0.011743,1
0.04531,-1.1063,1.9006,5.4042,-1.2734,3.7348,-3.7667,-0.95597,3
-2.2591,-2.1105,1.0053,0.34647,-1.4488,2.1061,0.24459,-1.3702,3
2.209,1.7689,6.0994,6.629,5.6945,-3.8302,1.8901,1.884,2
-2.4812,-0.56689,1.1885,-1.9222,2.0428,1.3237,-3.9812,1.1124,1
1.0826,4.9347,-0.62068,-0.11345,-1.2462,-4.2574,5.739,7.9759,3
-0.22748,1.9773,0.86879,-0.10856,-1.757,1.7859,-3.1382,-0.56151,3
4.14,2.1228,1.05,0.289,-0.99183,7.1896,9.4368,0.6742,1
-0.7851,0.60484,7.458,-1.3609,7.6827,7.6642,1.6171,6.6985,2
1.5909,0.9735,-0.14523,4.4573,4.2339,1.236,-1.2886,1.3148,1
1.1681,0.44174,7.2534,0.13797,5.5595,9.0971,-1.4466,5.5715,2
3.3045,0.43592,1.2184,0.94778,-0.053815,-2.4777,5.9612,3.1122,3
2.8133,1.9258,5.7681,1.7202,5.5893,1.3044,1.4824,5.1106,2
1.227,2.485,5.5982,-4.1498,5.0358,8.7818,0.52905,8.0131,2
2.5951,0.99552,4.9539,-1.9692,5.6725,9.5719,5.2663,4.2713,2
-2.347,0.12808,6.9791,2.5841,6.0833,4.014,-1.1717,5.9936,2
-2.7694,6.9422,3.0086,1.8191,4.3459,2.9872,-1.8402,-1.2256,1
1.1549,2.4538,-1.8046,0.98818,0.48018,7.1462,6.3027,7.5644,3
1.9757,3.4235,6.6114,-7.7872,3.848,3.5188,-2.9134,7.4642,2
2.7088,2.8768,5.3093,6.022,5.534,-2.215,3.9413,6.9505,2
-0.11442,-1.2444,-1.1848,0.21034,1.2544,-2.7631,-4.0451,-1.5941,3
1.8828,1.3262,5.3882,1.4026,7.1786,4.1307,-0.72526,7.1377,2
0.67723,-0.16961,5.0654,-1.8168,0.27632,-0.69019,-4.0994,-1.5462,3
1.5899,3.6031,6.983,5.9518,5.0325,3.704,1.5136,5.5739,2
1.3963,3.4838,5.4742,-8.8065,2.423,4.3862,0.91651,6.565,2
-2.1989,-0.82098,-0.35203,0.96873,2.5027,0.50929,0.7586,1.2072,1
-2.7412,2.2864,5.3132,3.2125,4.6853,1.2611,-3.3485,7.6801,2
0.65905,1.6298,-0.837,5.6706,7.1947,6.9561,-4.4477,6.4214,2
1.1315,1.9717,-0.57409,0.75431,3.1939,5.1299,-0.90302,-1.1304,3
0.60823,0.59247,0.9803,4.2344,1.6261,6.4326,-3.0822,-1.3484,1
2.4698,1.4877,4.8548,2.1161,2.2518,6.069,1.4746,4.5062,2
-2.6031,-0.022483,-0.15771,1.6133,-0.5923,11.177,5.9465,1.7007,3
-2.484,1.9759,3.6587,0.022479,2.1968,5.0965,7.194,-1.1213,3
1.3449,0.1688,1.9882,2.478,-1.4718,-4.6554,0.52959,-0.83176,3
1.0667,-1.9932,0.41734,0.88811,2.9612,5.982,-0.40434,4.4382,1
1.6401,1.0153,6.8576,3.5595,5.9247,-0.13895,-5.5241,7.1091,2
-1.7378,-0.2806,0.63788,-0.92628,1.998,8.7977,-1.5627,0.39081,1
0.093517,-1.9759,1.1762,4.5381,-1.8624,-2.7484,5.0598,1.09,1
-1.6631,0.45465,-1.3199,-0.59842,-1.1749,0.62795,-3.2495,4.1449,3
-2.7809,-1.816,2.3896,4.4112,-0.43935,-4.2927,7.5118,-1.627,1
-2.2928,-1.3323,-1.6767,2.8357,-1.4483,4.8666,-0.77212,-0.65885,3
1.1156,0.37988,1.8783,1.5204,-0.11749,5.4875,12.073,-1.4432,1
-1.6055,-2.2148,6.6158,2.6301,4.4388,-3.2459,6.5335,1.0925,1
2.6561,-1.3322,0.54324,2.0342,-0.9809,-0.16101,-4.7176,-1.3607,3
0.36977,-2.0501,7.4211,6.5864,7.1059,-0.6445,0.94488,1.0996,2
3.0515,0.61846,3.3778,-1.0064,4.132,-0.43266,0.38994,2.4819,3
2.0583,3.7963,3.267,-2.0757,2.048,4.5837,4.1582,6.3014,2
1.8049,0.76225,5.9548,-0.082991,2.231,6.6694,-1.3857,4.6035,2
0.9231,2.1426,6.9885,-0.75299,-1.2067,-3.883,5.4739,-0.45117,1
1.1611,1.6589,-0.62362,1.8274,-0.44068,-2.4196,-2.722,1.4799,1
-3.6973,-0.90744,6.0854,3.3644,2.3031,6.5998,3.9188,7.3535,2
0.18301,2.2674,0.022026,3.5262,0.18993,10.288,9.4918,-0.95193,1
-0.066461,-2.5837,5.276,-0.66607,0.16265,0.63915,5.3457,0.38744,3
3.0085,-1.3679,5.3911,2.4749,2.8239,5.6849,4.5346,5.6508,2
-0.35737,5.6822,-0.84692,-0.79705,1.6752,-2.9901,-1.3378,0.29163,3
-1.156,0.45336,0.42161,2.8282,1.0182,3.2486,-0.12827,0.38572,1
1.1586,-1.418,-0.28635,0.50188,-1.1351,1.2325,1.7387,0.45833,1
0.39953,3.6464,1.5919,0.61715,5.3194,-2.545,4.2447,4.1977,1
-1.8571,-0.52156,1.8832,0.9212,1.2417,1.5457,0.74247,-1.3384,3
-1.3024,0.49903,4.9927,1.0827,2.4387,4.3997,-1.711,2.476,2
2.0597,-2.4753,1.6858,1.3753,-0.33862,7.9657,1.7071,4.2732,2
-1.0739,-0.47489,5.4586,-1.1572,7.3319,6.2782,-5.311,7.2841,2
-0.77624,-1.111,-0.005106,7.0716,-0.83651,-0.38647,-3.5439,0.49737,3
-0.22831,3.4925,0.19362,-1.4183,4.047,1.5136,6.9085,0.2413,3
1.7945,1.1262,1.6157,1.047,1.469,-3.8822,14.185,0.2538,1
1.342,-0.66962,-0.26565,0.59595,-1.0038,-4.2115,0.89005,-0.81162,1
0.45631,-0.13883,6.6554,1.3627,5.7947,9.1969,4.4243,1.8408,2
-0.51347,0.8677,-1.7552,-0.3095,2.961,4.1752,-3.1779,0.64882,3
3.0553,1.5608,3.2379,-0.49756,-0.71618,-2.0233,12.514,0.7431,1
-1.439,-0.90286,6.4826,-0.85689,-0.59946,-3.4283,2.8927,-0.4696,3
-1.4327,-1.9546,-0.58252,2.3489,0.78239,5.227,-4.0308,-0.74216,3
0.55042,-3.1138,3.9005,-3.0357,7.63,7.8755,2.0769,5.4997,2
-0.85569,0.478,-0.33905,-0.63475,1.3587,-3.4546,9.5264,-0.71974,3
-4.4977,3.0847,6.668,5.0405,5.0769,4.3954,3.5783,4.8354,2
3.3847,2.4642,6.625,6.1246,6.9224,3.6222,2.7145,2.2392,2
-0.69484,3.9023,1.3615,-1.5114,1.7787,-1.3806,-2.8953,1.6387,1
-1.9652,-1.6426,-0.49091,0.46583,-0.73354,3.2518,-2.5836,0.90497,1
3.0463,2.3855,7.714,4.5349,1.3199,6.3646,-4.6006,3.4996,2
-0.66814,-2.0927,-2.0231,0.83835,-0.78382,-2.0917,-1.4048,1.339,1
5.9609,-0.084249,-0.83357,2.5469,0.65744,-0.45629,-4.0854,0.079982,1
-0.38735,-2.5989,3.2571,0.42294,-1.6955,-1.8023,3.4782,-0.7113,1
-1.3954,1.7688,-0.5583,1.5396,-1.5591,6.4292,8.4669,1.8162,3
1.1132,1.7849,6.7777,-2.0993,3.3697,6.2915,-1.4784,4.0438,2
0.82848,3.0527,3.4869,1.903,4.0454,3.2254,-0.16975,5.177,2
-0.42026,-4.5998,4.2379,-0.61696,7.2648,-4.2487,2.0168,7.4025,2
-0.80337,3.301,1.5613,2.5728,-1.2716,-4.7236,-0.98555,2.379,3
2.2034,-2.4549,0.61542,-0.89289,1.7219,3.858,-3.5786,-1.4992,3
1.349,0.95133,-0.62686,0.46677,1.0371,-0.49773,5.4914,1.552,3
-0.39841,3.324,-0.87139,-1.5342,-1.0083,0.41848,3.6994,0.15322,1
0.92831,1.98,6.5601,-1.1987,4.7482,7.3148,-7.634,7.1521,2
-0.104,2.2008,5.5814,-5.1943,4.6027,6.2966,2.3032,4.1584,2
0.17545,3.0346,-1.542,-0.99765,0.23962,-1.0949,-0.58842,-0.81031,3
-2.6622,2.6805,1.8645,1.1305,-1.676,-3.0387,-3.4686,-0.77695,1
1.5909,0.9735,-0.14523,4.4573,4.2339,1.236,-1.2886,1.3148,3
0.14812,0.38739,6.6762,5.2393,7.3417,1.9097,3.2596,6.1524,2
1.7096,1.0949,0.94467,2.8912,-0.47496,7.8469,-1.3901,0.11725,1
-1.3137,-0.77484,1.1172,-1.5516,-0.1059,3.0555,4.7258,3.6917,1
-2.2552,-2.004,-1.0173,4.6523,0.79358,13.975,-2.5363,3.0227,1
-0.85508,6.1061,2.6435,-0.39793,1.1473,-3.6223,9.6651,2.4144,1
-0.88472,0.8999,7.7191,2.4348,6.2649,4.3107,1.2305,7.2782,2
-0.15342,-1.3679,3.2789,-3.8884,0.093873,4.9454,0.32817,5.9493,2
0.29623,1.8205,5.7755,-2.2192,3.0505,3.9817,-1.7688,6.8761,2
2.8102,-0.14841,-1.5255,0.28699,4.5349,0.6852,3.5315,-0.12374,3
-0.8625,1.4664,-1.3136,-0.53295,3.6366,8.4414,6.4009,0.5952,1
-0.46793,-0.068648,6.806,-3.6219,7.571,3.8435,2.505,5.1035,2
-1.3231,3.3642,5.6862,1.1545,4.9022,-0.51856,-9.1637,1.3745,2
-2.4186,0.49666,0.9824,1.9975,-1.6807,7.5398,5.8192,4.2721,1
0.70066,-0.2721,-0.76556,0.3353,-0.99402,0.52988,0.44153,2.3419,1
-0.088892,-0.093515,0.1908,0.48161,0.1872,3.7708,-1.6203,1.2091,3
-0.91953,-0.53375,2.0967,0.005154,1.1899,-3.5806,-2.2473,-1.0406,3
2.6995,-1.4733,-0.36235,-1.27,0.57751,1.9871,2.2539,5.6844,1
-2.6022,-0.38635,-1.3503,2.6105,-0.15807,-2.7349,0.42642,-0.22942,1
-0.30507,2.7042,6.2987,-3.9107,6.3622,6.9284,2.3545,5.9549,2
2.6609,0.52217,7.4401,4.6027,3.4026,8.3804,4.4049,0.85446,2
-1.029,-1.4331,6.8041,-1.0167,-0.004024,-3.2501,4.4257,4.2315,3
-1.3214,-2.6289,0.22348,-0.68099,-0.37118,-3.4583,3.3845,3.8184,1
-2.1628,-0.16182,5.5605,2.323,1.3086,-0.64097,1.8387,1.4003,1
-0.28016,2.4857,0.64326,0.072921,0.83305,7.2891,0.4692,6.2293,1
-0.45918,0.47831,-1.8283,-1.5298,1.7319,7.6369,-3.0241,3.6514,1
3.5157,-0.43668,1.3065,1.6917,6.7568,2.6543,3.8877,4.4063,2
-1.0802,1.7842,1.8165,0.9549,0.8523,10.919,1.8665,0.61429,1
5.3536,-0.092703,-0.11628,5.2538,0.92669,-3.8749,-2.1656,0.34589,3
2.8841,-0.24577,-0.32779,-1.0909,1.4094,-2.3457,2.4147,0.42223,3
3.1526,-0.48401,7.0234,2.4701,4.4452,4.9053,1.8551,7.0872,2
0.080499,6.5782,-1.5279,-0.010299,-1.3946,-1.6876,-0.84236,2.9091,1
1.7675,0.47161,4.1288,1.6809,6.7086,7.2631,-0.36504,4.6263,2
-0.87954,0.4787,3.6154,0.23129,0.69526,0.55759,8.9512,0.67528,1
3.1847,0.67751,6.4898,1.9551,5.4517,9.1196,3.6542,4.0624,2
-0.77786,-1.4621,0.57533,-1.2378,-0.61051,-3.8864,4.2042,1.6411,3
-2.1319,-2.7781,1.9717,2.068,-0.025249,-3.8093,-0.53432,0.7309,3
2.7654,-1.854,1.9202,0.72288,-0.30783,5.8468,8.8733,-0.21238,1
3.1519,3.0481,3.4499,2.199,3.3381,9.4953,1.7874,6.979,2
5.9609,-0.084249,-0.83357,2.5469,0.65744,-0.45629,-4.0854,0.079982,3
1.6876,-0.98515,6.8132,1.4745,3.5417,6.8276,-0.65527,6.5814,2
3.0879,0.63153,5.0331,6.1357,6.2612,7.3815,-0.21843,2.5154,2
-2.0302,-0.033602,-1.396,-1.984,0.82641,3.9303,0.3353,-0.47197,3
-1.2212,1.0745,1.2634,1.7617,5.5659,2.1228,-3.773,-0.58328,1
1.7999,3.1942,7.3229,5.9799,6.8588,-1.2585,2.109,0.73155,2
-0.33828,1.4078,-0.44938,-0.093148,3.6835,-2.9888,0.22455,2.2208,1
2.8285,2.6382,6.2699,6.2132,7.2169,7.3661,-1.2207,4.918,2
2.0012,3.3687,6.1119,-5.0121,4.9096,8.1808,3.6739,5.0481,2
2.7133,-1.9848,0.19914,1.9515,-1.2726,-4.536,-1.9101,-1.0583,1
-2.9078,0.84948,2.5212,-0.9313,0.94619,4.4022,10.287,-0.36017,1
2.6747,-1.8785,0.20639,-1.5652,1.8486,14.193,1.2772,-0.2283,3
-0.34751,-0.13375,4.3222,0.094149,2.4081,-3.4283,-2.4089,-0.099596,3
-1.6812,1.0909,1.3851,1.3209,1.2019,4.1842,0.88673,2.1004,3
1.9145,3.7663,5.4574,-3.8548,5.3898,-3.4661,1.9834,4.2293,2
1.8567,0.98005,5.0249,-0.9603,3.1357,3.8945,-0.78503,3.0715,1
-1.9775,1.2116,2.1494,0.89668,-0.93067,-1.9817,0.9216,0.037232,1
3.5586,1.0715,6.8752,0.47273,7.0601,7.4718,-1.1296,1.5941,2
0.73911,-0.83323,-0.236,1.9678,-0.59053,1.082,-1.7982,1.8921,3
-2.3399,1.9897,3.9481,-1.3634,0.1948,-0.70533,4.7773,3.5461,1
1.8973,1.5997,4.3415,0.82909,4.2752,3.3237,4.8698,6.3387,2
-2.4994,4.8456,2.0722,-0.9489,-0.83652,-0.90703,-0.74733,0.9944,3
2.3953,1.3596,-1.0456,4.3837,0.64479,-1.9866,-2.9388,4.2497,3
-2.1307,-2.2453,1.4596,-1.0476,-1.7085,16.015,7.5021,0.5806,1
4.4403,0.50332,1.7253,2.795,-1.4259,2.4772,-4.0443,0.10853,3
2.2734,2.0269,5.1121,-10.831,3.6551,6.9438,-0.14565,5.6218,2
-1.9543,-1.7264,-0.50585,1.4131,-0.14235,-4.2302,0.36157,2.6103,1
-2.6379,2.0898,-0.46169,5.9869,-1.2207,-1.5153,-3.5761,-0.16929,1
1.1754,1.3047,-0.95426,1.0748,-0.74426,0.24435,3.5733,-0.65187,3
2.4421,0.576,2.2655,3.0336,5.7013,6.5344,2.7741,5.2237,2
-0.43929,0.95337,5.7758,5.3903,5.9039,3.7287,1.4265,6.7583,2
-2.4253,2.3551,1.5315,0.30608,-1.1168,2.6951,12.664,-0.67248,1
3.2453,2.0872,5.3148,4.5066,6.3783,1.27,4.2155,0.74268,2
0.59545,-0.30099,-0.05838,0.17315,0.028767,-1.9536,6.6552,0.49023,1
5.1479,-1.4926,1.9057,0.10376,4.2136,4.1828,5.491,2.2121,3
-1.6281,1.6634,5.9551,2.5402,7.601,8.4664,2.0502,5.7307,2
-1.928,-1.3477,2.8261,-1.6683,5.4841,4.321,-4.6582,-1.0465,1
2.2221,0.76144,6.9353,1.7819,4.9851,9.5957,0.15526,5.0678,2
-2.847,0.002047,0.88382,3.1105,2.9052,5.2123,4.6118,0.1277,1
2.8846,-1.0951,3.8733,-4.3341,5.6962,5.4143,0.7188,3.991,2
-2.2132,-0.38216,-0.40583,0.52153,-0.62506,12.476,5.5155,1.9506,3
4.1393,-2.1723,-0.37267,-1.477,-0.12292,4.4406,4.1794,0.77897,3
3.5575,-0.8498,-1.5354,2.7124,7.3388,-1.0435,-4.2204,-0.97762,1
-1.34,2.4326,3.2232,1.1943,0.066154,1.4735,-0.48457,3.0283,3
-0.43168,0.44876,6.7273,-7.28,6.7875,-4.0954,0.064484,4.475,2
3.7201,2.062,5.1504,3.5277,6.5869,5.2238,-2.0039,4.9277,2
-1.6855,-1.878,3.6966,-0.74215,5.0682,7.8019,12.248,3.4781,3
5.6912,1.0718,7.8784,-1.8251,-0.046218,-5.021,0.27484,-1.681,3
-1.0161,0.016981,-1.7659,2.0619,0.32338,-0.7502,-0.37409,2.6774,1
-0.23946,1.6855,0.37907,6.8084,1.7297,0.6934,1.4181,-0.69923,1
-0.33201,-0.4355,-0.72141,2.6401,4.2428,3.7384,-0.66966,0.71716,1
0.53153,0.52572,-1.7095,3.488,-0.55911,-3.682,-3.7624,1.8515,1
-1.4435,2.3063,-0.92094,1.7407,-1.0749,2.4218,-3.6352,0.046919,3
-1.8071,-1.8309,2.5238,5.9619,-0.40951,-0.35682,4.3579,-1.3525,1
2.8078,-1.8106,5.3376,5.0172,-1.0766,8.1292,2.5927,4.3392,1
0.64807,1.5263,0.23729,-1.1877,2.0129,8.6268,1.5721,1.1322,1
-1.0941,3.2264,1.3991,0.8488,1.3461,-3.1996,0.99611,2.6931,1
-2.1022,0.99796,1.3933,-1.4913,-1.8608,11.232,-4.4999,-0.71088,3
-2.7634,-0.054804,1.2954,0.088386,-0.34379,5.5195,5.3529,1.942,3
0.39328,1.1458,1.8658,0.18341,0.36074,5.0118,-0.26538,6.7836,1
-0.41377,3.299,7.7298,5.1096,2.4651,5.2274,4.8038,6.2128,2
-2.8376,-0.38184,-0.4044,-0.13136,0.75886,2.8402,3.6851,-1.7372,1
0.78785,1.7528,-0.27553,5.7021,-1.4007,-1.4583,14.742,3.4604,3
-1.8451,-0.062458,0.048054,3.6786,0.86019,13.716,-3.9064,0.19595,3
5.3328,0.99341,4.3521,2.0058,0.63612,7.4625,1.4223,0.58271,3
-3.8438,0.013043,3.8961,1.9214,3.348,6.2825,1.6744,5.8115,2
1.1539,-0.11031,1.4911,0.32405,2.0673,-2.3011,10.159,1.0298,1
-0.029363,-0.70624,1.7109,-0.030926,-1.5247,4.5264,-1.9928,-1.106,1
-1.1636,3.737,6.2423,2.8604,3.8366,9.9023,4.428,6.908,2
-2.7045,0.39187,5.8965,-1.0119,-1.9377,-2.1312,8.2556,3.4805,3
0.90288,0.48128,1.89,1.1493,-0.45693,-2.3994,-1.495,1.5203,1
0.27514,1.9313,2.4382,0.79146,0.38484,4.1634,-2.3234,-0.74242,3
-1.4447,1.438,1.6103,4.3804,5.7207,9.7092,2.4074,3.6883,2
-0.18555,0.023257,0.92152,-1.4443,3.1929,-2.0845,-4.059,0.21225,3
1.5272,-1.8164,-1.4438,2.6658,-1.1147,9.4916,4.6572,0.10574,3
-0.40862,-2.3094,-0.5376,7.2305,5.3238,-0.55218,-0.28166,-0.62443,1
-1.2502,2.668,0.07301,2.0224,-1.678,-0.37509,-0.11125,3.7311,3
-1.6644,-1.6588,3.9215,-0.018091,4.5892,-0.81067,4.0526,-0.76657,1
0.12621,-2.7371,2.1185,2.3475,7.2218,1.0821,0.31837,6.0642,2
0.54552,2.7199,-0.10052,-1.2868,2.5163,-0.47379,8.7986,3.5543,3
0.14199,2.5791,-0.32181,4.2728,2.138,3.2334,0.022682,2.2865,3
-1.5173,6.6319,3.3382,0.22205,0.025433,7.6755,1.6228,3.1324,1
1.0168,2.3762,1.5327,3.4814,0.51438,0.8453,7.2042,0.20468,1
2.0219,3.7381,7.7914,-2.6984,1.7943,10.72,4.4919,6.3409,2
-1.7253,-1.1802,4.7657,-1.5635,-0.6141,7.1364,-1.3486,-0.56467,1
1.5703,-1.0709,1.199,0.13495,2.6442,1.7616,7.5949,5.4635,1
1.385,0.51591,-0.37182,0.6713,2.3471,10.844,-1.4839,0.18147,3
-1.2357,-2.0355,-0.010215,1.8937,-1.5873,3.5518,6.1402,1.0185,3
0.3246,3.5628,6.4242,4.404,6.9984,7.1552,-3.5688,3.7158,2
2.3361,-1.4135,2.8226,4.9222,0.32212,4.7602,-2.1402,-1.8153,1
1.5076,-0.10177,-0.12808,2.378,-0.1177,-0.25903,-0.72592,5.2441,3
2.2682,3.1007,6.94,-3.6571,5.5238,5.3825,4.3602,3.9898,2
-0.37723,0.90018,-1.603,-0.17035,-0.83336,4.2638,1.5897,4.9128,3
2.5325,0.60319,6.4692,-4.9899,4.9255,10.183,4.7494,7.931,2
1.2344,0.28421,0.89243,3.3711,3.2694,0.89037,-3.0476,-0.73498,3
-1.364,-0.28377,0.4478,0.78905,3.179,-0.77367,2.4365,-1.5315,3
0.70452,-0.98256,1.5945,3.7235,1.2916,7.4466,-0.81283,0.4108,1
2.4558,1.113,7.3234,2.5571,4.418,1.7558,1.2345,5.1136,2
1.8545,-1.7792,1.9523,0.48443,0.47513,-2.7971,4.0761,-0.75718,1
4.3342,1.7787,-0.16955,-1.3112,2.8761,4.6999,-3.7003,-0.37232,1
3.4638,2.7921,5.799,5.9429,7.011,0.096689,-2.3237,4.9172,2
-4.2411,0.0534,7.8621,-7.0661,3.8197,-0.64201,3.3685,6.1932,2
-1.3425,2.7635,7.1909,-0.084706,0.011196,12.043,14.14,-1.4511,3
-1.0378,-1.015,-0.86419,0.35671,-0.81176,0.36795,3.0069,-0.09594,1
0.56344,1.7111,6.7486,2.3793,6.1278,7.6243,2.5695,5.9978,2
0.029014,-0.81905,1.3275,-0.012298,1.0168,6.6468,-1.7397,0.96071,3
1.578,1.3176,3.4934,1.3225,6.8951,2.9536,2.2849,5.0161,2
2.706,0.50009,0.027304,0.34393,2.6614,6.5692,6.8129,6.1895,3
-0.98166,-2.0821,-1.5297,0.61547,1.6746,2.1285,-4.5509,0.88048,1
-2.5751,2.0166,5.568,1.4518,-1.0683,10.082,3.5391,0.31745,3
-4.7811,-0.1748,5.5817,5.7317,7.1123,6.8357,0.10006,7.852,2
-0.66874,-2.1791,-1.1277,2.608,5.8234,-2.6392,14.817,-1.6545,1
-0.1973,-1.1465,1.5664,-0.071716,-0.65278,6.0688,-3.3855,1.2881,3
-1.2922,-1.8492,2.732,1.0276,-0.57555,-2.0487,1.3607,5.2967,1
2.3883,-2.4429,2.6149,-0.28578,-1.3147,6.8164,19.297,2.43,3
0.044585,1.7593,-1.0327,0.79414,5.7212,-1.9653,-0.077133,-0.42978,1
3.651,-1.7447,-0.31674,-1.5263,3.033,-1.3657,-3.7687,4.4581,1
-0.69339,-1.2,0.18916,1.282,1.8557,-1.2389,0.52056,0.002039,3
-0.026198,-2.6205,-0.36882,-0.60683,1.3384,-1.6965,6.6173,0.82938,3
0.069318,1.885,-0.86609,2.6127,-1.1759,1.7571,-0.81623,-0.028201,1
2.5769,-1.6352,-0.6658,2.0334,-1.1259,7.518,-3.0227,0.78531,3
1.2718,1.2981,6.473,-2.7218,6.787,0.52693,4.5813,1.8364,2
-3.95,3.2152,5.9528,3.9276,6.3262,9.7468,0.013404,0.4301,2
4.3048,-0.26393,-0.63381,0.65226,-0.58767,-2.6701,-0.56888,0.054891,1
0.64624,1.9921,0.98633,1.5308,3.684,-1.756,2.0355,1.2217,3
-1.5564,-0.2849,-0.71004,0.2655,3.688,0.64271,9.4041,1.6431,1
3.9494,-2.4032,2.4772,4.8695,5.2293,3.0482,1.5041,5.1171,2
-2.6375,-1.3549,1.0191,-1.5684,2.38,-1.7777,-0.4364,0.62188,3
0.79922,-2.2743,4.6195,2.0148,2.7806,5.2752,1.5484,5.7638,2
-2.0168,-1.2625,4.378,2.6778,1.0188,-1.573,4.7626,2.7211,3
3.621,2.8401,1.6721,0.077818,2.8255,7.5292,0.99238,5.7973,2
-2.2122,2.6617,0.71253,1.2186,1.3139,-1.1172,0.60419,0.18579,3
-0.49678,-0.61583,-0.95892,-0.79171,-1.9584,-2.5084,0.24663,-0.893,3
3.2466,2.2344,0.44721,0.73323,1.4457,-1.8428,-2.3963,4.645,3
-0.72142,3.5124,5.5091,0.20473,5.6514,-3.2139,0.42779,6.1005,2
-1.5963,-1.281,3.3423,3.0834,2.3439,6.3694,-4.4267,0.98698,3
-0.19412,2.0712,5.5144,-6.2333,3.3097,7.1229,-0.57436,6.3649,2
2.7942,-2.4629,3.9931,0.50884,-1.2453,6.8783,0.95947,-0.64108,3
0.50811,2.4099,1.8107,0.93574,2.5957,-2.0451,-1.6281,0.19318,3
3.4282,-1.7025,5.9956,-0.12533,-0.76296,1.7926,-3.8569,3.6646,3
0.97427,-2.1222,0.77832,6.12,1.545,-3.8023,3.4119,-1.0753,3
0.81819,2.8322,5.6971,-3.5151,3.9372,7.5197,2.4615,4.7639,2
2.1803,-3.9577,4.222,0.25974,5.3238,8.7147,3.9287,3.2497,2
2.7779,-1.1427,7.7198,2.2246,5.2322,5.3551,-6.8786,4.5189,2
1.3711,-3.2094,3.7619,4.8201,6.8968,2.639,0.38782,1.4777,2
1.8478,0.75957,7.0729,0.73131,6.1001,3.7622,2.7428,6.7606,2
-0.84895,1.1955,0.31634,-0.12597,-0.071979,-0.48028,0.55727,6.6136,1
1.1066,1.5661,-0.20143,1.805,-0.28945,1.139,0.042403,-0.4206,3
1.6008,2.3078,1.4743,0.45846,6.1189,6.3817,-3.1981,7.1701,2
3.5246,0.21145,6.5896,-1.2503,6.1248,10.157,-0.99838,6.3325,2
-2.2148,3.8774,2.1184,-0.8776,1.5649,-2.7092,6.4912,0.99517,1
2.0782,-0.93717,4.5444,3.5237,5.0954,5.6985,3.0299,6.6459,2
-2.8234,-1.7768,0.20866,3.831,-1.0959,-1.2138,-1.6585,-1.1234,1
1.6696,-1.622,3.8616,-1.0256,-0.77988,0.41799,-1.22,0.6756,3
-1.5054,2.2013,-0.61057,0.50181,-0.32299,3.7587,9.0067,1.9355,1
0.87915,-0.95326,-0.57679,-0.83183,2.0481,-1.2781,-3.5858,0.30945,1
0.11975,-0.16359,4.9107,-1.1775,-1.8722,2.6405,8.7809,2.3064,1
-2.6766,4.6963,1.2839,1.3973,1.8351,1.0852,0.080261,-0.3799,3
4.379,-2.3784,0.65732,0.73138,2.2012,-4.1139,5.132,1.975,3
-2.0728,1.6822,4.0474,1.3735,3.5165,10.6,3.0382,3.7111,2
0.68288,0.010123,1.2149,-3.1161,1.1555,-1.3796,3.3365,3.3931,2
-2.8474,4.8469,-1.1924,0.25505,-0.78813,-0.99029,-1.3305,1.9115,1
0.85815,-1.1323,2.9003,5.034,-1.3493,-1.3507,-1.6486,0.1956,3
2.7785,1.9392,6.2008,4.2135,6.7746,-4.8876,0.997,3.8125,2
3.5834,2.6919,5.3716,3.3472,5.1074,3.7433,2.6765,7.8406,2
-0.48208,2.0623,4.8006,2.5091,0.10928,-3.1472,5.4825,-0.37097,1
-4.3335,3.6403,5.459,2.2714,6.4993,7.8623,0.89101,1.9115,2
3.42,0.93129,7.444,3.8462,7.0538,7.0426,1.0209,2.4535,2
2.6661,1.8993,5.8851,5.8013,5.4266,6.0016,-2.6965,6.2019,2
-2.7853,3.5518,0.080241,-1.3502,2.2414,-1.3333,-4.171,0.90608,1
3.1133,3.318,1.4232,4.4967,5.8511,-0.83336,-5.1597,6.9196,2
2.5479,-2.5938,4.3843,2.7844,-0.089439,3.5531,-1.8604,-1.254,3
1.0195,-2.0617,-1.6767,3.1067,4.4236,1.4374,-1.2242,3.7198,3
-1.9762,1.1993,2.1511,-1.6931,4.534,2.4331,4.1614,6.9004,2
-0.81725,-1.0864,-0.42299,-0.96119,0.61547,3.8355,-4.353,-0.81573,1
-0.54639,1.962,0.14033,3.9642,4.5771,2.1232,2.5652,1.0614,3
2.5911,0.86078,7.504,4.7715,-0.55076,6.5919,-0.84081,0.95907,2
-2.1894,-1.0861,-0.82375,0.38824,-1.3815,-0.099488,9.0171,0.75493,3
1.3565,-1.099,1.344,2.1444,2.3957,0.002273,-0.55845,-1.6879,3
0.67533,0.75217,6.6429,-6.9363,6.5436,1.4856,-2.0595,6.9824,2
-1.9099,-0.36256,4.0112,-1.1387,0.77622,-3.8327,-0.85313,2.1101,3
3.1302,1.4909,7.0523,4.8199,7.0911,10.452,-2.8303,6.5474,2
3.3398,1.729,6.0679,-5.817,4.7985,8.4277,0.40067,7.0376,2
1.0221,0.48415,6.1491,4.9846,7.1806,7.1198,0.91354,6.9917,2
0.77914,-1.2335,-1.4083,0.13145,1.853,11.134,6.597,1.0975,3
1.5118,5.6017,1.1683,3.4374,-0.17358,4.6201,0.38137,1.9244,1
-2.0575,-1.4568,-0.6702,1.3433,-0.34717,-4.1527,0.34872,1.3622,3
1.5715,-0.75731,2.1515,-0.4192,4.1717,2.9985,0.8513,-0.73021,3
1.3959,1.8129,4.6153,-3.667,5.2896,3.406,2.2838,7.7969,2
3.3664,-0.62224,2.2431,1.2583,0.83377,-1.4434,-1.2904,0.61188,3
0.35255,-2.6136,-0.27336,-0.88065,3.4264,-0.84131,-1.1606,1.4565,3
2.437,1.2937,-0.69467,3.5681,0.1407,2.7913,8.1018,2.7339,1
-1.2504,-1.9666,-1.6804,-0.93198,5.375,3.3005,-4.7178,2.9931,1
3.3302,-1.3103,-0.43843,7.1644,1.5501,4.3676,-2.9182,0.30131,3
0.55538,0.02186,0.18543,-0.17041,1.4851,-1.3604,1.7281,-1.9109,1
-0.28567,-1.044,7.3436,-1.7061,1.6495,3.7431,0.58354,5.4327,2
-0.81566,0.12836,-1.0156,1.7538,0.37281,-0.15186,11.887,0.80104,1
1.9015,-0.84672,-0.43251,1.8859,2.964,7.4635,-2.1567,3.4867,1
-1.0999,-1.3582,1.7824,1.0378,5.5712,2.9336,-2.8334,0.16294,3
-0.82756,-2.5528,-0.36087,-0.31041,0.16236,-3.5873,7.008,1.215,1
-2.2219,-0.88586,0.59139,0.53306,3.0507,5.8786,-1.9398,-1.0227,1
2.4256,1.3722,7.8818,5.3248,5.1288,-8.499,3.8363,5.4638,2
-2.7274,-0.15029,1.308,0.55211,3.7052,-2.1342,-0.98983,0.30265,3
0.73259,3.8396,7.1795,-5.7982,2.5873,9.7052,0.15411,3.9019,2
-0.50479,-0.42321,0.29068,3.4739,1.8004,8.8146,-2.2647,1.5279,1
0.0909,-0.374,-1.3072,1.4153,2.8917,2.0593,6.7411,-1.0792,1
-1.4444,2.9207,6.2004,-0.061004,1.5141,-1.8401,5.2802,2.1639,3
2.7698,-1.6756,1.4522,-0.057973,1.7237,-3.0758,-0.86162,2.8109,3
-1.0757,-2.6342,0.056716,-0.38947,1.9905,-3.8521,-4.0319,0.32251,1
1.5901,0.62348,3.3315,2.034,6.2742,9.1489,1.5907,2.38,2
-0.68378,2.4347,1.7346,0.54477,6.9119,8.6888,3.87,7.3469,2
2.4195,1.659,5.113,4.7664,6.1829,7.5349,1.2236,6.0528,2
1.1856,3.1476,6.3771,2.9342,4.0655,8.4655,2.0268,5.3548,2
1.5283,3.7804,-0.26662,2.6002,-0.20004,-2.5054,1.1608,-0.69602,3
-0.44878,-0.30998,2.5605,2.8943,7.6231,-2.6106,-2.0763,1.4934,1
1.458,-0.51449,0.53668,0.53921,-0.073882,5.2548,-1.5761,0.043984,1
-0.49769,-0.94201,-1.3512,0.25394,-0.87472,10.962,-1.8078,-1.2127,1
2.6639,1.7361,3.3532,4.5639,5.4459,8.6091,0.33607,4.1256,2
2.6405,-1.7025,1.7792,-1.3949,-0.78819,-3.6363,-0.58541,0.075342,3
-0.5019,-1.154,6.4356,-1.2196,1.7009,1.8473,7.3819,0.51937,3
3.6238,2.4615,5.6513,5.2915,5.4878,2.7402,1.5516,3.83,2
1.506,-2.2507,1.7486,1.2477,3.8675,7.5298,-6.5051,6.2888,2
1.1653,3.5363,5.7838,-6.7252,5.2173,1.7412,1.3647,1.181,2
-1.2516,0.47286,-0.793,0.74872,0.23553,6.9218,1.9579,-1.5962,1
-2.2635,-0.58768,3.5785,4.3741,3.7083,6.1158,-0.11782,0.68181,3
-2.0324,-0.23064,-1.5018,2.2869,0.56939,-2.9514,-4.0666,-1.8358,3
-0.86373,0.237,0.69941,-1.8451,-0.55991,-4.9489,2.9083,0.33006,1
2.5929,1.5845,3.0369,1.2845,3.2704,0.35452,4.478,7.6018,2
-2.179,0.69371,2.1123,-0.086264,2.6623,2.0474,3.5883,2.2456,1
4.2783,2.711,2.1644,-1.5334,0.19546,0.030533,1.3051,-1.1622,3
-2.449,1.111,0.89465,1.1756,-0.258,3.3042,-2.6692,3.808,1
5.7129,-1.4015,1.6232,1.9,3.049,0.2256,9.3534,0.23618,3
3.8747,2.4761,-0.23538,2.4283,-0.3461,-0.067174,-2.3818,-1.6399,1
-1.7378,-0.2806,0.63788,-0.92628,1.998,8.7977,-1.5627,0.39081,3
2.6816,-0.072586,1.7475,-0.33804,-0.95424,2.1565,-4.1086,0.93945,3
-1.6473,2.9418,5.4129,4.8314,5.4475,4.5886,2.4805,6.4179,2
-0.10413,-2.0614,0.57467,-1.4664,-0.19038,-1.2914,-3.3879,-0.42712,1
2.1479,-1.601,6.8411,1.7422,5.1638,5.9629,3.7238,4.1197,2
1.7092,3.7276,5.0604,-4.8832,7.2722,2.2058,4.1425,6.479,2
2.6935,-0.4127,6.9757,3.2916,5.0614,-4.5089,2.4424,5.252,2
3.003,-1.1409,7.3749,4.1204,2.5692,8.0529,4.0783,6.0771,2
0.11268,-1.8619,-0.35751,-1.3455,2.2715,-1.7121,8.3035,4.9191,3
2.3822,2.6721,3.8087,3.4818,0.74388,-3.6546,-2.1952,1.0091,1
2.5628,2.4821,0.95632,7.377,4.1096,-4.6375,-3.1977,2.5235,3
0.86229,-2.2651,1.2036,-1.6694,3.8329,12.126,2.1208,1.9542,1
0.48124,-0.039029,1.9542,0.70752,-0.89784,-3.6231,-3.3365,1.3006,1
-1.6337,2.8602,7.9864,-0.68961,6.0473,6.8705,1.0602,6.1725,2
0.36179,-0.6595,2.2646,2.1871,2.7314,-0.19281,2.3909,0.14833,1
3.0969,0.13176,2.6117,2.7999,6.4293,5.4146,3.5351,5.6605,2
2.2219,2.8033,6.1241,3.4694,6.8919,1.8324,-1.1001,6.4995,2
1.511,-1.2244,5.7146,0.077444,4.5286,6.6017,4.55,3.4328,2
3.8228,-2.15,-1.9413,-1.6987,1.5233,-3.7656,-1.4914,0.36642,3
1.0942,-1.6615,6.3005,0.37269,6.1281,-0.32661,3.3312,2.759,2
3.4703,-2.3403,1.6285,1.1684,0.82603,-0.61538,4.6336,-0.22741,1
-0.62237,0.35627,5.2402,-3.5125,6.231,7.261,2.9139,6.1271,2
-1.9295,3.604,0.027023,2.5844,3.236,-1.6371,5.9316,1.6225,1
7.7814,-2.7011,0.90739,-0.38574,-0.86915,4.4306,-0.88922,3.2585,3
-1.429,-2.7304,1.0341,-0.93849,-0.88247,7.1165,0.203,-0.70785,1
0.017801,-1.0297,6.5448,1.0409,-1.638,7.2606,-2.6762,4.1784,2
-0.11189,-2.6297,-1.4355,-1.2212,5.1174,3.2345,2.7153,-0.42053,1
-2.0929,1.1107,2.2046,0.49557,1.3944,-3.7135,4.2695,-1.5537,1
-0.67806,-0.24011,2.6247,1.0311,2.1068,-1.4628,-3.4242,0.94249,3
1.7616,0.38176,5.8806,0.61572,1.6393,5.6856,-0.040724,1.6313,2
1.6113,1.0128,1.6565,-0.7507,7.1303,7.5506,-2.0579,-0.82396,3
-1.042,-0.39589,0.43265,1.7147,1.5813,-2.9935,-1.7892,1.5789,3
1.0578,2.4558,0.15767,-1.1844,1.8996,-0.16373,3.2707,0.14404,3
-0.29934,3.0243,5.7732,5.6537,-1.9349,-2.0681,3.4915,-0.07601,3
-0.45871,2.3517,7.3435,3.6015,7.6671,7.2669,4.8482,4.6856,2
1.1883,1.4511,4.3319,4.2984,-0.13007,-1.5802,-2.5348,2.5878,3
0.52315,6.3823,-0.29716,1.2785,-0.74054,0.57569,1.3207,-0.5453,3
0.008776,1.9418,-0.088757,0.30937,-1.1315,5.0109,-3.338,4.3398,3
-0.13353,0.14895,1.9761,-0.022225,2.9751,-3.3087,-2.1013,4.3787,1
2.9983,1.6512,5.348,-2.4635,5.0059,7.1465,3.2798,6.5256,2
3.4642,1.1481,4.5171,-0.43844,5.3612,10.683,1.5813,4.2789,2
0.57705,-1.2548,5.8127,1.5658,2.1754,1.6125,-0.65447,0.12716,3
1.3807,-2.5331,2.5081,0.032177,-0.36986,3.2707,7.9421,0.54842,3
0.73165,0.31299,-0.95763,0.84781,-0.8022,-4.3079,-3.0091,-1.6776,3
-1.6844,1.1378,-0.78432,2.3051,3.7509,-2.3716,0.65112,3.3682,3
3.9176,-2.0879,7.2811,-7.5431,5.856,6.4146,-0.67839,0.078976,2
-0.19573,2.1283,3.894,2.3368,7.765,3.8459,0.49508,6.6737,2
-1.984,0.58922,5.8213,1.0435,3.1117,-4.139,6.0241,3.8561,3
-1.0188,0.26805,-1.5843,-0.50323,3.6964,5.6111,8.3151,-0.37727,3
1.7473,0.29622,-0.61031,0.72235,-0.13412,5.0019,1.2067,-1.0935,1
-1.8809,5.7941,-1.3544,1.1763,-0.027604,1.8402,-1.665,-0.8736,3
2.5743,3.7668,3.9298,-0.57275,6.0389,9.8142,0.078919,7.8562,2
1.3483,1.3386,7.0413,-2.1539,7.3192,9.626,1.985,3.1948,2
-0.035053,-0.83618,2.8215,-0.84789,0.25118,9.6397,-2.4234,2.0455,3
0.30023,-0.49118,4.185,2.0913,0.77498,3.3307,-3.5161,-0.15931,3
0.6106,1.567,-1.7058,-0.76789,4.0836,1.4871,-4.3659,-1.0774,3
-1.9902,-0.65967,-1.463,3.9938,-1.3273,1.5495,7.213,-0.23108,1
2.5112,2.1641,6.2335,4.2348,3.697,-0.27965,0.2885,5.5008,2
0.21066,-0.63007,3.3544,1.255,-0.35406,1.4458,4.7183,2.5959,1
1.1913,2.7766,5.5636,1.8609,1.0892,3.9596,1.4391,7.7695,2
-1.5277,0.9562,5.4141,-1.3225,4.5397,7.4443,-2.8611,3.9177,2
1.608,-2.339,3.7726,-0.71026,0.41327,-3.8691,-0.36332,1.8918,1
-1.5163,0.74649,7.7283,-0.97791,1.0785,0.1349,0.9105,3.2454,3
2.1712,-0.6689,0.61274,-0.5117,-1.2969,-0.19622,4.7151,-0.83134,3
-2.4231,-2.2678,0.017567,0.20344,1.5731,-3.2274,6.2224,-1.4136,3
-2.5431,-1.767,1.8954,6.533,1.8476,-3.0225,-1.3235,4.1392,3
-2.2418,-0.69384,-1.0647,-0.32546,-1.2807,0.47515,14.178,1.9216,1
-2.3385,2.3385,3.0974,-0.49496,-1.1451,-2.5087,3.5542,1.2969,1
5.1508,4.5058,-1.0904,1.0433,0.040197,1.8862,-1.6729,-1.4073,1
-0.97308,0.014126,1.2863,0.12594,-1.476,4.9448,3.9018,0.18995,1
1.1854,-1.2665,2.9479,-1.396,-0.82054,0.47093,6.718,1.2305,1
3.8501,5.3146,-0.83982,4.5136,-0.92881,3.8183,2.3864,0.076342,3
1.3021,-1.7461,-0.1677,0.89008,5.4437,3.7112,-0.17664,-0.69048,1
3.4406,-1.2262,2.8317,-1.5195,3.0026,-2.1308,-1.4466,-0.68885,1
3.8691,3.218,5.8649,-5.2651,6.1127,5.8299,-3.6938,1.5401,2
-2.142,3.9874,-1.4774,0.068693,5.5133,6.0755,0.094407,1.0356,3
-1.0058,-1.3699,1.9406,5.0751,3.4558,0.051307,-1.9003,2.2151,3
2.4326,-1.0112,7.113,1.4851,4.2605,0.65236,3.9455,6.2715,2
0.64889,-1.8215,6.133,2.3914,3.7754,3.939,-0.14913,-1.1065,1
-0.006919,0.30005,2.4426,2.6699,-1.1048,-4.3607,2.7559,0.50674,1
-1.9977,3.9157,0.18707,-0.6698,-0.090768,-3.4172,1.1731,1.9276,3
-1.911,-1.3509,0.85256,2.9783,-0.28401,4.1875,0.58446,-0.14377,3
-2.5414,2.5413,0.60949,2.9722,0.041033,-0.28364,-2.7513,-0.20507,1
-2.0677,-1.7027,0.98232,2.9187,4.5444,-0.11696,4.5407,2.1722,3
2.4927,2.2347,4.3731,-0.75327,7.0393,9.9084,2.2628,4.1901,2
3.1746,1.1436,4.7697,-6.9567,3.7052,3.4303,-0.026796,4.2109,2
-1.4746,-1.3506,4.6637,0.5251,0.82478,0.327,-1.6483,4.385,1
-0.075253,-0.010958,-0.27687,3.8475,-1.1073,4.7032,4.1195,2.0561,3
-1.7183,0.32048,7.5019,0.79295,6.1319,9.9108,3.1835,2.5107,2
3.1459,1.0104,6.6456,-2.2589,4.0448,-0.66763,3.0772,2.3466,2
-0.68051,-2.0321,5.337,0.78939,0.85857,-4.2607,2.9151,-0.41594,1
-1.1783,2.0725,6.6903,3.092,5.2104,4.8519,-3.1087,7.3303,2
3.2283,1.8936,5.3633,5.5083,7.5924,8.2621,3.752,6.81,2
1.2118,-2.606,-1.3957,0.31203,-0.5741,-2.9113,-3.5584,3.1339,1
1.5851,3.5021,5.2957,4.0723,3.1013,4.2126,3.5711,7.4327,2
-1.7031,-1.4541,1.4015,0.69633,0.44694,-1.0419,2.1424,1.7244,3
2.496,1.5571,6.7248,6.1433,7.5277,6.9679,-0.39658,7.4913,2
0.51247,0.29093,-1.1028,-0.060927,1.4395,0.63999,4.9749,0.85131,1
0.57329,3.503,1.7233,2.5409,7.2996,8.1493,2.8123,5.9075,2
-2.1351,-2.1624,0.20754,-1.4742,6.1925,7.6632,-1.5692,-1.6524,1
-1.2965,-2.1435,3.81,-1.1715,0.39695,2.5433,-1.3204,5.441,3
1.4121,-1.6257,3.3425,7.0362,-1.0592,-1.3027,-1.2686,-1.289,3
2.6826,0.63774,-3.3054,-1.1882,1.8951,9.6958,3.2242,2.8545,2
3.2426,2.7629,5.5807,4.4813,3.9179,-6.2784,1.6088,6.2927,2
0.26422,-0.30893,2.4736,3.0629,-1.074,-2.4505,5.6387,-0.74703,3
8.4592,0.36952,1.9229,2.3422,2.4893,-2.1872,-3.9574,-0.36766,3
0.5546,-1.5141,6.5603,-2.4165,5.1847,6.0969,3.2029,6.2739,2
-1.2327,-2.7094,1.5977,1.0788,2.135,1.3499,-2.6837,-0.47465,1
-0.1338,-5.3801,6.6082,-2.8556,2.9498,5.9472,-0.000895,6.6966,2
3.3084,1.3817,6.1278,-0.44861,6.8453,3.3315,3.3408,4.6451,2
2.0543,3.7057,3.589,5.9339,2.5216,5.8403,4.3769,3.6577,2
-2.238,3.6441,2.1351,7.8341,0.49811,1.9697,-2.8648,-0.68642,1
2.7002,-0.1712,0.069683,5.4329,-1.0311,1.5424,-2.2097,0.93036,1
1.3675,-2.3016,-0.87715,-0.14948,2.9553,-0.12397,-4.3622,6.4014,3
-2.1603,-1.0726,-1.2915,1.3558,1.5694,1.1766,-0.79388,5.2132,3
0.26065,-0.14021,5.0564,-2.9801,5.1921,6.3286,2.9294,6.3624,2
-2.192,-1.5019,5.7239,1.4126,-1.4726,-0.75809,-3.5383,-0.66471,3
3.8066,3.6006,1.8651,-7.5643,5.7341,7.0498,-1.0526,6.8332,2
-2.3231,-1.9623,2.9401,-1.4757,0.12384,5.0617,5.0458,0.8966,3
-2.7335,-0.68352,-1.1732,4.2049,4.5894,3.7639,-0.40469,0.51325,1
1.1982,2.9986,2.4345,0.55937,-1.6794,1.14,5.865,4.5967,1
-2.0638,-2.6035,-0.63405,-1.1871,0.49439,-4.5712,5.1906,-0.057803,3
1.0284,-1.6384,4.8093,-2.0022,5.2975,5.7979,-5.1657,1.9106,2
-2.2276,1.4703,4.8158,0.12022,1.0918,-1.4222,-0.47282,1.2067,1
0.053247,-2.1758,-1.4154,3.4362,-1.506,4.0288,8.4434,0.21873,1
0.29903,1.8218,6.9737,-1.46,4.1515,7.5436,2.6174,6.0483,2
0.025687,2.4371,4.5728,2.3999,3.9763,3.8431,0.53024,5.532,2
5.0024,-1.0922,-1.7251,-0.64869,-1.6062,5.4198,1.3082,-1.6059,1
0.76667,1.31,4.3845,2.7374,1.8389,7.0406,4.7733,4.6053,2
0.97855,-1.0986,-1.5845,0.45099,2.8198,0.86748,-0.82905,0.73467,1
-2.2513,2.0375,2.765,1.0579,4.0782,0.91302,-3.1885,0.2268,3
1.5312,0.096655,4.201,1.7898,5.9371,2.9276,-1.7386,4.6714,2
-1.2346,6.8216,0.61577,1.6082,3.8584,-1.0398,-1.3693,1.5867,3
-2.4578,4.403,2.9368,0.58867,2.377,-0.39997,6.5977,1.0929,3
-0.32061,1.7843,2.7262,-1.3918,4.2076,1.829,3.5956,3.0618,3
0.34935,0.79018,7.1982,0.6254,1.6234,2.8339,-2.0967,4.7269,2
0.48998,-1.8421,4.3764,-12.023,1.4819,-3.6178,1.7989,2.5969,2
1.2063,0.46025,1.7349,0.33129,-0.4837,-2.8344,-2.6794,0.76832,3
2.1567,3.6621,5.2991,4.0927,6.8143,1.8866,-1.0128,3.2571,2
-1.042,4.1064,0.45363,4.5099,-1.383,8.8482,-4.2797,-1.1182,3
0.68304,2.9463,6.6108,1.0076,4.5747,5.4361,-2.7576,5.1098,2
2.0456,-0.80425,-0.40764,0.61837,-1.3421,1.6564,-0.41621,7.9757,1
2.4546,2.8815,4.6665,0.36821,7.6126,5.7346,3.4443,5.0299,2
0.89918,1.5662,1.1932,-0.43961,1.5833,0.77342,1.8849,1.6496,3
0.69967,-2.374,2.3398,8.5507,-1.6729,3.0211,-3.3625,1.9717,3
1.2331,-0.69312,2.7409,2.0076,0.5246,-2.0308,5.8739,-0.16397,3
3.2674,-3.5839,5.1031,3.9081,2.3827,9.2709,2.6073,4.1386,2
3.0787,3.3139,3.932,1.2615,3.719,-7.3427,-0.21367,6.2227,2
3.1055,-2.0615,0.80644,0.011418,4.0751,10.621,0.20455,1.831,3
-1.0163,-1.1655,3.0707,1.5144,-1.1645,-0.46636,6.1486,2.1968,1
-0.13966,-2.0625,4.8877,-4.0387,3.7006,3.7821,0.3141,6.6062,2
-0.51521,-1.9167,6.4765,-1.5143,-0.56027,-4.0495,-1.3074,-0.43313,3
-0.84571,3.1411,-0.91174,1.4748,-1.1012,0.48357,-3.3003,-1.0825,3
-1.2686,-1.4457,3.306,3.0551,0.83977,-2.3631,4.4444,-0.072857,3
-0.80639,1.5154,-1.963,-1.638,1.1875,5.7513,-3.2125,-1.3585,3
2.1057,-1.2301,6.5153,1.8503,4.614,9.6212,0.83408,3.4789,2
1.3339,3.9365,1.4293,-0.37269,0.79411,-3.723,1.7071,-1.293,3
1.0911,-1.2963,-0.51492,1.3858,2.6206,-2.8562,-2.7013,4.4565,3
1.7923,-0.50879,1.6622,1.1047,5.8773,-3.4112,0.9763,6.1809,2
-1.5055,-2.0097,-0.17908,-0.56189,0.17407,-4.116,0.27513,-0.72691,1
3.5677,-1.6424,3.7006,0.60501,4.4688,5.9877,-2.3156,3.6459,2
-1.5504,1.4479,1.3195,0.28907,-0.92783,2.2196,1.2853,1.0052,1
3.1559,-0.35212,4.5994,-3.71,4.5937,4.788,3.0005,2.6226,2
1.1164,2.0491,7.8732,1.1782,5.1353,6.468,3.7473,6.3774,2
-0.22777,-1.7428,4.5563,-3.6173,7.6464,7.8025,4.2479,4.4533,2
1.5242,1.2464,1.713,4.2489,4.7249,6.49,3.495,4.173,2
-1.2178,-1.0754,1.1003,1.8307,-1.7065,0.90605,-1.5448,3.8362,1
-2.4127,0.86845,4.7146,1.9677,-0.75357,8.4834,-3.3654,-1.7487,3
-1.1765,4.9913,1.4488,3.9295,-0.6573,-4.8809,-1.4815,-1.3545,1
-1.4494,-3.9968,2.9264,5.3409,6.8858,0.95112,2.0599,6.058,2
-1.6506,-0.83933,1.7842,-0.79319,-1.1771,2.9635,-1.6787,1.138,3
-0.23227,1.299,-0.39293,0.47229,0.40647,3.676,3.3314,4.5225,1
3.6825,-2.6835,3.4339,4.3184,6.4031,4.1679,4.8281,7.3049,2
1.8822,2.9421,5.7362,4.6476,5.1825,10.309,2.4515,3.1965,2
-2.4119,-0.59652,-1.8912,-0.36542,0.52836,-4.2814,1.8865,3.5268,3
-0.98434,-2.3612,1.1304,0.91986,-0.87453,2.7822,1.1849,-0.65331,3
3.0217,2.1962,6.3827,3.6474,6.198,5.2227,-4.6477,6.3236,2
-0.69158,2.5123,-0.73234,-0.078851,0.81635,-2.8891,-3.3799,1.0103,1
2.1186,2.3259,7.4312,4.9098,7.3459,7.9743,0.8804,4.0306,2
-1.3987,1.4059,1.3733,3.1405,-0.74675,-3.1595,-0.075543,1.1887,1
0.1298,1.7161,1.0394,2.0535,7.8076,3.7278,1.1064,1.6177,3
0.9306,2.2667,1.0423,1.3641,-0.39177,0.87362,0.54064,0.29547,3
2.2855,3.1417,-0.94255,1.8763,0.82748,-2.1357,-1.6235,1.0999,3
-1.9391,6.2715,1.1338,-1.504,0.14541,-2.088,-2.1077,2.5576,3
2.175,-1.8758,4.2364,0.50613,6.1977,-3.4608,4.3465,-0.23159,1
-0.16387,-0.9383,2.3988,6.6213,2.53,0.52478,-1.7572,2.3716,1
-0.82207,-2.9374,3.4251,6.7133,0.13661,-2.8113,1.415,2.0709,1
2.4881,2.2285,6.0217,0.57637,4.7587,8.4148,3.859,4.1915,2
-4.6626,-2.5546,4.7478,5.1429,5.9576,10.256,2.6079,4.4372,2
-1.2238,1.1952,-1.2952,0.60912,-0.1438,3.1884,-0.054476,1.0012,3
2.6816,-0.072586,1.7475,-0.33804,-0.95424,2.1565,-4.1086,0.93945,1
-1.3342,0.13406,4.4776,5.347,5.8908,8.6696,2.9274,4.4875,2
-1.5304,1.1614,2.1965,3.6674,3.213,3.4925,3.0855,4.0823,1
-2.6144,2.3013,0.15725,-0.64927,1.1681,2.6806,7.2697,-0.81452,1
0.046807,-0.66429,-0.61573,-0.92189,4.0163,0.30684,1.6842,1.1163,3
-1.8505,-1.7179,2.9752,-0.33057,0.089513,5.3943,-1.4439,0.61078,3
2.3074,2.9317,6.1868,-4.7557,4.5363,-1.8617,3.1662,6.7832,2
-0.17197,-1.6943,0.93102,-0.39529,2.2567,-0.21227,1.601,-1.0144,1
-2.0204,-2.706,2.1745,-0.42788,3.7267,0.23353,1.6507,1.6781,3
2.343,-0.80584,6.0165,-2.3223,6.4359,7.1624,-2.3637,-0.72386,2
4.7956,0.19676,6.2726,-0.5794,1.912,1.0759,4.232,-0.73334,3
-2.8368,0.1909,-1.1278,-1.9172,2.3373,6.998,1.7048,-0.11979,1
0.22691,0.051435,1.3877,7.0113,2.3196,-0.83647,3.1611,0.002094,1
2.1342,0.54014,5.4702,-3.8206,6.8193,9.4352,-10.138,7.8419,2
0.27972,-2.2479,-0.72497,5.7064,-1.3306,1.8673,-1.4364,-0.67749,1
1.4992,1.4049,1.5144,-1.4855,2.0898,4.9092,0.51228,-0.41659,3
-0.48317,2.3599,5.4148,0.57096,0.25791,5.796,-3.7953,5.7127,2
1.6363,-1.335,-1.6363,6.3291,-0.83983,12.447,0.97561,-1.5058,3
3.2939,2.6206,5.6673,2.3723,7.602,1.5944,0.77896,4.0159,2
1.6484,-2.206,1.7266,3.3432,4.3433,4.3008,-4.1409,0.44731,3
-0.87622,0.25358,0.53487,-1.0878,6.5184,-0.3677,-3.4205,0.77305,1
-0.55397,3.1479,6.1502,0.89109,3.7429,10.251,-3.2604,1.7481,2
-1.0007,-1.8853,-1.2834,0.72215,-1.3564,-4.6951,-4.1573,1.0426,3
-1.8836,0.28785,5.5346,4.1712,0.68267,4.9198,-1.5402,-0.072453,3
3.3184,-2.8975,0.25489,-0.79769,0.30843,0.76571,-0.65203,-0.45698,1
-2.3144,-1.9031,1.6432,-1.4055,0.10377,2.2863,8.4025,0.232,3
-0.009328,-1.5207,0.13696,-0.61928,2.7307,2.954,2.1852,1.3467,1
-2.0077,1.9127,0.25962,2.7754,-1.4266,2.9051,10.999,-0.22149,3
-0.018818,3.7899,0.46103,6.9188,1.639,3.9739,4.2963,-0.75879,1
-0.95955,-0.19309,7.8761,-8.2735,3.775,9.5005,1.7778,2.1541,2
4.512,0.88028,3.1113,1.5408,0.23067,-3.2025,-2.6975,0.26944,3
-0.099096,-0.28103,4.7921,3.6921,1.237,-0.61718,-1.3426,0.003908,1
2.7787,1.3852,3.902,0.077916,7.8789,6.5664,4.7402,6.812,2
0.62011,-1.0028,4.0726,5.8787,6.1554,7.1237,-6.3717,6.2737,2
0.32421,1.5979,2.4535,-1.0684,1.4857,3.5461,-2.2166,0.3203,3
0.42811,1.2883,0.83341,2.4879,0.14479,5.4596,-0.43419,1.4307,3
-2.9062,8.7303,-1.3808,1.3805,0.56555,-3.4478,-2.5418,0.82032,1
-1.9726,-0.68648,1.8403,4.6182,4.2579,-1.979,12.686,2.2624,3
1.3611,0.6081,0.75985,-6.6188,6.9376,6.8358,-2.3711,6.0867,2
-0.008105,3.5773,1.2733,0.2858,0.37782,-1.4252,-0.93789,-0.68476,1
0.4429,3.6807,0.042952,2.3449,0.8096,-2.4785,5.9893,0.61622,1
1.476,2.6536,6.0579,-4.3578,6.6979,3.7917,4.5882,7.7627,2
1.1989,1.4756,5.5165,-0.061171,3.7139,0.27463,-4.1692,6.0135,2
-1.5915,-0.5578,2.7992,0.678,-0.6361,0.94199,2.1845,1.281,1
1.9395,2.6832,5.4804,2.5496,2.112,4.7117,-0.73178,2.6567,2
1.9272,0.7744,2.1997,-0.90311,1.9011,6.638,4.0124,6.1566,2
0.064532,9.0815,-0.23227,-1.639,0.025592,1.3831,5.2015,1.8326,3
1.1911,0.78062,2.905,4.1912,-0.12773,-2.0333,8.61,-0.37658,3
-1.384,0.34282,1.7373,-1.879,-1.4404,-1.1831,0.41995,2.9152,3
-0.96795,0.48866,3.2376,1.075,3.3413,13.839,-3.405,0.84237,1
-2.7405,3.236,0.3915,2.2109,-1.9489,1.1383,-1.2763,7.3082,3
-1.8494,-1.2426,4.0445,-6.0742,7.5527,8.3582,2.9442,6.7413,2
-0.44659,-1.5166,5.0552,-0.34549,-0.31267,2.5801,-0.73508,1.4485,3
1.5011,2.0755,-1.2059,-1.4415,4.591,-3.9899,-0.99511,0.56948,1
-2.6677,2.2546,3.3946,2.7878,4.647,5.3349,2.0043,1.6408,2
2.87,0.10472,5.2144,-1.3756,7.275,7.688,1.911,4.4926,2
2.6812,1.5615,-1.8344,3.1555,1.026,13.298,8.3599,5.2139,1
0.32384,-1.9308,4.8879,4.4615,4.8926,1.9898,2.5142,4.1865,2
1.0143,-3.4247,1.1487,6.1771,7.2355,3.2199,1.8576,0.78021,2
-0.56771,-2.3199,4.4159,1.4353,-1.714,-4.1394,2.3834,-1.7309,3
-1.8509,-1.4555,0.53563,0.51403,-1.6406,2.5652,-0.67072,3.8908,3
-0.37555,-0.91293,0.62869,-1.0956,1.1691,-3.8149,3.1184,1.7426,3
0.87225,0.90054,5.3046,2.3904,6.6775,0.20947,3.8449,7.5396,2
-1.4866,-2.4827,-1.3193,-0.65073,1.7366,4.5338,-4.7627,-0.11234,1
-0.50544,-1.6043,-1.2223,-1.1066,1.579,10.392,12.801,-0.79573,3
1.6294,-2.7921,3.8326,2.4687,0.64192,-1.0363,7.1131,-1.1027,3
-0.98209,1.0433,0.21416,1.4721,-1.8024,-1.9666,2.2801,1.5602,3
3.1513,-0.003079,0.23984,0.48211,-1.3747,-3.1111,3.6443,1.4185,3
0.30015,3.2088,2.5108,-0.91969,-1.7142,0.93035,-1.0881,0.42467,3
-0.54175,-1.9348,-0.565,3.0945,0.64256,4.7934,-1.8302,-0.21462,1
2.9775,3.3106,6.5126,5.8775,7.0993,1.7205,-0.43025,2.0674,2
1.1623,1.3093,7.7025,-6.6978,6.6471,3.486,-1.0462,3.3078,2
-0.20798,1.2011,7.6445,-4.6373,5.3286,-2.5383,4.5432,4.6399,2
0.042614,-1.0648,-0.56663,-1.713,2.9472,0.31147,-3.7392,0.86452,3
-1.0652,-2.6029,-0.76258,-0.71417,-1.5176,-1.907,-3.7101,1.8863,3
0.22665,4.681,0.84523,0.64731,0.95423,-1.6791,7.6308,1.4253,3
-0.75259,0.50407,-0.064986,-0.7576,1.2785,1.7389,3.7726,4.7852,1
2.1713,2.5425,6.525,-4.26,2.3742,7.7289,2.3473,6.8462,2
3.5614,2.7728,3.5416,-16.019,4.1533,8.1772,3.8709,6.3902,2
0.80756,2.4445,-1.5988,0.60938,-0.88114,0.96313,2.27,0.35064,3
1.7692,-1.7357,3.8886,-2.1104,7.2181,9.8188,3.7205,7.0306,2
2.0227,-2.7826,1.8607,1.2094,1.6299,3.3634,4.5673,0.26447,1
-1.3151,-1.4809,1.2275,1.6235,-1.3965,5.1376,1.0478,0.1293,3
0.11357,-1.6238,-1.0875,1.2339,-0.076584,-1.2154,0.26541,2.991,3
1.8651,0.96954,6.4576,4.5206,3.23,4.2849,2.3488,4.7548,2
-1.9316,1.8037,1.8758,1.4098,-0.77321,0.9689,9.8285,0.38446,1
2.722,1.1132,2.992,6.4835,6.8496,5.6844,5.1955,7.2405,2
0.87574,-1.8151,-1.5275,0.13446,0.23913,-2.6225,-0.89863,0.56949,1
0.51317,-0.001653,2.5314,-1.5775,-1.4063,-4.1195,-1.2,1.6956,3
-2.0142,-0.70872,-0.069988,-1.3866,2.9098,4.0528,-0.80399,0.22745,1
6.6457,-0.094652,4.2669,0.78955,3.2526,-1.0165,1.6536,3.2426,3
-0.44696,0.66868,3.2772,2.0974,7.5464,6.2852,1.8679,4.1999,2
-1.5883,-2.5679,2.867,2.1836,1.6874,-0.14993,2.5305,1.8812,3
1.2492,2.7066,5.079,1.0362,6.5889,5.1139,-2.2871,2.3766,2
3.3519,-1.491,-0.65927,-1.0732,2.1988,-4.3305,-0.37063,1.6096,1
3.0652,2.3506,6.3041,-0.67428,5.0864,2.5443,-1.1321,4.4924,2
1.2143,4.3074,0.99387,-0.87541,0.90608,0.16137,-2.3061,1.9795,3
0.68398,-2.2304,1.9609,5.812,5.2768,9.2156,10.632,2.6902,1
0.85434,-0.75772,-1.5099,0.59952,2.0635,-2.7298,1.0895,0.59239,1
-0.6795,-1.1781,4.8589,0.7106,3.6877,-4.256,10.026,1.6007,3
-2.8888,0.89052,6.9351,1.9573,6.8684,7.7639,4.1001,4.7084,2
-0.92508,2.6139,-0.031785,0.067277,0.46095,-2.3489,-2.6856,-0.57802,1
-0.8337,-1.9031,3.2751,2.8078,0.59476,-1.1644,-2.5447,-1.0413,3
0.006355,-1.8943,2.9868,0.8842,4.3655,9.0404,-3.9968,7.1526,2
-2.2674,3.4068,6.4184,2.0779,7.5605,6.6323,-0.58178,5.936,2
-0.16205,-1.1613,-0.4505,1.6681,-0.84278,-3.3605,-0.96109,1.8242,3
0.063385,3.5596,5.6811,1.0636,7.0864,9.8534,-7.426,1.4172,2
1.3158,2.8624,2.9784,-0.31314,0.66219,-1.2647,2.6935,0.75572,3
-1.6812,1.0909,1.3851,1.3209,1.2019,4.1842,0.88673,2.1004,1
0.96793,-2.5266,2.9665,-0.35575,0.60855,-4.7367,4.8414,2.4431,1
2.1595,0.88602,2.5346,5.0016,6.5044,7.178,3.3075,2.3094,2
0.075891,0.38689,1.3498,-4.7957,2.9963,8.3536,2.2077,3.0087,2
0.091779,1.1391,1.5487,1.8008,0.31436,10.38,5.5129,-0.48627,1
0.77093,-2.6242,0.11188,-1.5542,-1.7192,-4.4792,1.3637,-0.043242,3
0.70813,2.1628,3.3419,4.7743,5.1709,-1.3832,4.1502,5.8079,2
-1.2985,-1.2246,-0.78639,1.1722,-0.99059,1.8537,1.3937,1.1025,1
1.0747,-2.0091,-0.22698,0.6625,-0.73535,-2.197,2.2282,1.844,1
-1.5927,-0.87475,0.89961,0.89094,5.3122,3.3814,5.3859,-1.4515,3
2.8652,-1.2914,-0.1521,2.343,0.56897,-0.79415,5.1161,6.4614,3
-0.1821,-2.5533,5.296,0.37403,7.5693,7.9799,2.6883,5.3964,2
-2.0759,-0.74001,0.35785,-0.1497,5.1442,-3.6665,-0.77765,0.099134,3
0.3274,-0.18315,-1.1212,6.2838,1.249,-1.8341,5.1208,1.9692,3
1.729,-0.40114,-0.16283,0.3028,1.2606,-1.284,-0.50658,1.7153,3
2.2034,-2.4549,0.61542,-0.89289,1.7219,3.858,-3.5786,-1.4992,1
0.29779,-2.357,0.13672,1.7161,0.34831,4.714,-2.9354,0.82924,1
-1.0824,5.4538,-0.2936,-0.23634,-1.5038,0.30272,-1.0914,1.661,1
-2.5204,-0.63851,0.12092,0.26659,0.73408,-1.6274,-2.962,1.8072,3
1.3472,2.9782,-0.3885,-1.532,-0.017315,-1.832,1.7508,0.038831,1
3.7601,0.37184,5.7938,-4.946,5.3506,6.7718,2.554,5.2276,2
-1.414,1.0259,-1.5839,-0.37381,-1.5874,-0.7616,0.88844,-0.60452,3
-0.043571,-0.95673,-0.3105,-1.1505,4.3503,-1.6182,6.5603,3.1839,1
-0.18637,-1.9287,3.9754,0.25187,-1.97,-1.8473,-2.0261,2.9367,3
1.3372,2.3194,0.68765,2.6439,-0.05098,3.1968,-2.3756,0.48361,1
3.4141,2.4355,6.488,-15.079,7.1983,8.6106,0.59271,3.8706,2
-0.18243,-1.8673,0.87374,3.2691,1.1273,-0.38909,3.1638,3.9149,1
4.604,-0.7293,0.70802,-0.32313,-1.1721,10.85,1.0452,0.35171,1
2.7326,-1.9111,1.3435,2.5196,-0.24642,0.9713,-2.6291,-1.2865,1
-1.2395,-2.4733,-0.79392,-1.8427,6.647,1.1746,8.3953,0.23515,3
2.7665,1.8586,7.6345,-3.6975,0.05511,2.1836,2.2145,3.312,2
2.853,1.9456,-1.2322,2.4877,2.0382,-0.1563,4.3133,0.50936,3
3.3294,-3.3314,4.9518,5.8114,7.4024,5.3759,2.7801,2.4566,2
-1.8416,-1.1637,4.1272,-1.5211,-0.059772,-1.8874,7.0477,-0.47103,3
-0.31753,1.2776,0.69256,0.66748,3.8087,4.6369,3.8794,-0.72987,1
0.068629,1.0895,1.7061,5.6147,3.1902,-1.0906,-3.2621,-2.0358,3
2.8243,-0.23894,2.5275,4.0085,3.7209,9.3323,2.0382,4.3631,2
-0.088118,-0.21976,-1.0381,0.65711,1.6034,10.031,-1.0868,3.7415,3
0.43681,0.89853,10.116,1.06,0.003784,1.8242,-1.2915,-1.6022,1
-1.1404,-0.99108,0.34453,1.6499,-1.0946,0.61367,8.3555,0.82339,3
4.2985,0.35538,1.9265,1.8793,-0.15146,-3.3938,-0.86569,0.70535,1
-0.02107,1.3972,0.059427,1.1981,-0.4552,-0.18482,2.1242,7.298,3
-1.9184,-0.65624,-1.7981,-0.68354,2.6407,-0.20883,6.5916,-1.5677,1
3.3547,-0.34076,0.63716,-0.66174,3.7729,-2.0794,-2.6366,0.6908,3
5.6587,-0.9386,0.6691,1.2812,1.8297,-2.2161,1.3813,5.4792,1
4.1259,0.84069,3.39,6.2697,-1.7785,-4.8265,0.84744,0.70856,3
1.3016,2.0901,0.45522,-0.11543,-0.71498,4.6959,-2.7587,0.73846,1
0.64255,2.5478,-0.064252,1.7336,2.2989,1.5789,-4.3258,0.19463,1
-1.4598,2.6348,5.5285,-14.083,4.5832,-5.6519,3.2138,3.8821,2
-1.6548,-0.8205,1.4282,0.8569,0.17286,-1.0792,-4.4762,1.1997,3
1.6819,-0.28275,-0.54548,2.2946,-1.2945,13.276,2.4903,2.8813,1
2.5483,-0.81131,2.3586,6.6061,-0.23584,-3.8757,-2.6695,-1.0612,1
-0.058416,-1.5768,-0.34746,-0.74364,1.1416,-1.2164,-3.3774,-1.5336,3
1.7969,2.413,-1.139,3.5,-1.4273,3.4195,-0.4615,0.10237,3
2.9848,-4.0214,7.6248,-1.2209,4.2942,7.8723,2.3574,5.1774,2
-3.0783,2.7671,6.0861,-0.45474,4.3275,-4.1213,3.1539,-0.2106,2
1.7597,3.5133,-0.57328,2.6222,2.3589,-2.1366,-3.4228,0.87707,1
-2.5913,-2.074,5.8921,4.8076,2.7505,1.0056,-4.3481,1.0902,3
-0.48224,1.2827,2.1074,-1.63,-0.27443,0.69915,7.4773,7.465,1
-1.0685,0.90806,-0.49274,0.95653,3.6912,-1.7699,-3.678,-0.55274,1
-0.87493,0.40965,-0.99818,2.6566,0.052948,13.007,-1.8838,-0.042245,3
-0.26664,-0.95569,1.3031,4.1376,4.1184,-0.76592,3.6111,-1.8206,3
0.25189,-2.6225,3.5423,1.0151,3.6556,8.9696,2.1924,6.5034,2
2.2855,-0.073685,3.1923,-5.5134,4.2909,9.1275,-9.5301,0.84239,2
2.8073,-1.4934,-0.020801,4.2023,4.1022,-3.661,-3.5749,-0.052837,3
-3.8665,0.68289,2.3385,-2.5494,6.5398,10.86,5.304,5.8033,2
-2.0702,1.6226,1.1663,2.2977,2.4021,-4.9729,-0.55885,0.85485,3
1.4252,0.92239,2.3731,0.18954,0.26014,7.2186,-2.6726,2.0003,3
-1.9364,-1.7341,9.6251,1.3797,2.252,6.1441,0.8089,0.082803,1
-1.1356,-1.5727,0.17384,2.5151,0.058713,7.0446,-1.0593,0.2638,3
3.5377,2.4024,5.139,3.9523,5.2152,6.6441,2.4085,6.4785,2
-1.7287,-1.6154,-1.3114,-1.8952,2.8198,-2.2731,3.4253,2.2606,1
-1.487,0.72173,-1.742,3.198,-0.2962,-1.6793,3.1949,-0.15195,1
2.0537,-2.2926,0.92863,1.6827,1.9671,-1.5805,-1.437,0.23062,1
-1.3035,5.72,3.2695,-1.4126,4.2967,-2.742,-1.5451,2.1539,1
2.3236,0.4623,1.3661,1.0918,5.4111,3.8366,-4.0304,7.0532,2
-0.53039,-1.578,5.6989,-1.7006,5.8374,1.8373,-5.2993,5.6052,2
2.3545,-1.087,5.5161,-1.5961,5.1987,5.2208,2.611,5.8195,2
-0.55853,0.2943,1.4824,1.4122,1.2817,0.72774,-0.28599,-1.6523,3
1.2428,-1.881,5.5426,-3.5645,4.124,9.0839,3.7682,0.60892,2
-2.0723,-2.0341,-1.363,-0.88458,1.496,-4.82,2.8784,0.62172,3
5.1839,-2.9259,-0.73711,7.8681,3.3018,3.0564,4.0777,1.5656,1
0.64889,-1.8215,6.133,2.3914,3.7754,3.939,-0.14913,-1.1065,3
2.7378,1.4376,6.1871,5.9768,2.9967,3.7353,0.011992,7.875,2
3.4892,-3.3,7.5066,5.9372,4.5745,8.4385,5.2656,5.7447,2
-2.7993,-0.8919,4.8511,-0.68598,3.9171,-1.0668,9.7036,1.2361,1
-2.5221,3.8549,1.3642,1.1083,1.7345,0.55705,-1.1914,-0.69336,1
2.4353,0.20872,1.5682,0.27185,2.8078,-4.042,0.76159,0.50418,1
0.60114,2.9536,-0.90051,0.25503,6.0701,-1.1019,0.6384,0.79236,3
-2.2726,1.5209,2.3284,2.2132,1.7168,8.2683,2.1,0.16927,1
1.7348,-2.2868,3.7386,3.5418,4.2539,4.7022,1.4408,-0.009324,1
0.66289,3.2865,1.2734,-1.0633,2.5267,0.99296,-2.0879,1.9998,1
4.3595,-0.69361,-1.2236,-1.0182,-0.54288,-3.3935,-1.574,4.8216,3
-0.93956,1.6099,0.26803,0.34484,0.11067,-1.7731,-2.1547,1.3158,3
0.47429,-1.4203,5.906,-2.9587,4.9994,8.5236,-2.2449,-1.4861,2
4.7472,-1.2941,0.31477,-1.3446,0.086211,-3.1818,6.3194,0.98044,1
1.1742,-1.4652,4.5872,-1.5396,1.5408,-3.0522,-2.9466,0.18015,1
-0.29375,2.6748,2.1637,4.1821,1.3089,1.2634,9.7524,2.5332,1
-1.0213,-1.0928,1.1354,-0.4701,-1.8198,8.5456,7.7452,-0.42904,3
0.035943,-1.6494,-0.15013,1.5419,-0.45945,1.3839,-0.92639,2.5036,3
-0.85767,3.1929,0.014542,-1.0833,3.7624,1.5843,-0.55474,5.425,1
1.3239,-1.3449,-0.54013,0.61679,-0.58351,-2.0104,0.25947,-0.079318,3
4.1729,1.3855,-1.2204,0.78977,1.8513,1.9988,-3.9696,-0.13485,1
-0.45254,-0.23586,0.58002,0.90683,1.8112,-3.4023,2.9555,-0.18023,1
1.5471,3.4023,2.8639,1.1456,-0.20369,4.5368,2.7274,3.6991,2
-2.3426,2.4968,0.62188,4.1579,-0.83026,0.42296,-1.4589,-0.43764,1
-0.58372,1.0043,5.1071,5.9807,3.8316,9.5457,-0.96646,6.4455,2
1.1503,0.2551,-0.7668,-0.69767,2.2624,-3.6466,-1.875,1.1177,1
3.3427,0.94947,4.8869,-0.039746,5.5639,9.1582,-3.101,4.6222,2
0.71078,-0.0001,0.28658,2.5285,0.51648,14.786,5.8722,-1.4232,1
-1.6867,0.56254,0.8681,-0.070611,0.44458,-4.8733,1.7943,0.4163,1
-0.17909,0.69575,3.5834,0.26442,2.2883,-1.8027,4.6527,6.3371,2
-2.227,1.3783,4.3138,-1.6431,-0.17192,-0.2095,1.4984,0.64905,1
1.7911,1.5716,6.0732,5.5812,7.3023,-1.2515,-2.8963,3.9068,2
-0.48401,1.481,1.845,-0.69651,1.6903,-3.0108,9.131,0.080868,1
-0.68485,1.2122,0.66098,-1.3275,2.1089,0.68284,2.73,-0.81668,1
1.1114,-0.014436,1.1017,0.22131,1.6205,-3.7977,5.9861,0.25996,1
-1.7735,-2.9346,3.9013,-0.94871,1.5966,-1.753,-3.0799,-0.51102,3
6.7616,3.196,-0.040518,-1.5009,-1.6581,-2.8586,6.4413,1.7823,1
-0.75935,3.8597,4.8666,-0.70121,5.917,2.1121,2.3869,4.2264,2
0.043818,0.27896,-1.1103,3.1062,2.4993,5.8198,-3.2573,-1.2739,1
2.4183,2.5978,7.9309,2.3658,4.9651,5.2896,5.0548,2.6296,2
-2.392,3.6307,-1.4145,0.65476,0.62087,-2.7474,3.5196,0.12112,1
2.6934,0.34715,1.2734,0.86145,-0.41335,-3.2518,0.58046,2.3518,3
0.18984,0.40478,-1.7326,3.9942,6.7086,0.025859,3.9141,1.3538,1
-1.5618,-1.1738,0.61828,1.533,-1.0629,-1.1628,2.168,-1.199,1
-0.57824,1.9726,6.0008,1.7203,4.7448,8.8256,4.8087,7.61,2
-2.8945,-0.92459,-1.7594,4.4386,2.2328,-1.8048,2.3029,0.4493,3
-1.0144,2.2802,7.1564,1.7105,3.7868,4.2075,-1.6103,6.4271,2
-0.30954,-0.50667,-0.59961,-0.79609,0.59524,-0.1537,8.9,-0.97353,3
4.7286,-2.0827,1.1848,1.9133,-1.2027,4.7255,-0.39868,1.3842,1
3.5409,-2.2667,1.9115,0.72333,-0.6947,-1.7459,3.3388,-0.98369,1
2.0702,-1.0716,2.6341,0.69485,1.7794,2.1008,1.8124,0.54099,1
-1.0536,2.2515,-0.97165,0.54017,0.13522,2.9449,-3.6896,5.1896,3
-1.3065,6.0884,2.181,0.79848,2.2639,0.73656,4.9315,3.9604,3
1.9605,-0.37963,6.14,-1.011,6.9554,10.825,1.9632,1.8842,2
0.32615,0.60424,0.96318,-0.019873,-1.5149,-2.9884,0.4167,0.96309,1
-0.1356,-0.039226,3.1599,5.1897,2.6743,3.5572,7.641,5.9031,3
2.8617,3.0524,7.1246,2.9677,6.3388,0.18315,0.33386,1.8053,2
2.6686,0.94005,-0.062072,-0.38988,-0.4349,-1.344,-2.1569,1.6991,1
0.83146,-0.64975,0.40921,7.5514,0.66395,2.7342,-2.93,0.46821,1
-0.44673,-2.7211,2.0369,1.953,-1.3074,5.9171,-1.1145,-1.3123,3
0.084254,1.2262,6.2431,2.3987,5.7703,8.8291,-8.5958,5.5211,2
0.52419,-1.937,1.3154,0.76668,-0.75793,6.865,-1.3346,0.8611,1
0.1556,-1.0349,3.0537,1.3961,4.6168,8.1001,-3.5692,2.6905,1
1.0575,2.4935,4.4566,3.5453,1.6812,6.4633,5.2362,5.5593,1
3.7316,1.1728,-0.19433,-1.3799,1.3985,-1.0498,-0.013744,-1.7935,1
-1.001,-2.5882,-0.54588,0.16541,1.5138,0.44138,11.152,-0.82486,1
0.20169,3.8921,4.5635,1.1909,3.7453,8.6915,-0.46289,5.2791,2
-0.21027,2.8024,2.3591,-0.72196,1.4021,-1.1979,6.3166,-1.3232,1
-2.1942,-2.3612,1.3721,-0.81126,0.34871,-2.5282,-1.0773,-1.5764,3
-2.5274,1.6981,-1.4775,3.4274,2.3124,-2.4456,-2.7659,0.95925,3
1.2521,-2.447,0.6648,-0.84121,-0.66738,0.085294,5.8627,0.13537,1
2.8615,2.8295,4.5316,2.3663,5.8061,4.3849,3.745,3.6484,2
0.99703,-2.9921,0.98587,6.2373,1.0444,4.4358,0.66295,7.6223,2
1.7189,2.5973,2.361,3.9282,2.9115,9.0318,3.6603,6.3806,2
5.2731,-1.5909,-0.50148,0.50423,5.1999,-0.98032,-2.427,2.0984,1
3.1642,0.80983,7.1173,-2.9425,6.9241,10.516,3.9808,5.2986,2
-2.1677,-1.4994,4.2301,2.597,0.9926,-0.27592,-1.5302,1.8061,3
-1.2259,1.676,-1.2883,2.7743,1.171,-0.86567,0.038814,1.631,3
-1.2613,2.5585,6.0559,4.523,4.6854,9.3514,2.2585,5.564,2
3.0069,3.4196,3.526,1.0574,6.2802,6.7079,0.094269,3.1481,2
0.72729,-0.20991,0.29599,-0.99774,0.86556,12.986,14.39,-1.6861,1
1.6885,-2.0997,4.0415,0.57041,2.5004,4.6782,4.8105,-0.4211,3
1.7916,3.5677,4.9869,-0.39971,6.4454,2.5066,0.85567,2.5356,2
-1.5096,-0.28566,2.6767,0.91819,-1.3093,0.531,-3.1951,-0.37045,1
0.75416,2.6246,2.7316,0.016764,1.9127,-2.0217,-2.135,-1.4923,1
0.14423,-2.6997,1.8223,1.7169,1.2475,9.4802,-1.3819,1.9785,3
-0.027097,-1.9694,4.0639,5.2488,-0.5478,3.0242,0.28124,1.5409,3
1.363,-3.0554,1.4703,5.4947,6.2258,6.7323,4.5492,2.982,2
1.1945,-2.4436,1.0191,0.78829,2.1703,-1.4045,13.189,4.4261,3
-1.4283,3.564,-1.2019,-0.78191,4.5552,-1.7416,-3.4439,-0.70288,1
0.77248,0.64945,0.6449,1.7868,6.2271,7.192,1.1545,5.9936,2
0.17106,-0.1918,1.5758,-0.97114,6.4168,-2.0082,-2.6576,3.0466,3
0.42894,-2.6322,9.914,0.8514,2.3062,13.348,3.0992,1.4824,3
1.7014,-1.165,6.8069,4.081,4.4542,5.7676,2.5796,2.9566,2
2.0732,2.583,6.2452,-4.6532,4.0752,7.7649,4.2225,6.217,2
-1.8293,-1.5518,0.079637,1.9946,1.1567,0.45325,0.086338,-0.50058,1
0.54001,-1.6849,2.4317,1.5889,3.6148,-0.47155,-1.4143,3.3685,1
-0.24624,-2.7379,3.962,2.3564,-1.0378,-3.0208,0.48962,-0.10727,3
-1.7278,0.23593,2.3935,1.5101,0.32774,2.602,-3.3913,-0.95908,3
-1.2751,-2.7839,2.3724,3.0935,1.6339,7.3169,-0.36082,-1.5376,3
-0.52232,1.1142,1.2321,-1.0119,0.54273,4.9261,-2.6614,0.24117,1
0.72225,0.35063,3.741,4.762,5.1389,4.5311,0.80744,3.1958,2
-1.641,0.2666,6.046,3.176,7.5039,0.91208,3.3046,4.5602,2
-0.55219,1.423,3.9348,0.86861,5.0839,2.2224,0.70767,1.5416,2
-1.5088,-4.5283,5.1241,1.0193,5.4368,3.5359,0.98153,2.814,2
0.60035,-2.6762,0.26919,0.10794,2.8121,-3.0793,0.33608,3.7775,3
-1.2543,-2.4565,1.7115,-0.38565,1.1194,-3.8904,-3.5273,0.51205,1
3.8139,0.074072,1.3776,-0.56899,1.6594,3.2223,-1.1467,-0.31829,3
0.17726,1.3859,6.7174,6.1448,-2.622,7.5407,4.0576,5.9291,2
4.7924,0.9901,0.72478,-1.6146,3.5038,0.59523,1.5878,-1.0385,3
0.59701,2.658,7.5312,-7.6595,6.7563,5.2486,1.7118,3.6827,2
-2.802,-1.0408,-0.93791,-0.5928,0.42695,-3.8896,-2.3443,-0.42254,3
-2.1938,1.9554,-0.78949,1.3212,-1.4201,6.5653,3.0883,-0.80033,1
0.46654,-5.862,6.0031,4.0042,4.1439,5.3826,-14.849,5.5126,2
3.1754,0.7218,6.8737,2.2459,5.8238,10.431,2.1133,4.7522,2
-1.0332,0.52263,-1.2203,0.06049,2.2576,-1.5583,-1.1791,0.72594,3
-3.2607,2.0884,6.975,-5.5176,4.2174,4.0188,2.2789,3.7468,2
0.19064,3.3721,0.54896,1.1773,1.0373,7.3442,-0.61637,-1.1883,3
1.016,-0.5831,3.3869,-1.568,-1.5779,-1.1209,-4.7712,1.6068,1
1.5096,3.5491,7.5305,-1.2191,1.8943,-0.87228,4.4578,6.4015,2
1.9378,-2.0025,1.497,4.2184,-0.55459,-0.5345,1.4663,0.5457,3
0.39,-0.78247,5.7767,-5.5296,4.8616,10.207,3.2678,-0.71832,2
-1.4893,2.8888,5.4293,5.4659,7.7543,3.1729,-0.7594,5.0456,2
0.44229,-0.18237,6.2228,2.0609,7.5048,5.8036,3.4666,7.3328,2
-1.6738,2.1674,1.5744,-0.64889,0.33855,1.4645,0.41753,0.27376,3
2.6997,2.2893,5.8066,0.61115,5.1513,1.3169,2.049,5.8143,2
-1.8171,3.9592,-0.26742,-0.68953,1.7469,-0.90735,-0.02265,-0.1415,1
0.91853,3.2627,2.4791,6.8681,0.25682,0.7655,13.052,1.1737,1
-0.22428,-0.91477,-0.11107,0.88942,-1.2601,3.9351,5.6004,-0.7367,1
-0.21538,3.9893,1.3885,3.2174,-0.72126,-2.3696,8.2368,-0.84124,3
-2.0158,-0.058025,-0.64244,-0.7704,4.0631,3.6391,-0.1105,4.6175,3
1.3214,-1.6296,1.0576,-0.13952,-1.7603,-4.3234,5.8771,0.52867,1
-0.8905,1.7153,0.55553,-0.28469,0.19911,4.1466,-0.49578,1.5965,3
1.9507,3.6591,6.1259,5.6234,-0.81172,9.2358,4.8781,5.0078,2
4.4338,1.8725,1.0599,0.88556,4.1729,11.08,2.7525,-0.56099,3
-0.98282,-0.056416,7.9032,0.66046,4.5636,10.719,-3.379,2.3089,2
0.010491,3.1701,3.6351,-2.4461,6.7661,5.8154,3.9436,7.5352,2
-0.71484,-1.4472,-1.9275,3.0168,5.9694,-2.5075,11.854,-0.12721,3
-1.9921,-2.4721,-0.59876,2.9817,1.8386,-0.47789,-3.7246,0.71132,3
2.6939,-0.003817,6.1658,3.3258,5.0615,10.396,2.3995,7.5346,2
1.4448,1.1738,6.9703,0.60054,6.1195,1.0245,-0.25863,0.74186,2
1.3244,-1.3418,6.13,0.44493,7.1313,7.7163,-5.4394,6.5475,2
-0.28553,1.3229,-1.2656,2.6612,0.20067,-2.8527,0.64415,0.52701,3
1.1336,1.9239,0.93262,2.2154,3.8695,6.3087,3.863,6.8099,2
-2.037,1.8483,4.2489,-1.3844,1.2048,0.87347,0.99074,2.256,1
0.70867,-0.045034,1.4437,0.71856,0.58295,5.1327,-0.87675,0.59929,3
0.93717,-2.7789,0.46209,-0.23039,8.3648,-4.1929,2.3235,0.97121,3
1.3153,-2.8065,2.5082,2.2141,3.2704,9.3526,2.5213,0.1481,3
-1.2177,-1.7888,-0.82496,0.27984,-0.22283,-3.1529,0.66009,3.7148,1
-0.38173,-2.0847,1.6173,0.77038,0.35182,-1.534,-2.59,0.15287,3
1.732,1.3123,6.4249,-1.7103,5.1518,7.6291,-0.009094,7.5278,2
-1.3253,0.83265,-0.30672,1.4573,-0.53421,0.43155,-1.301,3.1605,1
7.3704,1.704,0.3403,3.1893,0.1774,4.4797,1.4443,-0.82915,3
-0.36122,-0.082568,1.118,-1.464,-0.81898,-2.7891,3.9395,3.536,1
-1.0737,3.2364,-1.0765,-0.89627,-0.13672,-0.15488,-1.0336,3.6982,3
-1.1588,-1.4101,6.2191,2.7497,5.2874,-2.0012,-0.98343,-0.46608,1
-1.5454,0.20552,1.574,0.73942,-1.6675,-1.9166,-1.1472,0.89954,3
3.7745,3.1168,0.75169,-1.5737,-0.82308,-1.2975,1.7028,2.3747,1
2.5809,-0.21574,6.6255,2.2115,-0.96389,-2.9391,0.66477,1.9086,3
-0.40744,1.5967,2.7108,-1.0047,-0.2719,-2.7661,0.15576,3.8582,1
1.2763,3.0793,7.3597,-2.0447,5.7741,8.0603,-1.6817,6.6502,2
2.3962,0.92147,0.68494,1.6765,2.4493,7.3504,-0.36946,-0.002863,1
-1.3807,-1.2861,0.13841,0.32501,0.31646,0.077524,-1.7072,3.8852,1
2.0881,-2.547,4.2356,-2.0005,0.77143,8.9619,0.37765,5.5993,2
-0.3175,-0.61407,0.91849,4.8439,-0.40272,1.1452,2.0614,-1.4162,3
-0.03122,1.4062,3.7701,3.4124,5.988,-0.79584,3.5775,4.1005,2
-0.72181,-2.2726,1.1468,0.01844,-0.46416,-0.19038,-3.7615,1.2714,1
-1.196,6.3408,-0.57074,2.06,-1.0558,-1.9442,-0.17064,1.5266,3
-0.94551,-2.3989,-0.69755,-1.7571,-0.46503,-4.9298,8.1133,1.6517,3
1.3639,2,6.088,0.9977,7.149,4.4704,-6.4468,4.2953,2
2.7305,1.7878,6.3675,3.4226,4.7621,5.3083,-0.70903,5.7861,2
-2.1187,0.67908,3.2258,-1.7629,-0.43345,-3.0281,3.0172,-0.10743,1
1.8028,-2.0996,-0.031863,0.374,2.6961,6.0404,-2.2377,4.9657,1
1.093,-2.4767,-0.90822,-0.79014,0.90687,2.0949,5.4852,1.6378,3
-2.3386,-1.0683,-0.30709,-0.54156,-1.1424,11.496,3.5127,1.0482,1
1.9237,-1.2097,1.0498,2.3448,1.4041,3.7097,9.5046,-0.3486,1
4.353,-2.1085,-0.89366,2.461,1.8122,-1.9868,13.215,-1.061,1
-1.7658,-2.1857,0.30755,0.72084,0.386,6.6052,-4.5987,1.1385,1
1.4662,0.18047,5.6656,3.8387,4.7467,7.2132,-1.2697,6.9294,2
-2.9062,8.7303,-1.3808,1.3805,0.56555,-3.4478,-2.5418,0.82032,3
3.2273,-1.6665,6.5036,1.7225,4.9254,-2.8608,-3.887,6.5575,2
1.9238,0.99402,0.75334,1.5154,-0.51197,1.8852,4.3979,-1.5269,1
2.7188,0.74107,1.2108,-1.8438,2.4221,3.0849,-1.0586,2.3033,3
-0.50766,-2.6687,-0.43234,0.83133,4.7542,-2.2164,2.9507,0.54851,3
1.3911,-0.75293,5.8809,1.0021,7.6929,4.9784,-0.056245,5.9044,2
-1.6926,2.0865,-0.96025,1.9322,-0.16732,2.7038,-2.4187,0.97337,1
-1.4167,1.8097,5.4659,-1.2166,2.9499,11.426,-3.1357,-0.027422,3
0.39779,-2.3539,0.84235,5.1736,-1.2368,1.0051,-0.24075,-1.3548,3
4.0195,-1.8212,-0.29102,-1.1194,0.80886,10.71,7.0985,-1.5784,1
1.2957,1.3112,0.2977,-0.67726,-1.9431,7.6693,9.9895,-0.54017,3
-0.76053,-0.090559,3.8442,0.59444,3.2511,-1.5312,-3.1282,1.4572,3
-2.0324,-0.23064,-1.5018,2.2869,0.56939,-2.9514,-4.0666,-1.8358,1
2.4624,2.2756,5.7281,-2.0298,6.4779,6.2372,-1.0317,4.5944,2
-0.17105,-1.1475,0.006066,1.247,1.872,0.43282,-3.5257,0.10977,3
-0.43032,0.39839,1.2896,-1.1807,1.1742,5.4802,0.036118,1.7485,3
-2.8405,-0.045304,2.4703,-0.48987,-0.8719,0.91417,2.2728,-1.9532,3
-4.7736,-2.0056,1.6513,2.4339,6.0802,10.945,3.2349,3.0863,2
0.99714,3.2513,0.25545,3.505,1.598,-3.9921,-4.0631,-1.9574,3
0.38407,0.20251,3.6667,-1.4312,6.8064,4.4005,-0.28119,2.6863,2
-2.5372,2.3572,7.1032,-3.519,5.7269,6.5427,-2.0672,4.7211,2
0.29264,1.6397,-0.6348,2.0371,0.94963,2.7102,6.4752,0.44796,1
0.76185,-1.4949,-1.8917,1.7793,-0.24021,-1.8926,-4.4535,1.1282,3
-0.28317,3.3633,4.1055,0.32597,7.5693,9.0039,3.862,3.1421,2
1.8315,-2.1604,-0.69923,-1.1949,-0.95167,8.8145,-2.3383,0.41216,3
0.046184,1.8662,-1.1958,-1.0126,1.8128,3.7456,-1.0558,-1.1776,3
1.4498,2.0916,0.86778,-0.55629,6.293,7.0692,1.522,6.2888,2
-0.15789,-2.213,1.5129,6.1115,0.33439,-3.7408,-0.90738,-0.15829,1
-0.1448,1.0699,-1.1749,-0.39917,2.3901,2.4299,-3.3338,-1.461,3
-1.7005,5.6042,-0.14392,1.0067,7.2336,-1.153,5.4898,-0.25693,3
0.84594,0.2973,4.8843,0.81197,5.3184,-0.51933,-4.5511,1.8929,1
2.8851,2.4701,4.2323,1.7517,6.9067,6.7146,4.3098,5.4573,2
2.3236,3.5884,-1.4027,-0.28431,-0.69325,11.71,6.1698,-1.2535,1
-1.6707,-0.80665,3.382,-0.31794,0.58106,-3.3492,13.178,-1.6815,1
-5.0118,0.32519,4.5011,4.054,7.7719,-12.856,2.7308,7.441,2
0.54188,1.4289,0.92794,-1.8305,1.3865,-2.6563,-2.6141,-0.25204,1
2.7006,-1.049,3.8311,4.5472,-0.75135,-2.7076,2.015,-0.81701,3
1.2133,-1.646,2.0211,0.20871,1.9412,5.4972,-4.8367,2.4747,1
-2.0743,-1.1773,1.8052,0.25828,1.5616,9.4319,-2.542,-0.46749,3
0.40493,1.942,1.501,-0.39329,-0.5433,7.8497,-2.899,-1.3366,3
1.2498,2.5503,5.741,-6.3484,6.3572,8.5208,0.11714,5.4597,2
3.4149,0.42965,5.6427,4.0209,7.5472,5.0406,4.3071,7.2795,2
0.77312,-1.2321,-0.97386,-1.5659,-0.36271,1.5426,-1.6125,2.1095,1
-1.0005,-1.175,0.17559,-0.31154,6.3801,-1.1063,-1.2107,-1.0402,3
-2.6709,-0.85713,-0.57307,0.57477,0.18819,5.8023,-1.0061,-1.3057,1
-1.7278,0.23593,2.3935,1.5101,0.32774,2.602,-3.3913,-0.95908,1
0.55025,-1.4694,0.87184,0.31254,-1.259,0.79875,5.0406,-1.7051,3
-0.12294,2.9026,6.3893,-2.7248,6.2196,8.1237,0.28738,6.0186,2
3.4677,-2.3451,0.36287,3.5297,4.0728,-0.88767,9.4583,-0.49833,1
-2.1278,-1.8209,-1.7333,2.0163,-1.242,1.6661,14.417,-1.4472,3
4.1048,1.5724,0.55795,-0.75345,2.8157,7.2172,7.7624,0.2343,1
-1.1029,-0.60652,-0.58708,-1.1804,-1.2097,1.4104,2.304,-1.6425,1
0.81712,3.0697,6.4565,0.17861,6.212,8.2403,-0.97279,4.567,2
-0.92994,0.84276,2.4712,-1.2857,0.24875,-1.3195,-2.9939,-0.66557,1
-2.7208,4.6255,2.1248,3.7197,0.91793,-3.0133,-3.2355,0.36801,3
4.7348,-1.5649,-1.4177,4.1861,4.813,0.77809,-0.51623,-1.5558,1
-0.39148,3.9295,-1.2805,2.8764,4.3831,0.67334,6.3374,1.4648,3
2.3617,0.472,-0.11066,-1.0914,2.8539,-2.0709,-1.6315,2.3511,3
-1.9093,-1.588,2.8006,8.1544,5.7393,0.074064,15.751,1.9942,1
1.4819,-0.93585,5.2309,-0.81072,2.2447,2.17,2.5827,4.2005,2
-0.63577,1.1652,-0.27701,0.83081,1.1482,0.33899,1.1468,-0.3783,3
2.0686,1.3007,6.0205,4.3692,5.417,0.99194,1.2711,3.5929,2
-0.73743,-2.2119,-1.6331,2.4565,0.10413,0.097058,-2.6028,-0.15279,3
0.88058,-0.013079,-0.095927,5.7134,0.48782,1.2784,0.44876,3.4591,3
2.3636,-0.68375,2.5593,1.279,2.8069,-3.3005,-2.7647,1.9471,1
3.1708,1.6073,4.3591,-11.525,3.0849,10.392,1.7263,4.0551,2
2.2751,-1.9249,4.7667,4.9776,2.9844,3.566,-4.5982,5.8294,2
3.2484,4.757,-1.9049,-0.93004,-0.57989,4.4185,-1.4085,0.070611,3
3.5431,1.949,4.0957,-9.7888,7.522,9.5722,3.7202,0.36681,2
-2.1156,2.9951,2.6005,4.6882,7.8237,-4.6607,-3.6264,6.5899,2
1.2714,0.35346,7.6451,6.0567,4.4728,5.3597,-2.732,4.6426,2
-2.734,2.4004,-1.3181,1.4267,2.8572,3.1363,0.66587,-1.2411,3
-1.6313,-1.22,5.5397,-3.6238,6.486,2.6806,-2.5193,4.5222,2
2.865,2.0859,0.004628,1.7693,2.2403,-0.68818,3.3896,-0.27264,3
-2.0187,-0.61946,0.30364,0.54561,-0.11863,-1.6224,-3.1377,-0.50579,1
4.633,2.6098,-1.66,-0.85526,2.0032,7.1465,-2.0165,4.1258,1
3.3344,0.29731,2.4313,4.1558,-0.29982,-1.0326,-1.356,1.2919,1
-1.5689,0.3558,5.4561,1.0051,-0.023305,-1.5136,-3.6316,0.88947,1
-0.93099,-1.0617,0.43356,1.1835,-0.33935,4.9227,-2.8181,1.5772,1
-0.58366,-1.1869,1.586,-0.2593,2.4129,-3.2447,-1.1225,0.76723,1
-0.30092,0.44615,-1.6949,3.2762,-1.7678,2.0438,-2.5507,-1.4216,3
0.59168,-0.60579,2.6466,-2.9375,2.9153,9.407,2.2607,4.9853,2
1.099,0.23743,0.50248,-1.7485,-1.7808,-0.75387,-3.3079,1.0027,1
1.6204,1.9241,1.8803,3.1701,2.4703,-3.7993,4.9877,1.3722,1
-1.9309,-2.1648,0.44641,0.12105,-0.088818,-2.8266,1.3034,1.7281,1
-2.5692,-1.7935,2.2735,2.5751,1.9337,1.6561,4.591,0.10241,1
1.6475,-0.99697,1.7554,0.33242,4.94,3.2488,-1.7335,1.4246,3
-1.8182,-1.1485,7.793,4.1786,-0.055029,-2.2454,-3.6441,0.57965,3
0.043818,0.27896,-1.1103,3.1062,2.4993,5.8198,-3.2573,-1.2739,3
0.48106,-2.2213,5.6774,0.10176,-0.12036,3.1977,-2.9355,-1.546,1
2.0497,4.4713,1.2383,0.67396,2.4122,-2.4715,2.3574,-0.85419,3
0.37,-4.1043,2.583,-0.023443,3.221,7.7267,0.16859,4.0693,2
-0.012718,0.58661,0.74603,0.48715,-0.73415,1.2603,-1.9239,7.8059,3
-1.3665,-2.3344,1.3076,1.8141,1.7825,1.2451,4.7925,-1.4856,1
3.3803,1.0077,2.2402,0.85094,0.80629,1.7423,7.9848,0.90758,1
1.9343,1.5985,3.3474,3.3068,5.2789,6.8312,5.379,3.1732,2
-0.47513,-1.9235,2.3746,-0.90421,0.1576,-1.2918,3.2604,0.54985,1
-2.0045,0.48096,1.0175,3.1516,0.37124,1.0059,-4.0943,-1.7206,1
-5.2581,3.7738,7.4942,2.3104,5.5403,5.3993,-1.3436,5.325,2
2.0488,-1.6071,-1.2541,2.821,0.56188,2.3542,-2.3695,-0.74805,1
2.5973,-2.3632,7.1881,5.4933,6.6816,2.6331,2.721,4.087,2
0.98892,0.13027,5.2875,-0.53242,7.6698,6.9098,-6.2926,0.11555,2
3.581,2.6785,0.65111,1.5063,-1.2918,-3.4576,-3.6014,6.8876,1
2.398,0.26654,7.0406,-7.5159,2.5223,7.5885,-3.814,6.8513,2
5.2148,6.8804,-1.5587,-0.54647,-1.524,-3.4706,-1.9402,-0.49353,3
3.7093,1.6913,5.6867,2.1336,5.4654,-2.0798,1.8859,7.5821,2
2.5262,-0.81975,6.3066,-6.4914,2.3736,6.6176,2.4335,6.2689,2
2.5638,1.5561,0.71793,1.3938,-0.45768,-1.4988,1.8166,-0.81895,1
3.4643,3.6742,-0.10892,1.821,2.7825,-2.138,8.1432,0.000734,1
-2.4016,1.2125,1.8067,0.51157,-0.39471,-3.5415,-3.9383,-1.3033,3
-2.1218,-2.0481,6.7362,-0.3832,1.6663,5.0881,6.4405,5.9586,1
1.1989,-2.433,-0.41469,-0.85962,-0.88633,-3.0676,2.8623,6.3433,1
3.226,-3.497,6.9702,2.3946,6.2916,8.7775,0.89795,6.0884,2
-1.4354,1.1652,0.44635,1.449,0.73624,1.1497,-0.68371,0.11522,3
-1.7027,0.60914,-1.1331,0.82794,3.556,-2.4623,-0.1492,2.4996,1
-0.45797,4.9402,1.6422,4.5798,0.21851,-0.29626,-3.2544,-0.3956,3
-1.7383,-0.50773,6.9188,0.88068,0.14627,-3.2671,6.7754,4.511,1
0.95297,-0.038263,-0.3228,2.6692,2.9731,4.7397,-1.645,3.816,3
0.84294,1.4368,1.1706,0.24047,2.3973,0.44644,-2.2027,-0.20761,1
0.87842,-0.62146,4.415,-1.875,-1.5532,0.7994,-2.7879,2.6602,3
-0.90585,-2.6392,4.7221,6.4925,-1.3073,-3.0929,6.0541,1.8636,1
-3.3539,1.4078,4.1159,0.40261,6.3959,0.11164,-0.20658,5.7898,2
-2.2857,3.8166,3.1551,1.3829,0.61222,-0.81384,1.0518,2.6443,1
-2.023,-1.3589,1.271,1.6039,8.6934,-2.9138,2.785,-1.4589,1
1.693,-0.039395,7.7501,4.5551,4.9002,0.91293,0.44467,1.2436,2
-2.7405,3.236,0.3915,2.2109,-1.9489,1.1383,-1.2763,7.3082,1
0.54188,1.4289,0.92794,-1.8305,1.3865,-2.6563,-2.6141,-0.25204,3
3.3719,3.6224,5.4176,2.1463,7.716,0.98077,3.6882,7.0949,2
2.6226,2.1275,4.3128,-8.6566,7.7291,7.1842,-3.2502,5.9252,2
-2.857,-0.78094,0.31459,3.7199,1.5241,0.64826,4.5923,-0.54771,3
0.71351,0.18032,-0.83884,1.0964,0.26066,-0.98231,-1.9934,-0.95519,1
-1.7209,-1.3038,1.9651,0.41857,2.7096,-3.2363,8.7128,1.6773,1
-1.6068,-1.9074,-1.1787,1.9943,-1.6556,1.2521,8.1224,0.64058,1
0.046267,0.14825,0.11401,-0.27181,0.17957,-4.1858,6.1156,1.3248,1
-0.93057,5.9672,-1.6451,2.1644,-0.88919,1.4357,-1.7148,-0.44959,1
-2.5371,-2.2498,-0.69499,-1.1117,-0.3387,2.5038,-1.1923,-1.4538,3
1.6588,8.4654,1.4269,-1.4612,-0.73383,-4.6363,-0.59047,1.3045,3
-1.9749,-1.6821,-0.17242,0.64771,1.2197,-1.3323,15.409,-1.1027,1
1.5216,0.30176,-0.1548,2.6567,0.62169,3.1134,8.8845,0.66804,1
-0.81391,-0.31612,1.498,3.894,-0.58523,8.9048,-4.0337,-0.58857,1
-2.5402,-0.41969,-0.99941,-0.86223,5.4638,-1.5792,2.1224,-0.56551,1
-2.5882,3.5453,3.3741,0.15893,0.72887,-2.8358,1.5665,0.3591,1
2.7497,5.0989,1.9898,-1.248,0.009512,-0.22503,-2.5424,2.2068,1
-0.71816,-0.72472,1.9965,-0.066325,2.8203,-0.32172,-0.74977,1.2637,1
-0.46331,3.2947,4.3367,2.3791,7.5056,5.1463,4.9419,7.7812,2
-1.0223,4.7367,2.0259,1.9118,0.42111,-0.081778,-4.1004,0.29375,1
-0.14698,-2.0728,0.2504,1.8713,-1.996,-1.0768,0.050854,1.966,3
0.58745,1.3656,6.7027,0.10737,6.85,0.87345,0.95358,4.6367,2
0.7346,-6.3048,1.7203,0.025523,4.6277,6.9203,1.8415,6.3617,2
-2.4485,3.139,-0.64006,3.3289,3.9019,-2.7784,-3.1689,-0.56954,1
-1.6089,-1.6429,-1.1767,3.9747,-1.7506,1.7507,2.3552,-0.56607,1
-1.8824,-1.7099,2.9832,-1.4514,1.8418,-2.0665,-3.7525,3.1986,3
1.6124,1.4029,5.9246,6.3583,7.6728,9.5127,-5.1765,7.333,2
-1.6673,1.3133,-1.1595,1.3601,1.9612,-1.1934,1.3453,4.8581,3
2.2523,-3.5755,5.1927,4.7428,6.4135,-2.4749,-3.8044,2.5323,2
1.5349,3.3658,7.3762,4.2668,5.7187,7.8389,-0.38307,5.8349,2
-2.2924,0.092372,-0.48029,-0.17528,3.9592,-2.78,0.26182,-1.4626,1
5.2927,0.64272,-0.88929,1.3037,-0.29851,-0.29305,4.3645,0.98567,1
1.9535,0.47415,5.6516,-1.2857,3.5072,5.7804,3.6364,4.0484,2
-1.4263,-2.418,0.39052,-1.3835,4.0452,-2.709,2.951,-0.37977,1
-1.6903,-2.5494,3.4215,-0.37092,2.7376,2.6809,-0.21473,5.2485,1
1.8726,2.7999,5.9791,-5.4131,5.3674,4.6875,0.32577,6.5268,2
-1.4106,1.5722,7.3339,3.0518,5.044,0.56555,-0.66754,5.7324,2
2.6255,-2.5333,-1.2668,-0.86983,7.0465,4.092,-1.1729,1.5347,1
-0.73289,-2.7063,6.4199,4.6558,-0.78117,3.2334,0.42579,1.8077,2
-0.14319,0.58475,1.9095,0.42958,2.5433,0.023342,8.922,-0.20899,1
2.176,-2.8631,2.9429,2.6517,1.6811,1.6516,-1.6553,2.8092,1
1.7849,-1.9063,3.5839,1.4138,1.5397,10.44,1.634,4.8353,2
-2.3078,-1.5191,1.6935,0.90314,-0.95637,-1.1659,-3.6977,-0.61786,1
4.1055,-0.070892,6.2575,-1.9008,3.6605,-4.5738,8.0139,-1.2759,3
-2.206,2.0782,-0.826,-2.1452,4.5982,6.7917,3.275,5.7434,2
-6.2724,2.7289,6.4279,-4.2584,5.6104,8.9299,-1.4978,0.61038,2
0.78292,2.8665,2.956,5.8634,5.511,-0.59322,4.1458,3.9521,2
-2.4112,-1.8921,0.88781,0.23143,1.6985,3.7554,-0.43858,-0.98951,1
0.3486,-1.9512,1.1216,2.7167,3.4207,1.5182,-3.8137,-0.74728,3
0.28305,4.5844,1.5626,4.119,-1.3798,1.2725,-2.683,1.7374,3
-1.149,2.312,-1.3591,0.31713,-1.737,0.21867,4.5115,0.95301,1
2.661,2.1535,1.4857,1.0879,-1.8426,0.20633,-0.26185,2.9506,1
1.0049,3.2953,6.0932,5.5543,5.6319,-0.18915,4.2326,3.3162,2
-1.1681,-0.31142,-1.3719,1.1075,0.0103,6.9876,-3.3058,-1.575,3
1.9421,0.01979,2.0032,-0.73709,-1.2885,-3.3922,4.4355,4.3075,1
-2.2965,-0.78264,0.012769,-0.073467,-1.5982,9.2335,5.2092,0.038349,3
-1.915,-0.43127,0.83989,0.04662,2.7786,0.4944,-1.3719,-1.0719,3
-1.4482,-0.94265,-1.2662,3.2325,-0.75313,0.041499,6.4038,1.112,1
3.1169,0.59216,0.75968,0.27575,-0.32913,-3.0765,1.1217,1.2537,1
-0.26231,5.1037,-0.4067,0.12359,1.2031,0.36548,1.2042,0.45955,3
0.2566,0.051146,-1.6174,3.3574,1.5181,-1.1453,-3.6653,1.4957,1
1.527,0.87643,6.6723,-1.0211,5.3782,9.452,2.9885,3.3428,2
2.6319,-0.2928,3.1813,-2.3392,5.5199,9.0039,-6.4705,2.3788,2
-0.41297,-1.8587,0.51651,2.7698,0.4265,-1.1954,-2.8542,0.84619,3
-0.34451,2.7477,-0.47706,-0.717,-0.022859,1.9753,-3.3265,1.1481,3
1.1156,0.37988,1.8783,1.5204,-0.11749,5.4875,12.073,-1.4432,3
1.3791,2.0079,6.9767,1.2592,-0.047324,2.5956,1.6498,5.9127,3
1.1467,-1.1297,1.3476,-1.3589,-0.12219,1.4412,13.063,2.13,3
-0.1425,0.63539,3.5541,-0.69548,2.8923,2.1458,3.4101,-0.15446,3
-1.3252,-0.23761,0.83742,2.8904,-1.3612,6.911,6.5966,-0.098713,1
1.1376,1.6627,5.3687,1.4289,4.6083,3.1521,-3.5393,1.8161,2
1.4226,0.18644,3.2401,4.4288,6.4402,4.2708,0.60829,2.9533,2
-1.5857,-2.5412,-0.38494,1.2228,0.22382,4.341,7.7293,-0.088527,3
2.5057,-0.4208,-0.30847,5.4691,1.4372,-3.6806,6.5416,0.033131,3
1.3195,2.9074,3.3472,0.88721,6.7499,7.6116,3.3263,3.5566,2
0.70066,-0.2721,-0.76556,0.3353,-0.99402,0.52988,0.44153,2.3419,3
3.4478,3.0726,6.1993,4.9112,4.7098,2.9004,0.59644,5.8295,2
-2.2095,-1.8906,-0.53254,0.020693,-1.0779,8.1575,-4.0088,0.51261,1
-1.2258,5.1279,1.6103,1.8646,1.8028,2.7868,-2.3973,2.4485,3
3.713,-0.77615,3.7984,-0.90254,-1.3853,0.092707,-3.4931,0.1648,1
-1.2856,-1.2555,0.89748,0.82449,3.7493,6.4434,11.271,1.6412,1
-1.656,-1.4967,-0.73033,4.4479,3.1286,9.7248,3.8248,-1.0854,1
2.9442,-5.7879,4.1688,5.8828,3.3498,6.3937,-2.6606,1.2592,2
-1.9514,2.2723,1.0385,-1.2861,2.7896,-1.6067,-4.0882,2.3832,3
-2.087,-1.4439,-0.88111,3.2918,0.1769,-0.81131,-0.48335,-0.34393,1
0.57526,-0.83419,4.4277,2.0549,1.1977,3.7312,6.6825,0.94955,1
-2.3702,3.1641,1.8732,-1.6025,0.78036,3.5926,6.2676,0.025634,3
-1.3396,-1.607,-1.3158,0.14572,0.51448,0.81346,12.296,2.2379,1
-1.926,-1.1547,-0.59592,1.6804,1.3006,-3.9877,-2.2888,3.9474,1
2.9774,1.8119,7.6357,1.7596,3.0384,8.8391,2.8061,5.1726,2
-0.081962,1.2351,6.1392,-0.29821,7.632,6.7811,0.83914,5.8953,2
-2.2331,0.96549,-0.1408,0.045164,0.041132,3.4089,1.5134,2.5042,3
1.5161,-0.30789,5.578,0.33311,7.1363,-3.3709,-5.7599,7.54,2
0.085604,-1.0537,2.6994,0.68444,-1.5076,1.907,3.1987,-1.9125,1
-1.0569,0.46353,-1.8441,0.87623,-1.5053,4.6547,-0.1826,6.6436,1
-0.62448,-2.0589,0.083214,3.4894,-1.4715,15.564,2.7151,0.18624,1
-0.96742,-0.24612,3.0911,-1.0122,-0.88339,1.6114,4.1815,2.256,1
-0.55734,-1.0122,0.60601,-1.638,1.8135,1.2542,10.73,0.19114,3
-0.12436,0.89646,-0.69504,-0.11751,0.89403,-1.3577,3.767,3.3914,1
4.1073,-2.3287,-0.47288,-1.6228,3.1991,-0.64452,-3.0551,5.1611,1
0.50574,-0.31567,0.35627,0.40032,0.14706,6.1951,-4.4003,4.1425,3
0.2742,-1.5619,-0.90822,-0.34643,-0.50916,2.1862,5.8251,4.3345,1
1.0192,2.9408,5.1527,2.1443,7.37,8.7808,3.106,4.5383,2
1.8757,-1.5535,-0.99486,2.4945,-1.6947,4.3513,-4.4533,-0.7283,1
-2.015,1.1394,3.7816,0.67161,-0.99345,9.4212,2.9427,-0.36183,3
-1.9361,-0.24185,0.15729,1.6157,0.14567,-1.1065,7.7366,0.090811,1
-0.11056,-0.85561,-1.9663,3.8762,-0.56923,0.062702,4.9553,0.15588,1
1.0465,0.34831,2.02,0.12043,0.14075,-0.59292,6.1429,1.4513,1
0.10314,-0.46811,1.2721,7.1008,-0.32493,-2.3907,2.2604,0.6071,1
-0.32711,-2.7907,2.1121,0.57791,0.11056,-2.7204,5.3613,-1.2046,1
1.1694,2.1883,1.4766,3.9856,7.021,8.2562,1.2768,6.5695,2
-1.1083,3.5753,-0.50209,3.6352,5.3305,2.105,3.466,2.2009,3
-0.15498,-1.3921,5.1313,-1.7123,5.8713,5.9261,0.12646,6.4551,2
2.9735,0.057847,4.206,1.8198,0.7095,-1.1199,1.3106,-0.97884,1
-1.1271,2.2342,4.777,2.0607,6.827,0.42182,-1.4492,1.4866,2
0.74965,-0.15105,0.17532,-0.008602,0.22388,-0.93085,-3.7221,-1.1621,3
2.2741,2.9395,7.4984,5.7193,7.0957,2.0648,4.1484,4.3555,2
-2.811,-2.1713,-0.099598,0.52427,0.20051,11.596,0.87277,-0.57181,3
-0.65765,-2.1284,1.0198,1.5905,0.25763,-4.2378,-3.678,3.4946,3
3.5336,-0.36732,0.8784,-1.4804,-0.064761,-0.047962,-1.62,-0.41135,1
3.1771,0.29404,3.7437,1.333,-0.055223,4.2418,-4.115,3.025,3
-1.7953,-0.6308,-1.0304,3.6229,1.076,1.0166,-1.4025,-0.85342,3
0.56903,1.61,-0.92046,-0.76903,-1.7101,-0.5213,-4.0864,4.3498,1
1.4895,-5.6015,4.1658,-6.1391,6.736,2.2695,0.64352,5.4695,2
2.7496,-0.68731,6.0544,0.53285,2.7721,4.2707,1.8629,4.7328,2
-1.0582,-0.21707,0.38789,-1.0304,1.7416,-1.0833,-1.1043,-0.68012,1
-2.2723,-1.2931,-0.51507,0.47043,7.009,-3.9021,1.2289,3.8562,1
-2.3385,2.3385,3.0974,-0.49496,-1.1451,-2.5087,3.5542,1.2969,3
-1.7928,-0.61547,1.4123,-1.8816,-0.35951,0.77781,-4.0598,-0.7941,1
-1.4124,2.4316,0.45985,1.012,0.83717,-3.3682,1.2771,3.1405,1
1.4126,0.62922,3.9218,-0.56712,0.27529,4.2129,4.0684,4.7324,2
1.2116,2.0289,0.68932,0.88844,0.61162,-2.5471,1.5355,3.0466,1
2.332,-1.3604,-0.03538,0.83124,3.9138,-4.3112,-3.381,-0.7748,3
0.41211,3.916,-0.84405,2.2672,-0.023132,-2.9465,0.035196,0.49329,3
1.7122,-2.2138,5.0333,0.4354,7.5392,0.63077,4.3371,5.3275,2
-1.7242,0.77774,5.9779,6.5913,5.4442,8.307,-5.2926,7.2713,2
0.71661,-0.40606,6.2864,4.6884,0.84915,1.6647,-1.7595,4.0221,2
1.6264,-1.7212,5.3405,-0.51444,-0.041329,3.71,1.3604,4.2387,3
0.93011,-0.42522,7.681,3.0199,6.6308,6.8211,2.442,4.843,2
-0.11212,1.0735,3.4072,0.99258,7.5074,2.0001,-3.902,5.584,2
0.76093,-2.4815,7.0121,4.822,-2.1025,-5.2555,3.7541,5.3443,2
0.3628,1.3105,4.038,-6.3752,6.6411,2.036,2.1294,5.7639,2
1.385,-2.2621,4.4966,-1.7182,2.1657,-4.6963,-4.1534,6.4084,1
2.8879,-1.148,0.11851,-1.1782,2.7687,-4.8725,1.0368,-0.99123,1
1.4739,-0.55735,2.7546,4.632,5.623,2.7522,1.3286,6.4905,2
-1.8447,2.4279,-0.48866,-1.2746,-1.3478,-3.45,0.21783,0.43298,3
-0.50948,2.8425,3.9202,2.863,2.1551,1.268,0.21494,1.8342,1
3.4498,3.6712,3.4885,-0.5813,6.2921,1.8754,-4.474,6.4382,2
-2.1937,-1.367,-1.5167,-0.22444,-0.078345,-2.1186,-0.46718,1.3351,3
-0.53855,0.36338,-0.21747,-0.11621,0.2898,4.6217,7.0006,-0.21366,3
2.3863,-1.0088,6.9479,3.2035,1.4541,5.5566,-2.5005,0.87053,1
-2.0744,0.40983,2.6905,1.4137,2.5668,0.74122,-2.9814,1.0932,1
0.13231,0.96288,0.40006,0.77685,0.31833,-4.4854,-1.4453,2.0649,3
3.7805,-1.1814,6.3863,-0.51069,5.9483,2.8087,2.5727,3.6526,2
-0.57709,-1.7517,-0.4639,3.2289,1.0445,-2.3475,-3.1852,0.67138,3
0.10664,-1.5888,1.262,0.061466,-1.0088,-3.0603,-2.4338,2.2217,1
1.0791,1.5954,7.0483,-7.6072,5.0105,9.7837,-2.3761,6.2814,2
2.2301,-2.4289,1.6176,0.88714,-0.61423,-3.9461,2.0617,2.7287,3
0.21076,-1.5281,-1.6906,5.5883,3.0496,-3.5357,-0.86149,1.4378,3
0.92775,0.23296,-1.036,1.1707,0.13123,-4.3202,0.32925,0.086692,3
-1.901,-1.1514,0.027013,2.2638,0.63442,2.283,-3.0727,1.1583,1
3.023,3.246,5.3505,-3.0782,4.686,8.3024,0.54886,7.2975,2
-4.3894,0.42539,4.8891,3.2433,1.9262,10.371,-4.6947,3.8287,2
-0.43643,-0.85956,3.2462,-0.088319,2.8451,-3.4406,-2.739,0.34315,1
-1.6319,0.5231,1.8797,2.3019,1.414,-2.7241,0.24222,-0.21133,1
4.0145,-1.0216,2.3048,0.027128,2.2532,0.76568,-4.2337,-0.13318,1
-2.4543,1.3755,0.002685,5.3427,8.1057,-4.6388,-0.66828,1.4724,3
-0.55149,1.1008,6.5415,-7.4349,7.3139,1.0533,0.092628,6.8591,2
0.5458,0.067203,-1.0335,2.9728,0.68774,0.21941,-4.3514,2.9406,1
-0.55571,0.60704,3.8288,0.19917,-0.26971,-1.4242,-0.24817,0.73055,1
-0.87801,2.4652,-0.081638,6.0425,5.0359,7.4566,2.2794,3.8273,2
-0.70385,-1.3662,-1.0466,-0.86659,-0.13586,-2.6931,9.7738,0.42206,3
1.8833,-3.7535,6.2693,-0.50442,3.2183,6.1971,-3.36,6.8959,2
3.7029,-1.0462,0.74329,0.44355,0.65856,3.5881,0.44024,5.3258,1
0.87815,-0.59178,4.0962,-1.4865,1.217,-1.0259,0.67968,0.047581,3
-2.4731,-1.356,3.1632,1.4295,0.21337,0.12046,1.5889,1.0674,3
0.000508,2.5308,5.4547,4.9332,7.2992,8.1036,0.3533,4.2268,2
-0.28781,-3.0779,3.4636,6.8608,4.9668,9.4206,2.7425,7.1026,2
1.7131,-0.73346,1.9915,3.4942,-0.39077,1.082,-1.8419,1.304,3
0.43604,1.2115,7.1372,2.8085,-0.51111,7.8297,-2.1647,4.1243,2
-0.88124,1.991,6.5537,2.1637,4.9192,8.6272,4.5995,6.0796,2
-3.1129,3.437,4.2898,3.1529,4.9163,7.3193,1.8829,6.294,2
3.4806,0.44271,7.0456,2.8927,4.6012,3.4025,-1.9337,6.9842,2
0.69977,-0.88423,0.46385,-0.32323,1.2481,-1.6436,5.6896,5.536,3
2.0897,-2.4958,0.41163,0.025437,-1.2491,0.72116,9.2255,9.6551,1
-1.6572,-3.6834,6.2321,2.8885,2.3454,8.1854,4.3054,5.8606,2
2.285,2.0959,5.8999,-1.0791,3.5465,8.2627,3.4832,5.2194,2
2.4759,-1.1811,3.1787,7.3873,3.1409,-0.28141,-2.024,2.197,3
-1.5957,0.71062,0.75872,4.3238,9.3905,1.9724,6.3806,4.9433,3
-1.6738,2.1674,1.5744,-0.64889,0.33855,1.4645,0.41753,0.27376,1
-1.6215,-2.6826,-0.93526,-0.67509,-0.47882,-3.4799,-1.3076,-1.5919,3
-2.4994,4.8456,2.0722,-0.9489,-0.83652,-0.90703,-0.74733,0.9944,1
2.0162,0.44864,0.91147,2.2238,1.2218,8.9082,0.5901,-0.95647,1
-2.1714,-1.079,5.3371,1.3275,-1.3148,-3.9376,-2.7396,0.012991,3
-1.5463,3.799,-0.64527,0.23009,4.1751,-1.3421,17.198,-0.52377,3
0.86092,-2.6725,2.558,5.8122,-0.46523,7.9395,-3.5168,1.3235,1
0.622,1.6911,3.9466,4.911,4.2651,9.1585,-0.56443,6.2434,2
0.76345,-1.2479,0.43594,0.79085,1.1642,-2.2853,1.4154,6.0094,3
-0.15571,0.47287,1.5371,0.016642,-0.77695,-1.0023,-2.1205,0.25606,3
-2.251,0.034506,-1.3052,6.2153,-0.63084,14.999,3.2259,-0.95553,3
-1.0679,-1.0877,-1.7592,1.8641,2.4028,3.2405,2.6504,-0.26997,1
-2.2449,-2.2242,7.0146,-2.8781,4.019,7.7785,-4.4982,2.9733,2
-1.4324,0.97721,-1.2652,-0.11724,2.587,-3.2428,-3.1249,3.4712,1
6.2634,3.2501,3.8971,2.7142,-0.52012,-2.3044,2.763,-0.63343,3
-1.4934,-1.199,6.8651,6.503,-0.24988,2.3134,-0.44515,-0.92695,3
1.5101,0.29902,1.5845,0.87472,0.36701,-2.2012,-0.66801,2.5314,1
0.69848,3.9559,-0.56645,0.85768,-1.2478,-3.976,-1.3,-0.7135,3
0.67893,-0.25765,1.0147,2.8068,0.67479,7.5333,2.2071,-0.40576,1
-0.17008,-2.7948,1.3279,-0.33873,-0.47561,-2.0981,-3.2592,-0.57817,1
0.25716,-2.0004,1.7925,0.42285,4.2645,-0.85122,5.2112,3.8591,1
0.17243,-1.3859,-1.331,3.1258,1.7866,2.4986,2.9751,-1.9711,3
-0.15895,3.2677,1.149,0.42789,7.3905,-1.6639,-2.6408,-0.90607,3
0.82783,-2.1068,1.8592,2.1469,0.65463,4.8451,0.13434,0.70886,3
1.1976,3.7131,2.0066,-1.7012,0.85323,-1.3006,-0.97629,3.807,2
2.9149,-0.28524,-0.68629,3.7921,4.6332,7.5541,-0.39146,7.36,2
-0.9154,-1.2511,2.2577,2.292,6.754,6.0063,-0.047006,-0.94784,3
1.6979,2.7364,7.8235,2.1608,-0.67408,10.24,-2.0061,3.6077,3
-1.1159,0.85569,5.9525,-1.5828,-0.98806,-0.56554,4.7815,-0.43048,1
2.4545,0.99748,7.3292,6.0784,7.346,3.1033,-2.9654,-1.6706,2
2.1438,3.5276,6.3794,-0.20968,3.2797,7.2802,1.5015,7.0287,2
3.6391,-1.1797,-0.61265,1.4344,1.4937,11.012,1.6948,-0.40739,1
1.4153,3.1591,7.0433,5.9891,6.7534,0.63565,4.9966,6.6716,2
1.7277,-0.43221,0.97876,0.80398,2.591,1.589,-1.3081,0.29978,3
2.0505,0.84749,6.5068,6.5443,7.1168,9.0036,4.4408,6.0785,2
2.9194,1.0684,1.328,2.1724,5.0024,10.399,2.8451,6.1694,2
0.24709,1.3456,-1.6034,-0.24786,-0.61379,0.26961,-1.7827,-1.8836,1
-1.9391,6.2715,1.1338,-1.504,0.14541,-2.088,-2.1077,2.5576,1
0.39803,2.4616,2.1281,5.2677,9.5478,-1.9918,4.5218,1.4109,1
2.7931,3.2141,2.1917,-2.5047,6.744,1.1458,-0.85008,0.61117,2
2.2829,-1.4336,0.40463,-0.12454,0.51936,-3.5599,3.5337,5.5562,1
-1.7179,-2.53,4.0065,0.14131,0.91765,0.29766,-0.54811,0.62966,3
2.4568,0.89736,1.0855,-0.69212,-1.4453,11.584,-2.0761,2.1158,3
2.5056,1.2866,5.7199,-1.3453,5.9915,2.3986,4.0937,6.7684,2
0.69038,2.6069,6.783,5.165,4.458,4.2642,-2.0089,6.9168,2
-1.127,0.79785,0.2069,0.20571,2.0312,1.3397,-2.8854,1.3084,3
-0.59147,-1.7493,-0.090401,-1.4492,0.029301,0.65424,-2.3125,0.001314,1
8.0546,-0.61406,-0.33808,2.9303,-0.90368,-2.6623,-0.37909,-0.21871,3
-2.1586,3.6688,2.2586,5.9017,6.2628,-6.2398,3.6949,5.51,2
1.2553,2.872,3.2217,6.2912,3.4198,-2.2295,-2.4163,7.7585,2
0.037299,-0.22825,1.5727,0.80583,-0.37198,0.28348,-4.3198,1.0888,1
0.50086,1.2921,0.96082,3.4449,-0.46743,-2.0089,-2.3506,1.3871,3
-2.0437,2.5946,6.8716,-6.9468,7.8999,-0.90722,-1.62,2.252,2
0.088641,-2.3308,2.1823,-0.18209,0.37495,-1.6359,2.3649,-1.0309,3
2.8286,2.8251,7.009,5.39,5.0156,7.3605,3.2865,6.3099,2
-0.43806,1.6487,0.69749,2.1458,-0.63413,-2.2035,-2.7274,3.7032,1
4.6271,0.5934,2.7478,1.358,0.52643,-0.72864,-1.0803,-1.4758,3
1.668,0.82222,4.7335,3.4965,4.5412,8.9591,0.41504,2.932,2
-2.3399,1.9897,3.9481,-1.3634,0.1948,-0.70533,4.7773,3.5461,3
-0.77542,-2.8346,6.31,0.18629,-1.2713,-1.9331,-1.364,-1.7128,1
-1.69,4.1223,0.7556,-1.5001,-1.2661,-2.5058,5.9858,7.6797,3
-0.16762,1.3389,4.3736,-3.194,6.0698,6.0819,-2.479,0.25796,2
-2.6165,0.042595,5.1467,1.3318,-1.3909,2.288,0.24581,6.2905,2
-3.1228,0.69227,5.1953,-7.6119,1.3828,4.7016,4.9303,7.4922,2
0.026104,2.944,7.4577,-1.8181,-0.97721,10.555,4.9124,7.2931,2
2.5326,1.1561,5.4806,4.2115,4.7475,9.5823,5.0726,5.2977,2
0.75853,-2.6137,1.0371,1.2397,-1.7056,1.0386,8.6785,6.8182,1
-2.1534,-1.2889,0.069027,4.177,-0.5392,3.3713,4.5613,2.4323,3
-0.15899,-2.2475,0.78737,1.053,0.80379,-2.1068,-0.7441,0.0321,1
-2.8439,-1.7574,0.43244,2.9123,3.9273,-0.92946,1.2873,-0.17947,3
-0.40974,-0.25304,7.2237,-1.8517,5.0476,8.4446,0.91829,2.7996,2
1.8199,2.7417,7.1325,6.2728,6.9175,7.0024,2.7474,4.6899,2
1.143,0.52898,2.6073,2.5809,-1.9893,1.9188,0.75411,-0.78377,3
1.7845,-0.68613,1.1332,-1.3734,4.8582,-0.59565,1.0331,1.8673,1
-0.047784,-0.74905,-0.20448,7.199,1.6086,20.876,4.1509,-1.7814,3
-3.8688,2.3458,6.4759,5.5599,7.0105,9.2692,1.0535,4.3027,2
-0.66024,-2.1628,-1.425,1.8925,-1.6536,-1.0295,4.0421,-0.63042,3
-1.5875,-1.945,3.002,5.7893,0.008384,2.4028,-2.6147,3.0313,3
1.5366,-0.64967,7.453,4.0119,4.9595,4.1865,-4.114,1.3882,2
-1.0753,1.8649,-1.4564,-1.1256,-1.4634,1.7209,-0.83124,0.4526,3
-2.0023,1.9711,0.1029,1.2566,1.5488,-0.33195,-0.81104,0.11003,1
1.0769,-1.3673,2.535,0.22474,-0.0677,-1.6513,0.26735,-1.1628,3
-1.8128,-1.6768,-0.78128,2.6571,-1.5096,11.865,5.892,0.45233,3
-5.2556,0.70969,6.8904,1.0373,3.71,2.7805,-0.77751,3.322,2
-2.5068,-1.4538,0.79559,0.065991,0.8099,1.5454,2.3704,0.15216,1
4.1786,-1.6191,2.4264,1.7744,0.92631,9.9928,7.7877,3.1258,1
0.12919,-1.9459,2.7437,0.02569,3.2291,-3.8855,0.054582,-0.52248,3
-1.1595,-0.36694,1.8625,3.2159,-0.83573,9.5365,6.1888,-1.2562,3
0.62669,-0.19822,4.3107,1.1702,6.3852,5.1675,4.0076,7.7677,2
8.5192,-0.74006,0.9941,-0.48051,1.4684,-2.3206,1.2886,-0.92517,1
-0.99681,-2.1391,-1.4233,-0.95271,0.95518,-2.7551,-4.1426,-1.0027,1
-1.4586,1.5047,6.1223,1.1034,7.0277,7.064,2.4238,3.0384,2
1.5187,-1.6164,0.048386,0.44595,2.8205,-0.92244,4.1307,-0.45379,1
1.1585,-2.1766,-1.5081,-1.7436,0.63295,0.8192,-0.96835,3.0987,1
3.0937,-1.437,3.4064,-1.0018,2.945,2.8696,2.8888,-0.89167,1
-2.1074,0.14676,0.24365,0.49057,-1.839,3.285,4.2467,-0.44638,3
-1.6899,1.5045,5.7715,-2.686,-0.66058,4.3801,3.4541,6.3353,2
1.1445,2.1536,3.7449,0.27321,3.3257,-1.92,-2.548,4.3621,2
3.3803,-2.8996,6.2874,-1.396,5.623,5.9427,0.91736,6.1393,2
2.6092,3.0943,5.3347,5.0627,7.6107,6.1584,3.3558,7.0902,2
-0.001102,0.66798,-0.27292,0.86213,0.29081,-0.20282,-0.021957,7.3292,1
-1.1495,-0.76943,0.38703,-0.71944,-1.7497,14.06,-2.0531,-1.1234,1
2.3868,2.3477,6.7063,-2.7793,2.0657,5.9773,0.76521,5.8224,2
0.006939,3.2027,2.0525,4.9135,4.3118,3.4678,4.0266,4.6737,2
-0.02253,0.82396,0.49574,1.8197,2.3305,6.4611,0.82355,7.3273,2
-0.079891,2.3617,4.7138,1.1696,5.4002,-4.5983,3.9244,5.3199,2
-0.30402,-0.51675,6.4011,3.9971,2.689,0.53147,-1.957,1.2333,3
-3.438,0.53684,5.9234,6.9556,3.8409,10.465,-2.0829,4.6827,2
-2.783,0.94624,2.597,2.4058,1.7739,0.46994,2.5623,4.0161,1
-2.0077,3.2268,3.7299,4.3942,4.9418,7.1628,1.2684,5.9001,2
-1.2657,-2.5431,2.0075,-0.4411,0.78124,-0.8255,-3.0775,4.9839,3
-0.80071,0.59583,0.017024,3.0657,1.7201,0.69189,3.2407,0.03919,3
0.53797,1.9345,4.4292,5.0707,6.003,-1.9211,0.87778,3.2806,2
0.13912,-1.2243,3.3559,2.4968,4.051,-0.20883,-2.6324,0.031842,3
2.3465,1.358,0.27731,0.23177,-1.8501,-1.443,0.71697,-0.37715,3
-0.3897,0.97704,2.3724,5.1616,0.57005,3.1617,-2.7207,-0.13578,1
-2.4552,-2.5793,2.8683,0.63284,4.0398,6.4015,-3.7474,1.6589,1
1.74,3.3874,7.2721,-10.412,4.2768,5.1518,4.6883,1.7827,2
0.3215,2.4283,0.79621,-0.33047,3.7898,4.6338,1.7988,2.8655,3
1.88,-2.2817,3.9742,-4.9338,5.0321,7.4826,4.366,3.2944,2
-2.5586,-2.3892,-0.21701,2.168,-1.8353,-4.1485,3.4345,0.26301,1
0.49835,-1.0284,0.35727,-1.6045,1.0467,-3.2856,7.5482,1.7397,3
3.3699,1.3323,4.1067,-0.48125,-1.0414,6.8327,-2.1758,4.1519,1
0.54672,-1.1203,5.1219,3.8503,7.8575,6.2955,3.7908,6.0923,2
-1.0499,-0.70567,-1.0113,-0.4954,-0.50121,-2.1169,-1.6213,-0.91905,3
3.1022,1.5114,7.2217,-5.1436,6.0017,7.9241,2.9331,6.9668,2
-2.9487,-0.49006,5.5926,-7.9186,7.0819,6.4895,-1.0165,6.2696,2
-1.5824,-2.1114,4.0452,-0.47818,1.4028,5.1508,-4.6465,2.8632,3
-1.7523,1.5626,1.8135,1.514,-0.61898,6.9969,3.612,-1.0642,1
-1.4156,-0.21527,2.6453,6.3574,5.5176,3.5071,4.4017,5.4169,2
1.8587,3.1273,5.0502,-8.295,5.44,6.9698,0.26472,4.6126,2
1.6689,5.0982,-0.19993,0.30673,7.2755,-0.66511,0.20072,2.1335,1
2.9781,0.081518,2.5061,5.6262,3.735,8.4412,4.3447,4.4932,2
2.5287,0.32332,1.0871,-0.10474,1.0306,-0.14581,-2.7063,0.19537,3
2.1293,-1.3781,5.0635,-2.243,3.985,3.7038,3.3583,5.3387,2
3.3795,0.9004,2.9126,-15.268,5.8011,7.4111,3.3273,4.1995,2
2.2334,0.72672,-0.29578,2.4613,-0.48429,-0.30529,1.2421,-0.63203,3
-1.0848,-0.66759,1.903,-1.3038,-1.2975,-2.3495,8.5018,-1.3922,3
0.84604,-1.6803,1.1426,-1.1516,4.9952,-4.1955,-4.0389,-0.67011,3
2.3264,3.0172,3.0415,3.036,6.8421,5.3042,3.2234,7.2193,2
-1.7332,-0.53624,-1.3844,0.80352,2.2054,12.553,4.8107,0.30992,1
2.678,-1.9827,5.4245,1.4016,6.4961,0.58106,-0.54847,1.3328,3
3.6183,1.0407,4.4439,2.4451,3.5335,4.0401,3.068,5.8288,2
3.5683,2.351,1.0451,0.43563,10.822,-2.8342,5.4091,3.2691,1
-0.2408,-0.45308,-1.7124,-1.3047,-0.15492,-4.6478,-1.0907,6.3922,3
1.6884,3.1224,3.6828,1.807,6.5756,2.3445,4.3887,3.4756,2
-0.044255,0.91946,0.53903,-0.99293,-0.1889,-2.699,-1.9149,-1.0747,3
-2.192,-1.5019,5.7239,1.4126,-1.4726,-0.75809,-3.5383,-0.66471,1
2.5752,-1.7437,-1.7591,-0.14588,0.6778,-3.5124,0.35567,-0.47735,1
0.57048,3.3769,5.7875,-1.0063,2.6434,-1.1417,-4.1846,0.027613,1
2.6977,0.77194,2.6739,3.1804,7.2922,-6.5128,2.6222,1.9605,2
1.6017,-1.5937,0.7203,-0.39854,3.0788,-2.1399,1.3879,2.0533,3
-0.8251,1.2055,-1.2716,-0.60256,6.4734,-0.62346,-2.3932,1.1295,1
1.224,-1.524,-0.25583,1.8465,2.829,-0.043043,-4.9414,-0.29481,1
-1.5257,0.55452,6.2017,-10.199,7.2617,6.6642,2.901,6.7502,2
-2.1227,-2.3918,-0.28809,-1.9291,0.42566,2.7757,-1.427,0.81335,1
1.2881,0.70435,6.4834,-3.1701,6.0988,2.5023,4.1833,4.4381,2
7.5154,-0.58669,0.88333,1.8673,0.74157,1.561,-1.4258,0.422,3
0.79894,-0.85892,3.1093,0.27799,2.1758,4.5658,0.48817,5.5157,3
3.3425,-0.56129,3.193,0.39865,0.053206,-4.364,-0.13258,6.9106,3
1.5938,1.0159,6.1492,6.1036,7.4113,2.2314,3.2994,7.9088,2
-1.6215,-2.6826,-0.93526,-0.67509,-0.47882,-3.4799,-1.3076,-1.5919,1
2.0681,-0.016673,4.8919,2.2537,3.8992,8.2127,0.30822,4.9803,2
0.05426,-2.578,0.083692,-0.71912,0.57791,3.8312,6.3232,-0.64337,1
-1.5691,1.1166,3.4267,8.0287,1.7154,1.9161,-2.6214,0.31759,3
-1.295,-1.6879,1.237,1.1677,-0.67294,-2.0667,3.1383,-0.21319,1
2.6825,2.3939,3.673,1.2001,5.5357,6.7518,4.2329,7.4838,2
3.7855,-4.6243,7.1525,-0.40318,7.0212,7.9259,4.9018,7.1155,2
-1.0606,1.708,2.3546,1.5101,3.0987,1.02,-4.5276,0.45568,1
0.81825,3.4309,5.0612,-7.8192,5.0278,2.9066,3.771,2.0509,2
-2.079,0.34025,9.3426,3.8611,1.3477,-0.31984,-1.0237,8.6264,1
1.4995,3.3412,1.9772,4.2399,6.6727,-5.0021,4.6985,6.2967,2
0.808,0.5322,3.9323,-0.097448,7.0153,-0.71886,-3.6618,-0.98936,3
4.0644,-1.534,0.26575,-1.49,-0.14027,1.7452,-3.7528,-0.4766,1
2.3701,2.0604,5.2576,6.3084,0.76196,10.714,3.7489,7.5573,2
0.043934,-2.1549,-1.237,-0.31275,-0.014529,11.88,5.0183,1.6693,3
2.2779,-0.88298,6.5341,3.6863,0.033544,9.8165,1.0413,7.2157,2
0.44267,1.628,1.5982,3.392,4.6528,5.578,3.791,2.9871,2
-0.12424,3.1146,0.48266,-1.6761,4.9542,2.8603,-2.3968,-0.11486,1
3.6013,2.9484,5.3695,1.2141,5.8634,9.6353,-0.28463,4.9863,2
-1.4507,-2.232,1.1687,4.2969,0.77429,-4.3289,1.8689,1.849,1
1.2415,3.6617,4.0954,-4.9823,5.8119,-7.7359,4.977,4.7048,2
2.2906,2.417,1.3235,-0.15315,4.1964,1.6916,4.5087,3.8211,1
3.0952,-1.7854,5.3662,4.7425,3.9231,0.6788,-3.321,4.8605,2
1.2317,0.42328,1.0942,-1.582,2.9374,3.6404,2.6323,5.8525,2
1.9446,3.2576,5.5007,2.2765,0.8562,0.57608,-1.5232,6.6604,2
1.1128,3.7429,-1.6493,-1.0263,-0.065356,-2.5351,1.1387,-0.70411,3
0.09298,2.4481,6.3582,-7.7434,5.5674,7.7127,0.28944,7.306,2
1.2208,1.599,6.4554,2.9696,4.5602,1.3523,4.51,5.9568,2
-0.19464,0.18377,-0.86623,-0.61541,-1.5568,-4.0099,2.9526,-1.1426,1
-2.4364,-0.12539,-0.46892,-1.7781,2.4704,-1.3878,-2.0799,0.38332,3
-1.2506,-1.3608,0.6671,3.8941,-0.57343,19.156,-0.32167,1.1287,3
-0.91125,4.4429,1.4603,-1.403,-1.0673,0.89979,-4.1449,1.7394,3
-1.7994,-1.1034,4.2859,1.8987,0.9069,-0.67349,-2.7529,-1.5587,1
1.7468,-0.13729,3.1061,1.3175,0.24421,-2.2637,1.7342,2.6849,3
1.1439,3.1886,1.5464,-1.7289,0.61845,-3.7176,-0.38708,2.4567,1
1.9416,-1.5357,2.5485,-0.60876,-0.072712,-3.748,-1.3674,0.85899,3
1.4988,6.2886,0.3319,4.8979,1.1386,3.6151,-3.3275,0.87374,1
1.8967,-1.4107,0.41927,1.1741,-0.093583,0.4429,-2.6986,-1.2449,1
0.98108,-0.55046,2.6775,-0.39518,4.6318,1.6227,-2.5729,0.38669,3
-1.6318,-2.0163,-0.40315,-1.5917,0.20049,-3.3852,-4.6538,5.1613,1
-2.1307,-2.2453,1.4596,-1.0476,-1.7085,16.015,7.5021,0.5806,3
2.4718,-2.8809,7.1792,-4.001,6.8188,7.3426,4.1578,6.9095,2
1.1964,2.9392,6.7095,5.4213,0.3857,5.0112,1.344,4.3009,2
-1.441,-0.96059,5.6618,5.4033,7.6693,8.8454,2.3224,6.3299,2
-2.2108,3.2965,-1.1734,4.0586,-0.99883,-3.8743,2.9569,1.6083,3
-2.6766,4.6963,1.2839,1.3973,1.8351,1.0852,0.080261,-0.3799,1
1.047,-0.82896,-0.10464,-1.6013,0.21262,-4.1853,13.946,-1.4898,1
1.8917,2.5053,2.0535,2.5848,4.0665,9.5506,1.59,5.5468,2
-1.0778,2.5634,-0.66599,3.1153,2.5389,-2.4674,2.1322,1.3726,3
3.3085,-1.548,-1.0841,0.78656,-1.5942,-0.19986,-2.5228,-0.49672,1
-2.3662,0.3848,0.032095,2.9735,3.0534,-1.8453,-4.1833,-0.86984,3
-1.6781,2.4483,-0.8052,0.59003,5.3047,6.064,-3.9745,1.7491,1
0.70408,-2.7295,5.1921,3.2998,6.9864,3.8677,-7.0799,1.4189,2
1.6323,2.0712,5.5229,5.6003,4.4243,4.079,0.238,5.3636,2
3.0142,-0.93215,1.3204,-0.01091,0.21798,3.0011,-1.2003,-0.59959,3
0.37422,-6.0416,7.3389,5.7037,3.8112,6.139,3.7424,5.4874,2
-1.5385,1.4401,5.3037,5.9581,2.8487,1.1943,4.3462,4.3385,2
-1.1916,5.1656,1.4098,2.471,0.44564,2.1135,0.44747,0.26586,1
-1.601,4.9933,3.4599,2.5495,-0.20158,1.637,-2.4892,1.189,1
0.13894,2.7758,4.7078,1.7128,2.9065,-3.6106,3.8178,-4.2061,2
1.685,-3.0105,5.5899,3.1085,4.9471,4.4295,3.3354,5.6974,2
-2.5889,-0.95653,0.8261,4.3974,1.0073,3.0493,2.5459,6.1061,3
3.0121,1.8361,3.5425,3.3365,6.5976,0.15383,4.9921,2.6918,2
0.79174,-0.73377,6.1161,4.1392,3.885,-2.3504,3.5261,3.867,2
-1.1716,3.1502,1.8152,4.0691,5.0783,0.37599,4.622,2.7088,2
1.7245,0.01742,1.1569,-0.39579,-0.11115,5.5835,-2.4552,-1.4006,3
3.5525,0.21358,4.8891,5.9666,3.9523,8.3492,2.3559,3.8176,2
-0.1509,1.5288,-0.59668,1.221,0.035029,-4.8361,0.40271,2.5234,1
-1.1595,-1.6006,2.3192,0.19858,0.81831,-3.2279,2.3793,-1.9068,3
3.3613,-1.0991,0.15851,0.67399,4.8496,10.575,1.0576,4.8575,1
-0.23566,1.6342,4.7596,-0.81104,0.44363,1.3835,4.7017,-0.717,1
2.124,0.48252,4.4705,3.5866,5.6432,8.3958,-1.4644,5.9371,2
-1.1836,-2.0768,0.41898,0.1846,2.554,2.5314,0.56963,5.9422,3
-0.65751,-0.088864,4.2572,-0.24286,-0.45402,1.1046,1.0958,0.12652,1
-0.17492,1.3429,0.81254,0.92959,0.84825,-2.4253,3.2098,-1.3264,3
1.1391,0.16705,1.1686,1.587,0.86028,-2.7519,-1.9261,0.56937,3
1.1962,-0.40611,-0.001205,1.3757,-1.4289,2.057,0.69983,0.90722,3
4.0107,-0.59644,-0.36085,-0.43498,1.5159,4.3214,-3.1434,0.12285,1
3.1427,0.14524,2.2216,5.6478,-0.17085,15.564,-0.18395,5.6013,1
3.3888,-1.7306,0.26328,2.5575,1.422,3.4452,0.34041,0.28755,3
1.1816,0.90904,-1.7066,-1.0403,1.6874,7.0604,11.204,7.2415,1
0.10314,-0.46811,1.2721,7.1008,-0.32493,-2.3907,2.2604,0.6071,3
0.18752,0.27436,2.3771,0.71368,-0.9371,-1.5975,4.5306,-0.39386,1
-0.86726,-0.049404,2.5208,2.2035,1.0105,5.1287,8.2442,4.5387,1
1.1267,0.39771,-1.1883,-0.65402,0.92468,-4.6012,5.4104,-1.44,1
-1.2379,2.4039,7.8486,0.11659,7.4823,6.6988,-1.8482,4.8889,2
2.04,3.6297,3.8771,4.5728,2.602,-0.29957,3.6156,1.2855,2
-0.67829,-1.3426,1.4049,-0.85898,-1.0693,13.549,-1.5289,1.217,1
3.6388,-1.6958,-0.7846,-1.4856,-1.5075,-1.0445,-1.5035,-0.27717,1
0.37378,0.75787,4.2989,-13.017,-0.26976,3.0054,2.2698,5.1148,2
-1.3707,2.1256,0.93618,1.1205,-1.5611,-1.4921,2.4765,1.1203,3
-2.4175,-2.4152,0.66428,-1.5598,-0.55831,9.0673,1.0575,-0.83646,1
-2.1546,0.29045,3.1002,-1.5482,1.4364,-3.0281,-0.93471,-0.43079,1
0.35793,3.8966,0.90852,0.27908,7.2814,7.3266,0.2228,-0.53253,2
-1.0256,-0.69876,-0.8905,0.71664,0.8251,-3.3845,-3.4757,-0.459,3
1.3394,1.257,2.4028,4.2899,4.7162,10.319,-0.012406,-2.8755,2
-0.32123,-1.9135,5.6983,-0.69026,-0.79925,0.20977,2.5394,-0.50318,3
2.7491,-0.45545,5.0721,-0.82666,0.84982,-0.73308,1.8122,-1.0076,3
6.763,-0.34237,0.1444,0.45741,0.053551,7.778,-3.685,-1.3558,1
-0.31672,-0.17759,4.0437,1.5055,0.13657,-2.6275,-1.5828,2.6132,3
-2.4795,-2.8784,0.28091,-0.85536,-0.42915,-2.7148,-3.4134,1.3172,1
-1.035,7.2604,-1.3275,-0.015484,3.0704,-0.75732,-2.5756,1.3173,1
-1.6658,-1.438,0.57598,0.90165,-0.031738,-3.8793,3.8257,-0.62507,3
7.2037,-0.18428,1.6905,5.3835,-1.2653,-1.848,0.89568,1.0231,3
1.4383,-0.3423,1.0362,-1.4472,3.6202,6.1967,-0.97391,2.8513,3
1.7707,-0.20604,1.5786,-1.4465,1.7888,3.5158,1.0793,1.5011,3
-1.3253,0.83265,-0.30672,1.4573,-0.53421,0.43155,-1.301,3.1605,3
0.66116,0.50869,1.8013,-0.7218,7.355,-3.8402,2.4778,2.9386,1
-2.1814,1.1404,2.5817,3.542,1.5915,0.72102,1.5105,0.75756,3
3.3614,-0.30436,-0.99365,2.4622,-1.0634,4.6634,-2.3274,3.8856,1
-1.8006,1.3017,-1.2082,-0.70331,5.3832,6.5218,9.2955,5.4969,3
1.1888,2.2824,5.4756,-0.55946,6.198,5.4573,3.8966,5.0804,2
-0.74324,1.8486,-1.9962,2.5359,3.9556,-0.6947,4.2091,5.3446,1
0.17243,-1.3859,-1.331,3.1258,1.7866,2.4986,2.9751,-1.9711,1
-1.9121,-2.3604,-1.446,2.6699,4.0172,7.0054,7.2052,1.3419,3
-2.779,-2.5544,-0.51508,-0.8474,6.5535,4.7933,-3.6308,0.42326,1
3.1815,-0.2151,6.953,4.9751,6.7125,9.1448,1.4639,2.6634,2
-2.3668,-1.3588,5.4474,1.2039,2.9812,-0.59549,4.7932,5.3264,2
-1.2259,-0.90726,1.5443,-0.56911,-0.85777,-3.4573,-0.71785,2.1046,1
-1.5387,-0.32323,0.31855,0.66525,2.4622,-4.3349,3.4317,2.9764,3
1.2799,1.8482,6.7008,-3.3052,3.2628,9.0474,-2.301,4.8085,2
-4.2074,2.9334,5.6612,-0.72604,7.0164,4.4814,4.4808,0.19011,2
0.66768,2.1165,5.916,-5.64,5.0172,4.9463,-11.36,6.839,2
-2.4285,1.6809,3.8699,1.6806,3.7379,3.2034,-0.70964,0.033216,1
2.3505,3.7925,6.7822,-0.91781,5.0496,9.6528,1.6631,4.3417,2
-0.47143,0.51559,-0.57517,1.4153,-0.12434,-0.54153,1.9469,0.85541,1
2.8021,-2.4716,-0.20707,0.081778,-1.0638,-4.2438,-1.3756,1.2894,3
-1.4848,-0.50765,0.75319,-0.22162,0.79608,6.2382,5.947,1.4117,3
1.4527,1.5861,5.4656,-1.1228,-1.365,-2.8298,-0.21624,3.2717,1
4.2709,0.68267,-0.34245,2.549,1.4177,-2.884,0.86723,-0.6711,1
0.8162,1.3843,0.67983,-1.5472,1.8265,5.4763,0.53116,2.3611,1
3.4543,-2.19,1.6896,3.255,2.8402,6.4057,-6.4255,5.6513,2
-5.4347,3.9902,0.87653,3.3438,4.6004,1.7496,5.0002,4.9488,2
-2.0128,-0.71259,-1.1177,1.2627,-0.4644,-1.1097,-1.003,3.8072,1
2.0194,-0.34284,5.1039,4.6151,5.5297,-3.9456,3.6996,6.8577,2
-1.9492,-0.41487,0.039737,1.286,-0.45264,4.4929,-3.8331,3.3145,3
-2.691,2.4963,3.4874,-1.8432,6.2357,6.2995,-2.5177,5.655,2
-1.5798,1.1859,1.9797,2.0466,0.90038,-1.6391,0.397,-1.1061,1
-0.54714,1.8044,0.73474,-1.4009,2.4366,9.2987,-2.5329,-0.86103,3
0.98169,-2.026,2.8605,0.31847,-1.1239,-0.34892,-1.5601,0.73096,3
4.4022,-0.75149,0.94702,0.71617,1.6972,7.7193,-3.5332,2.4126,3
-2.0606,0.38715,3.2898,-1.7799,-0.48704,1.119,-4.607,-1.6726,1
-1.1309,-1.4834,-1.4778,1.056,1.4431,-1.4791,-0.59502,-0.077014,1
0.28036,3.1409,5.1554,-0.23399,0.084764,6.7291,-1.5732,-1.3417,1
1.4452,-2.2952,-0.58376,0.31673,3.5734,-1.9687,-2.2044,1.7656,1
3.1192,1.7136,6.1936,2.1246,0.82057,5.3981,4.8673,1.7246,2
3.5103,3.4759,4.9889,4.9927,6.4932,-0.50311,2.7918,2.448,2
-0.40296,1.4999,1.3377,1.4668,-1.2922,-2.0208,1.6221,5.3608,3
1.1793,1.263,-0.001909,-0.002753,1.2904,0.92053,-0.99153,2.2741,3
2.5273,1.8542,6.3508,4.3918,7.3902,7.63,0.39907,5.6191,2
-1.9795,0.067787,2.9289,-0.47631,-0.31365,1.4354,4.5766,-0.8736,1
-2.7807,0.81747,2.9847,-0.14061,1.0847,1.2349,-3.9093,-0.44598,1
2.819,2.2414,3.4613,0.56942,6.8618,7.0457,1.7456,5.7924,2
-1.8843,-0.64455,-1.8856,0.95391,-0.84079,-0.99191,6.5718,4.5527,1
3.1901,2.6974,6.5512,3.5481,3.4008,4.0082,-1.2901,3.7776,2
-1.375,-0.23111,5.2698,0.33969,-0.51568,-0.34523,8.5962,1.3856,3
4.228,-2.7984,-0.26324,0.83866,1.0032,-1.4731,-0.38238,3.8876,3
-1.3556,-0.69959,-0.083983,0.72452,0.37249,-0.52819,0.50631,1.261,1
1.6313,-2.137,-0.51833,1.6224,-1.426,-2.4586,-2.0299,-0.94125,3
2.4292,1.4784,6.6246,1.8069,2.0974,7.8093,3.4985,3.7919,2
-1.676,0.58245,1.7272,2.2881,2.8796,1.4717,-4.2374,1.743,1
0.78975,-2.2688,1.1622,0.29598,2.1611,-0.65794,-3.2654,-0.35129,1
0.10316,2.4107,6.2215,1.4757,5.1027,-0.45353,4.0934,2.4535,2
4.2688,-0.50474,-1.0395,2.0628,3.8456,-4.4608,2.8931,-0.023861,3
0.39839,-0.64324,0.028847,-0.77957,-0.59981,3.3895,14.568,0.85253,1
-2.6335,4.0001,0.1147,0.38144,-0.54398,-2.1929,-2.1988,-0.35832,1
3.6561,-2.0954,7.0465,-3.3506,7.0393,-1.216,3.5604,2.6944,2
2.8218,-1.7349,0.64501,-0.5715,3.8581,5.903,5.3378,8.5816,3
-0.82878,0.49434,6.0132,-10.476,4.4542,9.5148,1.6176,2.0262,2
-0.10278,0.75631,-0.56076,2.989,1.0837,4.6815,0.18287,-0.7268,1
-0.036141,1.762,6.0996,6.2987,5.3702,4.9525,1.3926,-3.1956,2
3.3717,0.44705,0.11857,-0.1019,1.7785,-1.6654,-2.1886,3.3887,3
3.3904,2.1989,1.8401,4.8505,7.2951,3.5431,2.9634,4.9217,2
-1.5883,-2.5679,2.867,2.1836,1.6874,-0.14993,2.5305,1.8812,1
-1.2272,-2.3548,1.2463,3.2147,0.49208,0.090779,-3.4291,-0.36374,3
2.995,5.5547,3.2853,0.98027,0.23502,-2.8414,4.6747,1.2028,1
1.6604,-0.70598,0.25013,0.077391,-1.0272,-1.327,3.6098,-1.0858,3
0.20525,4.2597,2.6955,0.89016,3.614,-1.782,-3.2436,2.26,1
4.8968,-2.4166,-1.1825,4.0522,-1.2427,-0.92994,-2.9768,1.6608,3
-0.83244,-1.2027,0.89073,-1.0081,-0.96393,4.3099,-3.5999,2.4125,1
2.1408,-0.42631,5.4522,6.0325,6.8466,-4.672,-2.112,6.216,2
0.16833,1.7379,-0.2278,-0.7658,3.5956,-0.63641,5.174,0.85164,3
2.6792,-0.15867,5.1825,3.4526,6.2948,4.7593,-2.1106,7.1324,2
-0.14293,-0.086173,0.61415,1.5117,4.779,-2.7943,-4.3107,0.90957,1
1.6432,1.7555,6.8986,-2.8112,7.7103,5.3612,1.4542,7.3384,2
-0.60503,-0.30296,4.6562,0.85943,-0.33424,4.9809,-1.6205,5.6291,1
3.3929,0.18493,1.3023,3.8477,3.933,-1.1509,1.4357,-0.1116,1
4.8282,-0.98934,-1.0118,0.37839,4.3248,-1.3201,-3.9131,1.2165,1
3.3832,2.8602,6.7852,5.3979,3.7078,-0.14827,3.3445,6.4374,2
-0.98032,2.5008,7.3803,6.3506,6.2169,7.0012,-7.443,5.037,2
-2.3771,0.63207,-0.97349,2.6158,1.7581,3.7678,10.054,4.5451,1
-1.7952,-0.30926,5.6889,-1.6262,-0.13345,10.421,0.94261,-1.4366,3
1.0726,-0.11859,4.2013,-3.9779,5.7011,3.5329,3.8704,7.7184,2
2.5106,1.7532,1.0814,3.0833,-1.6329,-0.25288,-3.5073,2.5987,1
-2.6341,1.1654,3.6787,3.2039,6.9105,1.3935,-0.10067,0.82234,2
-0.74517,-1.3343,2.2261,0.54906,2.0542,-1.2099,-3.7086,0.79055,3
-0.69156,-1.8933,0.24453,0.31756,0.95116,1.7151,-4.0425,-0.9492,3
-2.426,-1.6427,4.3736,6.1828,2.3435,0.047118,7.814,3.1267,3
-1.9154,0.001164,0.84367,2.5221,1.5682,-2.0464,-3.0395,2.5719,1
-0.9791,1.1194,5.4578,-0.3391,4.5486,-0.41947,0.029494,6.9705,2
-1.3689,-0.70418,0.90807,1.9443,1.7326,2.3383,8.6565,3.4872,3
-0.87982,-0.55403,3.0973,0.11096,-0.69166,-4.3956,6.2938,1.2747,3
-0.23665,-1.1363,3.118,-1.2723,1.4882,-2.9603,-1.3279,-1.1309,1
-2.2319,-1.0191,2.4289,4.0115,4.4246,8.5034,-1.5038,0.1354,1
2.6574,1.0518,6.7865,0.37051,6.9926,7.4228,-1.1922,2.0772,2
3.1136,0.5136,6.355,4.599,3.8388,4.7283,3.7235,6.771,2
1.9402,-1.017,1.1187,-0.28292,1.6448,2.6837,2.9816,1.8946,1
-1.3543,0.87472,4.079,5.9928,3.2357,4.8303,0.85922,4.7011,2
0.68365,1.8001,5.6162,-3.4947,6.4363,7.3071,2.9325,6.821,2
1.8513,2.2171,3.54,-5.4365,7.9985,-1.9861,0.46699,4.9677,2
-0.124,-0.035626,4.1865,-0.12843,2.3748,-2.8331,0.4514,10.333,1
5.1375,-1.5233,1.111,0.24611,-0.072428,-2.2613,1.0164,-0.32297,3
4.3808,-1.264,-1.7807,-1.2147,-1.1084,5.6291,0.84052,0.16023,1
0.86958,-0.9999,1.3957,6.0819,7.5027,7.4855,3.4823,6.4072,2
1.174,1.2849,3.3735,-0.67417,5.9343,9.5915,3.8821,2.3137,2
1.9714,-1.5196,5.5993,5.8094,7.5369,5.552,-2.4164,4.2471,2
-0.42834,2.9445,7.3614,0.59367,5.1111,-0.009813,1.8258,6.2177,2
0.10914,-0.94541,1.1035,-1.117,1.3949,-0.97617,0.011926,-0.52148,1
-0.84804,4.3134,1.4467,0.52451,-0.30445,6.5821,1.0383,-0.44221,1
0.89054,-2.737,0.9391,1.7598,1.6884,1.9146,11.884,-0.67644,1
-1.8182,-1.1485,7.793,4.1786,-0.055029,-2.2454,-3.6441,0.57965,1
-1.8045,-2.5533,1.2467,1.6528,-0.3558,5.6917,-3.1522,-1.4353,3
0.082481,-1.359,0.95055,-0.69563,0.78811,-1.0298,14.054,0.95747,3
-1.4995,3.2565,1.7685,-0.64224,-0.080146,2.3685,0.65656,-0.74206,3
2.0475,0.255,-0.87554,1.7723,2.0996,2.9083,6.5265,1.3619,3
-2.957,-0.85045,1.4327,-1.1006,4.8035,-3.8523,1.7044,3.5906,1
3.6224,-0.26583,0.63236,6.2886,0.21099,2.6452,0.52706,2.1465,3
-2.3985,-1.6713,4.2208,2.6284,-1.5144,-1.2085,-4.8214,0.43164,1
-1.5088,-0.45329,-0.23339,-0.42153,-0.4383,-0.31296,12.821,6.3019,3
-0.1356,-0.039226,3.1599,5.1897,2.6743,3.5572,7.641,5.9031,1
2.4981,2.2448,6.2444,1.2374,6.4398,8.0351,-2.2699,7.6558,2
0.94964,3.2838,6.3747,-3.917,2.066,9.2372,1.7617,7.3311,2
-2.5822,-1.77,1.3068,1.9175,-0.74091,-0.27491,3.6594,4.3639,1
-1.8722,0.60376,-0.096904,1.1995,-0.39892,-0.10974,-2.2507,0.59181,1
1.1854,-1.2665,2.9479,-1.396,-0.82054,0.47093,6.718,1.2305,3
-0.97294,-0.56426,-0.18656,-0.57474,5.5349,9.7764,5.9947,-1.1702,1
1.9926,-1.7607,5.4571,-5.6035,5.0936,2.6332,2.199,4.9858,2
1.93,-0.038303,2.5939,4.2254,2.1937,7.9581,0.59307,6.0992,2
2.9585,3.1654,6.1139,-2.2763,4.2818,10.499,2.6253,4.0959,2
-0.064238,-1.4155,3.1002,-1.5016,3.5686,-2.8565,-0.51092,5.2503,3
-0.13979,0.92385,6.0512,3.0488,7.0175,7.2738,-1.1969,2.5733,2
-0.97294,-0.56426,-0.18656,-0.57474,5.5349,9.7764,5.9947,-1.1702,3
2.7135,3.4997,7.8026,3.6301,4.6612,-2.6712,4.901,3.8832,2
-0.70973,1.1428,5.7024,2.811,7.2032,1.0364,-1.0986,7.8826,2
-2.5943,0.54257,0.021173,0.14845,-0.55171,-2.2345,-4.2716,3.9924,3
0.75558,0.089055,4.4028,-1.229,1.2757,9.618,3.1242,-0.86289,1
2.8383,3.8647,6.7657,-1.4718,6.9987,8.1688,4.4879,6.9412,2
-2.211,-1.6131,0.23591,1.7317,-0.16074,-3.6291,3.4735,1.8221,3
1.0415,1.4093,-1.1271,0.3535,-0.39758,10.643,-2.3601,-1.2312,1
0.80933,-0.17291,3.6018,-6.1898,2.6773,0.087182,1.2898,3.1042,2
-1.1951,-2.2691,3.7173,-0.68382,0.83411,-4.5343,0.5112,2.0935,1
0.032003,-1.1314,-1.934,2.014,-1.6795,-3.652,-1.2043,-0.69546,1
3.2693,-1.2696,-1.5794,4.9999,5.5137,10.483,2.7368,2.6757,3
-0.6555,-2.5988,2.1209,-0.11363,-1.1248,0.55675,-1.4454,-1.3015,3
3.6481,-4.5138,7.1313,0.75055,4.9837,6.2795,2.2287,4.4925,2
6.2158,3.3451,2.722,-0.50094,0.90776,1.9351,-1.9645,-0.2357,3
0.67893,-0.25765,1.0147,2.8068,0.67479,7.5333,2.2071,-0.40576,3
1.0276,-0.17387,-1.2906,-0.73645,-1.5543,1.985,-2.0443,-0.73848,1
2.4151,2.0097,7.5581,4.3101,6.8034,7.7059,-1.0515,-0.23804,2
0.098201,3.7279,5.09,6.2542,6.8563,5.8368,4.6671,6.9771,2
-0.98668,1.1171,3.3681,-1.1995,2.4699,-0.71059,-3.2304,3.3549,3
-2.2726,1.5209,2.3284,2.2132,1.7168,8.2683,2.1,0.16927,3
-2.2704,-0.85335,1.1489,0.36865,-1.7722,-1.9611,18.742,1.2943,3
2.8533,1.516,6.5208,-12.292,5.8816,9.1018,2.0293,0.98567,2
-0.72697,2.8497,2.3065,-0.080353,-0.097827,-1.9515,-0.29037,1.8641,1
1.6355,1.0447,5.3014,4.5138,7.6022,5.7136,4.3847,2.4394,2
-2.7546,-2.3724,8.2337,2.2952,0.16628,1.1843,0.47744,1.7847,1
-1.1867,-0.86829,2.5881,0.068445,3.5758,6.1232,4.7537,-0.85188,1
-2.0302,-0.033602,-1.396,-1.984,0.82641,3.9303,0.3353,-0.47197,1
-1.0211,-0.85848,-1.6439,1.834,-1.2338,2.1954,5.3479,-1.0034,3
2.9857,2.1527,-1.5237,-1.3,2.8741,-4.0082,-3.1449,0.66326,1
-1.6567,-2.2941,-0.404,-0.006055,-0.14486,2.4999,2.5722,-0.88926,1
3.8239,3.0628,5.9553,-2.1067,5.0632,1.0947,2.7202,2.3332,2
2.0432,-1.8147,0.32052,-0.76873,1.7142,-1.6482,-3.14,-1.0542,3
-1.2981,-1.9429,3.1587,-0.46265,-0.17794,-2.4228,3.3352,1.6075,3
1.682,0.2417,4.8729,-15.684,4.6626,9.0122,1.6545,7.462,2
2.0974,4.6259,6.6342,-1.6047,2.8503,-0.6901,4.9428,-0.76692,3
2.0139,0.75483,6.8511,-8.1576,7.6893,-5.3999,1.6508,7.1333,2
-1.6131,-0.75363,1.5636,0.53249,0.25401,6.8564,-2.0671,-0.672,1
-1.0619,-1.8537,2.2396,4.4208,1.7839,-1.1594,-3.8137,1.9595,1
-2.5089,-0.40906,-0.4266,5.6402,-1.4255,0.11928,-1.4739,-0.23784,1
1.5239,1.4705,4.9481,-5.453,3.5766,4.7176,1.6095,4.616,2
-1.0152,2.8248,3.7584,0.6367,7.2618,-6.6545,-6.7868,1.4386,2
-2.3507,-0.16879,2.6948,-1.1715,3.5335,4.8147,-0.74691,-0.067,3
3.7712,2.6983,7.0475,-1.7536,3.5489,9.5452,4.5496,5.0541,2
6.2762,-0.010935,1.367,-1.0135,1.0544,4.6515,2.7008,0.66051,1
-0.58427,3.5049,-0.82369,-0.50146,3.6913,1.7003,-0.16985,2.5796,1
-1.7096,3.4226,2.7778,-1.3464,4.4646,-2.6751,0.20674,-0.14531,3
-1.3369,4.788,0.76712,0.061029,8.0792,-0.61327,-4.434,1.3157,1
1.2961,-0.78208,-0.065996,6.5831,0.5988,-3.3151,-4.4547,-0.35089,3
-1.6468,-2.0443,2.9446,-0.72366,2.3371,7.4443,1.301,-0.57341,1
1.4098,-0.70456,6.6819,-1.4032,4.073,5.9827,2.4831,5.7559,2
3.4584,0.22888,-0.47717,-1.5514,-0.2787,-1.7624,10.794,-1.2053,1
-0.75645,-0.29722,2.9485,-1.3784,-0.6338,-0.41643,-0.72849,2.3217,1
0.15598,-1.2457,-0.21811,0.012435,-0.070496,2.6699,-2.8895,-0.39942,3
2.733,-5.052,7.757,1.3301,5.6455,2.7298,0.97831,3.3599,2
-2.5022,0.6291,3.8317,2.1104,4.8868,1.6458,4.3573,-0.030564,2
2.576,-1.2469,-0.50827,0.4085,-0.82914,-3.8115,14.285,2.3477,3
0.032572,-0.91018,0.073224,2.5911,1.0849,0.67421,-1.2918,5.9357,3
-0.66408,-2.0105,3.62,0.41906,2.7453,0.87592,0.628,2.9957,1
-0.11995,2.8487,6.1951,-0.36098,2.5983,6.2663,2.8698,7.5377,2
1.0365,-1.1225,3.1913,-2.1458,3.9853,9.8427,1.0341,4.3027,2
0.5276,-0.6438,1.406,1.6626,-1.3102,1.5841,-2.2342,0.6064,3
0.79903,-2.1955,2.8244,-0.021802,4.6131,-0.90651,-2.0502,-1.5209,1
1.5634,1.8047,5.888,-2.5123,5.1829,2.2428,2.9063,5.7032,2
-0.52274,5.6987,4.6515,-0.69145,4.1423,6.4333,-1.9104,0.19907,3
1.3224,0.86121,6.8364,-11.316,7.8073,9.5336,3.4239,5.9921,2
-2.4326,-0.27783,0.74631,-0.95853,1.3104,5.6283,-3.1413,2.8744,1
-0.12849,1.2544,7.4733,4.5935,6.2427,5.7673,1.5023,5.1752,2
0.053715,0.20599,-0.10417,1.8145,-1.4961,-2.9729,0.46282,1.2561,3
-2.5602,-0.41871,-0.6101,-1.0212,2.243,-0.65373,0.23978,0.55588,3
3.4563,-0.030151,-1.7289,-0.43195,-0.56503,-2.4054,9.437,0.077835,1
5.601,2.994,1.3213,-1.2623,-0.30673,-2.9633,-3.3269,1.392,3
-2.5433,-0.075192,7.69,-2.6305,3.6147,-3.1739,-1.0081,6.1842,2
0.5989,1.3449,7.4385,1.6944,3.6419,6.0673,-1.0204,5.9474,2
-0.21615,0.40231,4.9904,3.8092,6.0299,0.85944,-0.91244,3.5573,2
-1.9667,-1.9602,1.2974,-0.12175,1.503,9.3586,2.5299,5.1917,1
-1.9936,-0.78297,-1.5193,-1.6505,-1.658,-0.023009,1.0066,0.22834,3
-1.2426,-1.6015,4.5866,1.4055,2.6654,7.3014,0.86264,0.96277,3
1.7979,2.4645,2.9823,6.3143,5.0568,8.9131,1.5146,6.4639,2
0.38639,7.3644,4.7103,-1.4719,1.5465,-3.7298,-3.7573,0.84506,1
-0.37911,-0.94228,2.945,4.061,2.7833,-12.215,4.4951,4.9387,2
-3.1696,-3.5996,5.5754,6.6942,0.92393,5.9966,5.3944,3.7477,2
1.8491,2.4866,5.7196,1.9744,5.6165,7.6155,0.30722,5.7684,2
-0.24543,-1.3765,-0.96116,-0.76098,0.36024,-2.7705,9.0458,-0.80475,3
3.0869,-1.612,0.24518,-0.17591,0.84797,3.5024,-1.1804,-0.71077,1
-2.3832,-1.7063,-0.079006,0.86504,-0.43455,11.258,1.3388,1.6757,3
-0.45254,-0.23586,0.58002,0.90683,1.8112,-3.4023,2.9555,-0.18023,3
-0.96547,4.1142,1.4699,-1.4944,-0.24192,0.69103,2.9298,8.7173,3
2.3029,-0.44134,-0.88967,1.2109,1.8026,-2.6029,1.8252,0.266,3
1.6845,1.4035,6.5816,5.5906,5.5096,4.1251,-1.0688,3.8354,2
-1.7134,-2.2639,0.07644,-1.7535,-0.000406,-3.6533,2.2879,2.354,1
-0.077643,-1.7374,2.9161,-1.0506,0.61564,5.2275,3.206,-1.149,3
-0.46524,-0.77906,1.003,-1.8045,-0.46161,3.9083,-3.9916,-1.2948,1
1.7447,1.7313,1.5333,-2.6683,4.2575,5.6775,4.3153,4.1787,2
-1.5163,0.74649,7.7283,-0.97791,1.0785,0.1349,0.9105,3.2454,1
-2.0729,-2.0179,0.67869,2.1365,0.8722,5.2069,-2.1869,0.56666,1
0.28005,1.0792,1.193,3.3185,1.4018,1.0574,7.5112,0.65594,1
1.5486,-0.36745,1.0284,1.0697,6.571,7.1663,0.63696,5.1904,2
1.4878,-4.5434,6.3452,-10.019,-0.16638,7.4282,-8.1803,2.8514,2
-1.344,1.2774,1.1293,-0.77671,2.2359,0.91896,3.2341,0.13994,3
0.7363,0.34529,4.339,3.7404,6.2505,9.3816,1.2938,7.1409,2
2.8665,2.117,0.62203,-1.8793,4.0797,3.142,9.9812,3.4549,1
3.5227,-2.325,0.37197,4.9441,2.1014,-3.3835,1.7438,1.0869,1
2.4024,-1.3879,2.9591,3.9314,6.6813,-4.0524,-0.23234,-0.94245,3
-0.011308,2.0383,3.5534,0.073656,5.4007,-2.6231,5.0402,7.2318,2
2.9452,2.729,0.80551,4.0018,-1.2957,-0.18574,1.0753,0.72773,1
3.2509,-1.5753,2.5063,1.6144,0.27506,4.4892,1.3914,1.834,1
3.3929,0.18493,1.3023,3.8477,3.933,-1.1509,1.4357,-0.1116,3
0.30624,-0.18675,-0.60193,0.47189,3.3696,4.1808,-0.35011,-1.367,3
0.35147,0.21918,7.2888,3.5412,4.1893,9.899,0.78072,6.0367,2
0.51479,-1.5835,-0.45595,1.7065,8.0169,6.6231,4.0701,1.2721,1
1.5496,0.74593,-1.4991,-7.0327,3.0232,8.9925,0.61068,6.047,2
1.4791,-1.0598,1.6059,7.2751,0.029077,-0.67775,1.3521,1.3552,1
1.1458,1.144,3.487,-4.4999,7.6197,10.021,0.066448,4.0426,2
1.9398,-0.35951,-1.0171,2.5281,1.3195,15.173,-3.4847,2.0436,3
-1.6591,1.4031,7.1339,-0.3822,5.0925,10.389,-0.7742,5.2961,2
-1.8802,-2.6359,1.8569,-1.1328,1.6422,9.6466,0.97169,2.348,3
-0.98459,2.1465,3.0879,1.4327,-0.7462,4.7814,-0.377,2.7071,3
-1.8964,0.74647,6.0944,0.57939,2.5867,2.3298,3.9104,4.4243,2
-0.82476,1.0089,0.45541,-0.1753,-1.8542,-3.6144,-3.1977,3.6855,3
0.9927,-0.37895,0.79859,0.13399,-1.3511,-0.53942,10.407,2.6079,1
-1.106,-2.2235,-1.5546,-1.7194,2.9452,1.3582,2.9849,-0.96211,3
3.3443,1.4678,3.7726,-5.2966,7.8394,7.8988,-3.0721,3.804,2
-2.3982,-2.3742,1.5447,-0.74526,2.2605,-4.1336,1.2666,-1.0466,1
2.2695,1.235,6.5946,-3.3423,1.6593,2.5171,2.682,6.5601,2
1.2961,-0.78208,-0.065996,6.5831,0.5988,-3.3151,-4.4547,-0.35089,1
0.26477,2.2771,7.1851,0.98885,7.6768,8.3449,4.3451,6.0468,2
-0.16636,-2.1205,2.3183,2.5134,0.59434,-1.8605,9.9116,-1.3166,3
3.617,0.16445,5.5739,-1.2153,6.5416,7.1622,2.8491,7.4544,2
1.6309,1.5166,3.4132,-1.7518,4.7515,7.8557,0.78433,6.2085,2
-2.4045,0.59447,0.57718,-1.9196,1.3252,-0.30457,6.0264,1.6751,3
1.2525,0.34482,-0.2323,1.1539,5.8763,-0.14499,3.9764,1.6919,1
3.5481,1.0439,3.9944,-6.0221,2.5661,9.0295,-0.46795,2.8139,2
-1.6784,0.82826,0.96392,-1.699,2.4323,5.7806,3.0648,1.4506,1
-0.13583,-1.9208,-1.4646,1.3074,0.22347,0.16685,-2.3842,-0.25577,1
-0.49382,-0.27181,1.0622,2.7811,2.3876,0.96045,10.054,4.454,1
-0.090148,-1.0311,-1.403,0.63378,0.20195,-0.19224,-0.44796,0.45213,3
1.6155,1.4423,3.1274,4.3911,-0.78033,6.463,1.7125,5.22,2
3.4433,1.6301,-1.9833,7.9233,3.2622,-2.6885,4.0018,2.0116,1
2.1955,-1.5714,7.3684,5.4559,7.4299,9.6988,2.9469,4.9469,2
-2.4527,-2.2252,8.0152,3.3611,0.01993,-2.7835,6.2789,2.0797,3
1.8956,-0.89791,4.0786,-3.6694,4.6953,4.3588,-2.4451,6.8047,2
-2.5934,-0.062487,0.16521,0.20951,0.34223,0.13975,11.093,1.9745,1
2.0984,-0.80485,3.2686,1.5211,3.3467,1.0413,6.3119,1.0079,3
-2.5987,0.80004,3.9712,4.1756,2.0362,3.3412,4.8857,1.7582,3
-1.9054,-0.28003,-1.2328,5.1102,-1.3056,5.1167,3.7103,0.95293,1
3.7419,-1.6561,0.079913,3.2315,3.5568,-2.7262,17.371,-1.2526,1
1.2278,-0.54163,5.3732,-0.85999,4.471,6.7378,-1.198,-0.99189,3
1.7699,-2.0397,2.3355,-0.73544,1.8702,-2.0076,2.8602,-0.68983,3
1.0199,2.5498,0.84785,1.121,3.2925,6.29,3.7402,1.8774,1
2.6434,2.1631,6.1507,1.1956,6.9937,6.238,4.7942,5.1406,2
1.7224,-2.5165,-1.17,-0.90077,-0.6547,-1.704,6.6153,0.5805,3
1.2507,1.8646,5.2367,4.2198,6.5141,7.5723,1.6177,4.9338,2
0.82828,-1.6035,1.3152,-0.56285,1.2602,0.27023,-0.88603,0.94637,1
1.912,0.54839,1.1016,-0.73834,0.75591,-3.8989,-1.5035,0.59095,1
2.8936,2.5699,2.7143,2.4221,6.8192,-4.2566,-2.4857,0.65275,2
1.9725,-1.0654,-1.8065,0.33138,1.2217,1.599,0.44934,-1.3785,1
2.2703,-0.38053,0.8421,3.6287,7.6154,2.6206,2.5864,2.8142,2
-2.0666,1.8907,2.2218,0.92573,-0.57214,-3.5564,3.1139,-1.1057,3
0.57722,3.6289,0.77294,0.44742,3.2995,-1.417,-2.9134,-1.4823,1
-1.3874,-2.321,-1.1078,4.4239,1.322,-3.0513,7.8176,-0.016815,3
2.6346,2.9075,7.5578,2.6193,7.3226,7.8353,0.13317,6.6233,2
0.32161,3.2738,3.297,1.0982,2.7101,6.4872,4.0337,5.7886,2
-0.49581,-2.4261,1.7698,-0.68927,0.38349,6.2191,4.3517,-0.27206,3
0.82281,-1.2631,-1.6265,-1.3385,-1.518,-3.0432,1.1373,-0.70139,3
1.6816,2.8224,1.2806,0.57829,0.96908,2.1557,2.6464,-1.2231,1
0.10565,-1.4968,-0.68036,0.48961,0.081807,3.214,-1.0744,-1.3999,3
-1.9086,0.68621,0.27467,0.17757,-0.92976,-2.5938,6.8181,2.9891,3
-0.92471,0.15923,0.30751,0.63305,0.034129,-4.6384,2.1841,-0.64265,1
1.2424,2.6891,7.1173,2.6236,4.5335,9.9875,2.11,7.8313,2
-1.0572,-0.62257,1.4731,2.1067,3.3906,3.2294,3.5313,3.2669,1
-0.97341,3.956,3.6808,5.6106,-0.92017,-2.703,15.105,-0.79533,1
-0.84504,0.7335,0.015964,2.0171,0.43374,0.64511,0.21091,-1.4678,3
-0.27858,1.7896,1.8379,0.48398,0.68477,-3.4833,-2.8624,-0.98866,3
-0.41721,1.3525,5.6645,5.62,5.6958,2.3238,2.9274,3.5771,2
-1.1911,0.55705,3.5988,1.1874,0.59963,1.6301,16.075,3.5301,1
-3.4411,1.0536,6.605,0.57998,5.3263,3.8751,4.8451,5.5877,2
4.5732,2.4397,0.76919,-0.40585,-1.3442,-1.3366,-3.7938,-1.1067,3
1.8674,1.4073,-1.0089,1.3341,2.1438,2.6094,-0.14717,-0.49662,3
-6.1115,3.2095,6.4054,2.0921,1.8673,4.9158,3.5329,4.5227,2
1.3379,-0.41769,-0.090883,1.6272,3.7437,2.6699,-3.8507,-1.1496,1
3.0978,1.9724,5.6664,0.352,5.0588,0.84144,3.859,2.681,2
0.3585,-0.53111,0.19528,-0.57316,-1.8277,4.0365,0.42933,4.2914,3
-0.17141,-1.04,2.1439,-1.3271,1.6863,-4.7774,-1.9108,0.54603,1
1.3199,-2.1729,2.4137,-0.89428,-0.25235,3.3442,-3.6134,1.5029,1
3.2776,-1.0269,3.7097,4.9191,4.8811,5.0577,5.3792,4.0132,2
-1.305,-2.3436,-0.93074,-1.2382,-0.29654,3.655,0.31015,-1.238,3
-2.6475,2.7376,-1.3401,0.33334,1.5462,11.173,8.9834,1.6117,3
2.8347,-1.1928,-1.1315,3.7888,1.3741,-1.1436,6.8897,2.6812,3
-2.2418,-0.18367,0.36964,-0.91898,0.41662,2.7927,0.52411,2.1374,3
-2.4068,-2.0083,-0.057623,-0.050288,2.8416,9.8454,6.7949,3.7296,3
-1.7271,-1.8842,0.20674,2.5544,-0.52873,0.74745,-0.17241,1.3168,3
0.63349,3.6302,7.6424,2.444,4.3221,9.0644,1.3886,4.8461,2
4.1378,-1.5244,-1.3145,1.3001,1.8046,1.0989,0.62003,-0.6685,1
-2.3944,-0.77022,-0.43813,-0.18723,-1.1613,-3.7584,0.48799,3.4592,1
3.9038,0.30884,4.1089,1.6657,2.5079,1.834,1.3445,-0.44345,3
-3.3352,3.184,6.9488,-13.281,3.8967,0.032541,1.7179,5.544,2
1.1848,-1.3388,2.1585,-0.060017,0.56531,-0.66532,-1.7773,-1.1511,1
-0.80624,-1.7161,-0.77405,0.7059,-1.0136,-4.6506,0.29554,-1.1031,3
-0.82485,-1.9791,2.2617,4.833,-0.2112,-0.82993,5.9896,-0.70386,1
2.4214,2.2806,6.4311,-4.4512,5.9578,7.4395,4.4838,4.8237,2
-0.92062,-1.2809,3.1302,0.32137,-0.6216,12.184,-0.43517,0.023211,3
-2.484,1.9759,3.6587,0.022479,2.1968,5.0965,7.194,-1.1213,1
-1.0338,-0.74406,0.46606,1.4193,1.7184,2.5482,4.5336,0.04882,3
-0.60048,-0.475,-0.78001,-0.52853,-1.5045,-2.5917,-3.1407,0.71993,1
2.035,0.64425,2.0283,6.4395,4.9821,5.4746,-1.7978,6.0999,2
3.6279,0.2855,3.6166,1.0725,-1.2375,2.6659,4.724,-0.78703,1
-0.11189,-2.6297,-1.4355,-1.2212,5.1174,3.2345,2.7153,-0.42053,3
-1.4425,-2.3172,-1.7498,0.6785,0.24914,2.2046,-0.25814,2.9664,1
3.0654,2.7369,7.3132,-0.16648,1.5041,1.3786,4.163,3.2578,2
2.3698,1.5141,6.4781,-10.258,4.9531,2.498,2.2086,3.4036,2
0.67735,1.429,8.1588,-1.3375,0.34299,2.6511,1.6109,-1.4476,3
3.6292,0.82548,5.7587,3.9239,4.3505,7.8664,3.7333,6.411,2
0.6422,-1.4488,-0.99303,4.6807,2.8947,3.3631,0.54291,2.1843,3
2.9403,2.0734,5.7708,6.4461,4.9891,4.8695,-0.7003,6.712,2
-2.0577,-1.106,-0.12853,0.75004,1.845,2.4068,-2.5422,1.0662,3
2.7456,-1.5296,1.6232,1.1344,-0.41487,-4.0922,1.8937,-0.69986,1
-2.494,-0.80752,-0.97891,-0.21811,2.197,-4.1484,-0.87169,0.97968,1
-1.8192,0.59856,0.66063,-1.1475,1.6074,-3.6718,3.2303,5.5448,3
0.15123,0.73118,5.1812,1.5607,5.484,8.9574,-2.0903,4.5751,2
-0.15973,3.0422,4.9978,3.1493,1.5144,3.6831,-4.1561,3.4743,1
0.085506,-1.8585,0.15795,1.3665,-0.26177,-1.3556,2.0471,-0.54185,1
4.8505,-2.3861,4.5242,-0.67068,2.3644,-0.69166,-1.5447,1.9091,3
-0.76367,-2.5202,-0.91275,-1.025,0.97932,-1.5864,-1.5532,2.6044,1
-3.2201,3.2531,7.7757,4.4903,5.3355,8.652,-1.8698,7.1112,2
-2.7082,-0.30273,-0.43073,1.9735,1.6946,3.1088,-0.13435,-0.19989,1
-1.3106,-0.97865,7.1259,5.4839,-1.7356,-0.53714,-0.70411,5.8989,2
3.4603,0.60874,4.6423,-1.6497,6.039,0.91457,-1.3757,7.4268,2
-1.1894,-0.78355,0.65641,-6.5442,6.4081,10.686,3.7284,-0.92693,2
3.0802,1.2065,7.122,-7.9401,6.221,1.8301,-0.040851,6.8997,2
1.1328,2.2607,2.1935,-0.1073,5.1695,4.0502,-3.0639,2.7845,3
-0.482,3.38,2.0717,1.298,4.915,8.5841,-2.4099,7.1986,2
1.3084,-2.367,-0.11279,-0.98299,1.9865,-3.2073,-2.2511,-1.3019,1
1.5058,0.86307,6.0879,2.0252,2.2211,-2.7712,3.8007,7.4172,2
0.89172,0.84356,5.4448,-4.5129,7.6412,7.179,0.40538,6.1802,2
-2.3394,0.44818,0.86624,-0.040152,-1.9632,2.1961,5.0327,-1.1576,3
1.1964,2.2985,4.4228,-1.6676,3.1326,5.3273,4.2181,2.1964,2
3.1012,-1.7339,5.4616,2.9341,7.5679,8.4255,0.98104,5.7258,2
-0.25182,3.6078,0.10183,-0.6871,-0.056766,0.93912,12.181,-1.0778,1
1.6468,0.36284,2.8983,2.5744,4.9294,-2.9111,-1.7801,7.2079,2
3.3323,0.85447,6.3239,5.5801,2.9142,2.3054,2.723,4.5041,2
-0.97576,1.4723,-1.9401,4.3045,4.2518,5.907,1.9933,7.5302,2
-0.007421,-1.4634,3.2873,-1.0811,0.22699,-4.6792,1.2256,5.2426,3
3.6296,0.69073,7.2295,5.9286,6.3775,5.9307,2.9517,5.6528,2
4.2983,-0.59526,0.72412,-0.26082,3.2304,-1.1523,3.627,2.0131,1
1.2884,-0.15774,-0.24377,-0.37891,0.51105,-1.962,5.1081,0.64072,1
-0.70666,-0.70468,3.1274,-0.7595,-0.61305,8.9932,7.6961,-0.87529,3
1.5646,2.3006,3.1944,2.2547,4.2312,3.6017,2.4625,6.6029,2
-2.4145,0.047472,-0.62042,0.091846,1.9288,7.3891,-3.6313,1.2025,1
-2.8306,-1.0336,-0.43723,-0.025639,4.8922,2.6264,-0.90727,-1.3582,3
0.37153,-0.29114,-1.1528,-0.29001,4.8095,-1.6328,9.0261,0.43112,3
-0.34693,1.2462,7.3251,-1.4158,4.9902,3.6195,2.4359,6.1411,2
0.30813,-0.19411,-1.1573,1.032,3.11,-1.0618,1.4256,0.1733,3
1.0279,-1.9479,-0.70031,-1.4203,1.313,-1.6315,4.2391,1.2872,1
-0.50923,1.274,4.4803,2.3287,5.9787,6.3829,3.8611,7.6108,2
0.79369,1.0787,0.40353,5.8162,1.9697,12.91,-0.5907,3.722,1
-1.0553,0.66805,1.7281,1.7604,6.3979,-3.2645,-3.1514,0.76158,3
0.45939,0.60607,0.71662,2.9505,-0.7386,6.962,-2.9097,1.356,1
3.9501,-0.13453,5.6525,3.5635,6.7088,-8.7782,2.5109,6.4787,2
-2.3494,-2.3633,3.1465,1.067,1.1484,-3.9269,-1.8247,-0.15602,1
1.0283,-1.0425,1.2536,2.4134,1.2547,2.9872,0.20153,4.3381,3
0.64845,-0.17591,1.4683,6.4595,-0.58,5.3927,3.8218,-1.0864,3
4.4805,-0.91704,-1.2616,-0.20805,-0.25716,4.9467,-0.18827,2.0103,1
3.0983,1.3002,4.7079,-1.1113,7.437,8.1748,0.43433,0.72862,2
-1.2075,1.7334,5.0572,-0.1398,4.0011,-5.7963,-2.8671,6.8862,2
0.24209,0.56716,7.3963,5.1846,6.1113,7.3596,2.7743,2.945,2
-0.31056,0.47975,6.7214,2.185,3.6567,-3.373,-0.82283,4.3979,2
2.0679,3.2816,0.55395,-0.28323,1.6607,11.148,10.073,1.2104,1
1.039,1.8364,6.4744,3.5526,5.073,3.4065,-2.5714,5.3598,2
-2.6465,1.2145,1.1457,-1.1172,0.56397,-3.9252,-4.7002,0.34079,1
0.78153,3.1007,7.4873,-8.099,3.1963,7.7088,0.30889,6.1577,2
0.43299,-0.82639,5.4385,1.5407,3.3777,0.75808,-3.7262,5.3141,2
-1.5027,1.2244,1.8364,0.93857,4.4717,12.2,-3.8754,0.18671,1
0.5292,1.1843,2.7671,3.3149,5.0082,1.5824,0.017709,3.553,1
-2.0962,-1.2997,-1.5161,2.317,4.7574,0.43099,11.799,1.9874,3
1.0678,6.0238,-1.3961,-1.4209,-1.5834,-4.0461,1.6066,-0.81961,3
-2.0959,0.75935,3.8991,1.1019,1.5529,-2.7007,2.0357,2.2882,1
-1.8871,3.1653,-1.4878,1.3681,-0.66139,-3.2296,5.8159,3.6209,1
3.7923,-2.4813,5.3849,-0.69292,3.8339,1.2361,5.2005,5.9752,2
-1.4935,-0.81018,2.6822,0.77974,3.8686,6.0939,7.4244,1.2347,1
-1.843,-1.1358,1.6128,0.53573,0.12049,3.0567,4.6869,0.83496,1
-2.5302,-0.32109,1.5723,1.0422,2.014,1.4205,1.917,0.14673,3
0.68779,2.3732,4.5555,4.4943,4.5576,2.558,1.2374,6.3249,2
3.8161,1.4292,0.25291,-1.4444,2.3284,1.6769,3.9875,2.2619,1
-0.1479,-2.7147,0.76834,-0.72315,-0.86294,4.1198,-0.93829,-0.10674,3
0.48594,4.6619,-1.6227,1.693,0.95885,-3.6178,1.8498,0.56569,3
3.2313,-0.10888,6.9417,4.31,0.90233,6.4355,-1.2852,3.4578,2
0.84345,-1.3524,-0.43896,0.11745,6.1648,2.0208,5.2735,-0.096821,3
2.2895,-1.9426,2.3364,4.3329,6.7137,8.8343,-1.279,2.4906,2
-1.161,2.0479,3.5259,3.4508,1.287,-3.653,2.4725,5.6791,2
-2.122,-1.6768,2.522,-0.53139,0.3047,-0.80137,1.9839,-1.1248,1
3.3031,-2.5597,5.7175,-5.7867,3.7855,9.9917,5.3228,6.3222,2
1.1217,1.6405,-0.51458,-1.8892,0.93512,-0.34576,-1.7982,1.1584,1
-0.41516,-0.59138,2.5749,0.76489,1.5389,2.5576,3.9854,-1.333,3
-1.7662,-2.1755,0.42639,0.68625,0.43851,-3.8547,4.3662,-0.16279,3
3.6849,-2.7712,-0.39124,-0.19524,7.5532,1.2352,1.8988,-0.76552,1
-0.76083,1.9894,3.2464,3.8153,4.6864,3.3705,2.2464,5.5231,2
3.9253,-0.73279,1.0324,-0.33966,-1.3667,4.6693,-0.52889,0.66693,1
0.27939,3.0042,6.6231,3.0809,5.1333,8.525,0.62444,-4.3382,2
0.39504,0.17853,-0.54669,0.92998,10.793,1.0321,-0.50706,-1.0893,1
0.76177,0.4388,6.0634,-2.5854,3.0022,9.8736,-3.418,7.5709,2
4.2997,-2.4606,0.2489,1.0255,0.64628,-4.7232,-3.7745,1.5148,3
-2.0647,0.093042,0.059149,2.0889,1.1225,-3.2319,1.1892,-1.1471,3
2.1277,0.79177,6.3037,3.6465,6.2785,0.081724,4.2015,5.0191,2
0.4092,-1.5183,1.1474,1.1239,1.5824,3.5965,0.4224,-1.343,1
0.009863,-2.494,-0.96142,2.2227,2.6194,11.694,-3.6348,0.54205,3
-1.8572,6.2836,0.01675,0.009092,2.6182,-0.50315,0.50653,4.7538,1
-0.30418,-0.78599,-0.27373,0.83933,-1.5292,2.2617,-2.1517,1.7624,3
4.4683,-1.5796,6.7002,-1.116,5.366,-1.5366,7.1775,-1.2483,1
2.2413,3.085,-0.51781,0.086506,4.5238,8.5652,2.5195,6.2654,2
-2.7768,-2.1679,2.3655,0.83548,1.0572,1.1275,2.7198,1.1233,3
1.0263,-0.42078,0.26367,4.132,-0.85704,0.62864,4.2869,-1.0112,1
-0.53263,-3.2296,7.7431,-2.3113,2.2644,-3.5849,-0.99734,5.2012,2
3.1436,-2.8353,5.5222,2.8106,4.5225,10.329,-1.1221,7.0366,2
1.2375,-2.6899,-0.86989,0.5435,0.22936,4.0646,1.1958,2.0289,3
1.6817,-0.80412,7.5404,5.2657,3.501,10.346,0.34697,5.6453,2
2.6994,2.2874,3.0466,3.6205,5.5071,6.6026,1.9725,7.058,2
-0.022592,-1.49,2.4043,-1.9447,-0.015803,10.147,3.3105,1.43,1
2.4409,3.0948,3.8037,5.0739,0.92252,-5.8534,1.8872,4.7583,2
0.29725,0.72514,-0.83474,0.32733,4.6354,-3.0064,-1.8432,0.45989,3
0.24007,-2.3989,5.7302,5.642,5.2661,-0.36856,-3.6791,5.6836,2
3.1769,3.2886,0.13225,-0.53852,-0.46054,-3.5104,-1.5546,-1.379,3
-1.8244,0.31156,3.8708,-6.8546,2.9624,1.9574,0.92243,7.7199,2
-1.6475,-0.79765,1.3667,-0.3131,-0.49148,10.797,-0.1779,-0.98118,3
-1.3106,2.9874,-1.2163,-0.2392,2.5746,-2.4466,-4.2229,-1.5643,1
0.58165,1.4422,2.8305,-0.4665,2.8105,5.3534,-5.8126,5.0077,2
-1.7577,-1.1236,-1.5297,-0.78254,-0.59312,2.5043,-4.0113,2.3506,3
2.3163,1.0191,6.0819,5.0992,6.3655,7.8285,-1.0097,4.8121,2
-1.6131,-0.75363,1.5636,0.53249,0.25401,6.8564,-2.0671,-0.672,3
3.3303,-2.224,2.7585,-0.63587,-0.73774,-0.88678,-3.2426,-0.045384,3
0.20524,-2.7903,2.4009,1.4426,-1.2247,0.15908,-2.276,3.7399,3
-1.1355,-1.0495,-0.37077,0.39383,-0.59328,-4.3192,-2.714,-1.3954,3
1.9157,-0.93565,3.3098,0.45655,4.4941,5.4511,0.94891,7.3018,2
-2.3626,-0.15142,-1.4199,1.7859,2.3256,3.9464,2.2735,0.87438,1
-0.71797,-0.14474,7.5522,3.1082,5.8664,-2.1019,1.7149,2.5555,2
0.83025,-0.20219,-0.005192,1.6004,2.7252,-1.3877,2.4335,2.6824,1
-1.2721,2.943,0.070189,-0.21093,4.6091,14.728,-3.1653,-1.0232,1
0.67068,-1.1163,-0.23288,0.92895,0.3878,0.19218,11.125,-0.69858,3
0.26472,-2.2843,1.27,1.7554,0.24802,3.0347,3.0273,-0.84739,3
1.4682,-0.16653,4.4673,5.7399,4.3543,6.9725,-0.9652,4.2146,2
0.040242,1.6903,2.3571,-1.1062,-0.8977,1.0636,-0.99395,2.8037,1
-1.6097,0.59364,1.1402,1.8183,0.65897,9.4162,0.23985,-0.55536,1
3.8828,0.34841,0.31639,0.48811,-0.63336,2.5671,7.1964,1.2731,3
3.1696,-0.74306,-1.0807,9.6055,-0.72306,-0.10842,-1.4683,-1.0397,1
-2.9441,-2.8971,-1.0113,1.9159,0.39278,6.788,1.396,-0.29215,3
-0.51521,-1.9167,6.4765,-1.5143,-0.56027,-4.0495,-1.3074,-0.43313,1
0.66471,0.6535,8.2104,-0.89273,-1.135,-3.6122,-2.5918,-0.89476,1
1.601,-1.7677,-1.684,0.336,4.18,16.214,-0.16651,1.5278,3
-1.3046,1.7081,-1.0699,0.16193,2.8903,-3.597,1.3041,1.8175,3
-1.2824,-2.238,5.0492,-0.74355,-0.1456,4.9183,2.1601,-1.1526,3
3.2297,-0.35725,5.661,0.4589,6.7664,6.6619,-0.83471,5.076,2
3.144,1.6298,6.0592,6.4725,6.0891,2.2693,4.4774,7.45,2
-2.8009,2.9448,-0.69698,-1.4621,0.45114,0.50369,1.6727,-1.2216,3
1.3016,-0.5734,0.21697,2.1094,2.2597,1.4065,-1.2297,-0.95225,3
0.29495,2.5417,2.4975,2.7464,-1.8717,2.0087,-0.55331,1.2507,1
-3.1095,0.34419,7.3734,0.4728,2.5826,10.15,4.1486,3.4877,2
2.7308,2.6277,7.1909,0.75444,4.9257,7.2147,-2.6554,6.6523,2
-1.7845,-1.8416,5.1024,1.2367,-0.95258,0.025454,-1.4583,-1.4962,3
1.7529,-0.5053,5.8927,6.0534,4.1898,8.3544,4.261,5.2049,2
-1.4175,2.1552,0.92084,0.033728,0.27825,-0.43608,-4.5836,-0.90267,1
-1.6442,-0.3779,4.7525,2.0878,-0.78564,-1.2489,-5.0578,1.208,3
1.8856,2.4469,5.8263,2.864,6.7335,7.4361,2.8997,1.2999,2
1.24,-1.6829,1.2962,2.6773,-1.1645,-2.5475,-0.30256,-0.22163,1
0.96015,1.585,6.2726,6.7117,6.4914,7.4273,3.4195,6.7664,2
-0.48709,-1.0442,0.31563,2.553,3.6396,1.2042,5.5614,-0.21893,3
-1.3802,-1.2233,3.5925,0.11396,2.164,0.38041,-0.10155,-0.25429,3
-1.1541,1.6351,5.0934,-0.19785,-1.0021,-0.40011,-4.8246,-0.019234,3
-2.5266,-3.7506,5.9281,2.5263,6.6034,6.7042,-0.66569,3.4416,2
-2.464,1.0212,5.8707,-1.844,2.4576,1.4957,-2.7112,1.1806,3
2.6969,3.2012,4.7536,4.8464,4.5943,8.6915,1.5493,6.9583,2
2.2443,1.4178,6.2856,-6.0067,6.8365,2.7668,1.299,5.2641,2
-0.48661,-2.3988,-1.1214,5.0515,-1.2811,9.1235,-1.4874,2.1168,3
-0.28093,3.7628,4.7374,4.1061,6.077,9.145,3.6047,6.4797,2
-2.9185,-0.26015,6.0365,0.80305,1.8701,1.1069,1.6044,6.0953,2
-1.9857,-2.2587,-0.86961,0.14685,1.1741,-4.6501,4.0262,-0.99616,3
1.7899,-1.2872,3.0865,-0.69109,4.3424,-2.803,-3.1637,3.7634,1
2.5305,1.4286,7.3089,4.2941,3.1805,4.3382,2.1774,6.1703,2
-0.4768,-1.9407,1.6147,0.9537,-0.21638,-2.4622,1.7501,2.8439,1
0.61363,2.1241,5.0394,-0.70371,3.8442,8.1017,-7.1483,3.7309,2
-2.1636,5.2143,-1.1661,1.8933,4.0279,6.7178,-2.5918,0.10738,1
2.2845,-0.45631,3.9138,-5.3854,7.3205,2.8461,3.271,7.565,2
1.7083,2.8554,-0.71217,0.6868,-0.91345,5.8571,3.7159,-1.91,3
1.5052,-4.1131,4.523,1.027,5.8217,6.3004,0.16216,7.2998,2
-0.81264,1.4239,5.9165,4.179,5.7119,9.2915,3.122,2.2732,2
-0.20773,-0.80454,-0.61361,1.5905,-0.56969,5.9192,-2.0953,-0.79421,1
3.1648,-1.9838,2.0566,5.984,6.844,-1.4778,-2.825,4.1051,1
-2.1175,6.8416,1.5506,-0.50742,0.27763,-3.6285,-3.754,0.045615,3
-4.3576,1.2793,5.4817,-4.5783,1.3959,6.8938,3.6699,4.3512,2
-0.24266,-0.21341,-1.2593,-1.3544,-0.11582,-2.4016,0.036561,-1.1348,1
-0.8109,0.99789,5.8231,4.9143,5.0642,4.9311,0.80751,1.7719,2
-1.3224,-0.54473,0.66709,0.8276,-0.46921,8.9804,-2.0324,-0.43855,3
1.1205,8.4193,-1.0011,0.96478,-1.194,1.2801,-2.9668,-1.4971,3
-1.805,0.19469,-1.4253,3.5367,0.47173,-0.97607,-1.5282,4.1114,1
-1.9111,0.79517,2.3063,-1.2506,1.5097,-1.2579,0.97579,3.0111,1
0.40388,-1.7656,2.5562,0.70017,-0.76372,2.3168,3.3687,0.56833,3
1.1971,4.7463,0.10626,-1.0717,0.24082,-3.7274,-2.5299,1.073,1
-0.18193,-1.0277,-0.30755,1.5531,1.2297,-0.08292,7.5433,1.0716,1
-1.9488,0.96287,4.0447,3.6611,4.9801,3.3167,3.7167,2.9395,2
0.73911,-0.83323,-0.236,1.9678,-0.59053,1.082,-1.7982,1.8921,1
-2.1677,-1.4994,4.2301,2.597,0.9926,-0.27592,-1.5302,1.8061,1
0.40739,1.5166,0.14869,-1.4292,-1.2726,-0.86316,3.7825,2.6842,3
2.7181,0.30902,4.0789,4.471,6.5044,-5.3543,2.851,4.1246,2
2.9625,-0.41787,-1.1239,0.50031,0.12942,3.4932,-3.8713,1.0286,1
-0.75449,-1.6693,-0.59362,-0.41599,-0.095495,-2.3195,-1.3285,-0.58917,1
-1.3807,-0.13922,-0.001229,1.0604,1.898,-3.666,-2.0283,2.7582,3
-0.79756,3.3249,-0.11124,-0.73522,0.49001,1.9866,-0.93862,4.5858,3
0.87159,0.4859,0.58648,-1.4276,-0.014262,-4.1079,-2.3364,1.5469,3
-1.4263,-2.418,0.39052,-1.3835,4.0452,-2.709,2.951,-0.37977,3
1.3466,-0.58518,5.0061,1.6214,1.6606,13.875,-2.6738,-0.18378,3
-1.7669,1.5148,2.6452,3.4089,1.2297,1.0667,-1.536,2.6224,3
0.5293,1.6985,5.6849,3.1442,5.1768,5.4662,3.4537,2.3714,2
3.1266,2.5125,6.5905,1.0088,6.0964,3.4513,2.9831,3.2578,2
0.54755,1.4628,2.6644,4.0703,1.7533,-3.8704,-2.5564,0.5926,3
-2.2838,-2.337,4.2311,0.40429,-1.3252,0.97223,4.0198,2.6268,3
-0.6255,2.5227,7.4264,-0.29067,6.9235,5.045,3.1269,5.1119,2
8.3393,1.3555,1.2816,2.5612,5.5083,13.606,7.8911,-1.5241,1
-0.93802,-1.4857,-1.3007,-0.82203,-0.053803,1.6698,-2.6464,0.563,3
-2.0579,-1.5268,4.1004,1.1534,3.4924,5.1993,-1.2926,3.3121,1
1.3272,2.9532,5.3131,-4.3228,6.7446,0.89823,0.9751,3.3797,2
3.3803,0.010117,-0.51801,3.7225,-0.015647,1.0455,4.2109,0.50883,1
-0.24794,-1.991,5.1352,-4.11,1.8352,5.5231,2.8584,7.5481,2
-2.7633,-1.4449,-0.50023,1.669,1.5969,8.1319,-1.5563,0.79925,3
-1.4002,-2.0745,-1.6369,2.7235,0.5565,3.7238,2.2737,1.5745,1
-0.86796,2.66,7.1112,2.4999,4.0461,9.5166,1.5218,6.3941,2
1.5637,-2.0591,1.1985,1.8333,3.2499,-0.76833,6.2444,-0.000296,1
0.041544,3.9191,1.4843,5.4936,1.4732,-0.82489,6.0712,1.2881,1
0.54832,-2.0152,0.79659,0.18419,1.4382,5.2061,0.19831,8.14,1
-4.6775,2.8114,6.2683,2.0781,4.2068,6.5076,-2.2562,4.1625,2
-1.4418,4.5594,0.87024,1.9384,1.2712,0.53244,-3.147,2.1106,3
3.8168,3.2397,3.9284,-3.5796,6.497,3.3433,4.9933,5.96,2
1.6159,-1.3267,5.5706,-0.96291,2.6057,3.3036,12.19,0.11289,1
1.1523,-1.4004,0.19808,-0.98037,2.1434,-1.5067,6.786,0.2132,1
2.176,-2.8631,2.9429,2.6517,1.6811,1.6516,-1.6553,2.8092,3
3.6534,3.8701,3.5263,-1.1111,5.5729,0.27611,1.6596,7.1821,2
-1.2493,-0.63102,-1.4192,0.4344,1.4617,2.6104,2.3355,3.5607,1
2.5076,-0.59702,0.35139,0.47,-0.2254,-4.0749,0.31723,2.5941,3
-2.6739,-0.80642,3.749,0.59672,4.9947,-6.3151,-1.0574,6.9445,2
-0.30057,0.92197,4.736,0.54529,6.6994,4.9764,2.5442,6.5696,2
-0.36509,0.26786,5.6702,0.91197,-0.7393,2.304,2.5213,1.2521,1
0.4918,-0.10702,-0.42373,-0.46602,-1.2856,-2.7481,-0.37972,0.60172,1
-1.6154,-2.0497,-1.4476,6.3886,-0.96085,-4.6398,-1.7466,-0.23546,3
-1.1871,2.941,-1.2651,-0.99691,4.1158,-0.27459,3.1457,2.3543,1
-0.98091,-2.8709,-0.7342,3.5824,-0.934,-2.22,-3.3343,-1.3784,3
-0.87475,-0.56293,4.7147,-3.333,5.9735,4.5213,3.9335,2.3514,2
1.9092,2.5464,6.2687,2.8445,4.7906,-3.5703,-0.2829,6.4814,2
3.6837,0.29608,1.6095,-2.6785,2.196,2.4019,-1.587,7.3335,2
-2.4367,-2.2122,1.6386,1.2532,1.1199,0.33015,5.05,-0.081192,3
3.3674,2.2886,1.237,1.3289,1.1014,1.6582,4.7983,-0.77817,1
-1.4626,3.27,-1.3669,2.2822,-1.5683,5.6445,0.25997,2.2661,1
1.819,2.5892,4.7973,2.6989,3.9547,6.3261,5.004,5.7643,2
-1.1897,2.4665,-0.49903,0.42925,1.8654,5.0983,-1.5592,-1.4952,1
-2.0622,5.6607,-0.062129,-0.60035,2.5503,-1.8452,1.6976,-0.12236,1
-2.5139,-1.9832,1.0828,3.0431,-0.38592,-0.8426,-2.3818,-1.6118,1
-0.51192,-2.0099,2.5377,0.022841,-0.47932,9.7625,-0.91975,3.3521,1
-0.5917,0.31896,0.019205,2.5377,0.080661,4.5107,-0.6001,2.7348,3
1.1762,2.0348,7.1879,3.6218,3.2664,8.909,4.6519,6.3959,2
-1.3267,4.2846,-1.9016,2.1963,4.3579,2.9345,-2.2498,6.7549,1
0.1985,3.5408,-1.1728,-0.26126,3.4263,-0.51231,-1.5057,2.0196,3
-1.9247,1.1807,4.8487,-0.31096,-0.32604,-0.55425,8.3309,0.51772,1
-0.23891,2.8136,0.74746,2.6196,0.38849,3.3032,2.4982,8.2715,1
0.023849,4.053,0.021178,0.66355,0.39063,-0.18623,2.0497,1.0066,1
1.5276,1.5206,3.5143,5.2928,6.4071,9.9234,-0.018502,4.1442,2
-2.2698,0.014603,0.008256,1.8909,-1.0637,-1.591,3.8392,2.2214,3
0.17655,0.34571,1.8171,4.3158,5.9414,5.2285,0.98946,1.2619,3
-2.4239,1.1875,6.7413,-0.55751,7.7965,8.1982,3.2094,5.669,2
2.1177,2.1064,6.3644,4.4931,6.1996,-1.3,4.1707,6.6621,2
-0.88998,-1.0675,0.75028,-1.604,7.6804,-3.1735,2.4265,-1.2357,3
-0.42248,3.0421,0.83263,1.6394,6.3516,2.0175,1.4434,5.9098,2
0.56453,-1.2585,0.87962,-1.3609,1.3262,3.4397,2.6244,5.2059,1
2.0795,-0.36415,5.6109,1.8097,4.0658,6.8814,3.1352,5.4299,2
-0.40924,0.5953,0.81551,1.8244,1.4504,-2.655,5.9568,2.0572,3
-1.1787,-1.9034,-0.001218,1.3292,-1.7343,6.4767,-1.2742,-0.67531,3
1.2917,3.6292,1.2903,1.33,0.26905,-1.6111,-4.4211,0.39272,1
-2.2293,-1.235,3.225,1.4171,-1.3762,6.117,-1.1938,2.9923,3
1.7058,0.053091,3.639,-9.1677,1.4848,9.7678,2.611,6.9602,2
0.70518,2.812,2.4204,0.19978,2.8387,1.3901,-0.86313,2.5648,1
-3.0263,2.2334,6.644,3.4439,5.7189,3.846,4.5424,7.4271,2
-1.2514,3.0883,-0.31938,-0.22373,-0.30003,-1.4511,-2.4892,0.17162,3
2.881,0.54096,3.8003,1.4306,5.443,-6.6868,0.24095,3.1575,2
0.76737,3.3591,7.8761,4.3865,3.2159,1.1446,-1.8882,6.7135,2
-0.7901,-0.35851,-0.33892,3.1547,0.25789,-1.4126,0.14406,1.003,1
-1.503,-1.7566,3.4063,0.81929,-1.0992,-2.8625,-2.2698,-0.46286,3
0.79257,-1.7555,-1.3776,3.1206,1.4645,-0.79902,-0.28853,0.35967,1
2.2117,1.5498,0.41939,7.1518,-0.58325,4.7956,5.597,0.23382,1
0.60526,-2.3324,1.0991,-1.3278,1.3897,-0.68569,3.6309,1.351,1
0.032572,-0.91018,0.073224,2.5911,1.0849,0.67421,-1.2918,5.9357,1
-0.020498,3.0422,0.66617,-0.12587,-1.6843,2.3365,-2.6884,-0.99861,1
-0.17105,-1.1475,0.006066,1.247,1.872,0.43282,-3.5257,0.10977,1
0.86111,-0.10314,-0.56356,0.55313,-0.028236,1.8616,0.35633,2.4396,1
3.242,0.73491,7.4714,4.3398,6.7021,8.015,-5.1869,2.6608,2
-0.54091,2.4954,6.6802,1.6627,7.6073,2.7405,-0.75766,5.8596,2
3.5389,2.4607,4.7585,3.2982,5.905,8.8878,4.1303,1.6523,2
4.6958,0.31283,9.9754,-0.6483,-1.3584,-1.7857,-3.3155,0.17424,3
3.1042,0.97325,-0.26535,0.005479,-0.20745,0.41613,6.597,2.0573,3
1.5204,2.5618,3.2919,-6.2249,5.3849,9.9285,1.8178,2.9649,2
-1.6632,-0.11636,1.5887,0.10435,3.6598,-1.2726,0.51864,1.1692,3
-0.53435,0.76919,-0.15424,-1.4531,0.95678,-3.6927,-2.9881,3.3234,1
1.096,-2.4637,-1.4966,-1.1267,4.0632,4.2219,2.178,0.78343,3
1.1964,-1.2237,-0.45302,0.059071,2.3265,8.0686,-2.5482,-1.3055,1
2.782,4.4583,-0.27348,-0.3152,-0.32932,1.4091,5.3847,2.2276,1
2.458,-1.49,-0.55104,3.1482,-1.6488,1.5651,0.76554,1.2295,1
-0.66053,-2.2597,2.326,5.9249,2.4055,8.6557,2.9216,5.4265,2
0.18032,-2.6049,1.6346,1.8407,-0.31306,3.1376,-4.6272,1.2536,1
-2.6499,1.4853,6.4584,1.0562,5.7854,8.3627,2.3819,7.1721,2
1.5572,-1.959,2.9386,4.6262,7.5157,2.3833,1.7668,7.6121,2
-0.012153,3.2713,3.7938,2.8493,-1.2822,-1.4723,4.0655,-1.7387,3
-1.5587,-0.48822,1.5695,-1.3924,-1.1687,-0.83381,0.34889,-0.892,3
2.3979,2.4364,-0.95239,0.21713,4.3728,0.38099,-0.7392,-0.61592,3
2.8832,3.403,4.2058,1.711,4.8787,-2.0083,2.7361,4.3935,2
0.13022,-1.5222,0.10032,0.25028,8.9102,-2.9694,0.4766,1.0032,3
0.34858,4.4661,0.55224,1.2953,0.45365,-0.86322,-3.8381,-0.97673,3
-0.88187,-1.2167,-1.7719,-1.2439,4.1397,-1.6126,1.4622,-0.77098,3
-1.7148,5.5203,-0.12986,0.60352,2.5198,1.3266,-2.8704,0.75438,1
0.4908,0.56082,2.9451,0.10015,6.3545,7.8982,2.1249,7.2478,2
1.4038,2.1505,3.3504,1.2237,3.2927,8.4736,-0.10375,7.301,2
-1.0653,1.519,-0.98144,2.9125,3.9783,9.5801,5.0725,0.19197,3
1.0402,0.53062,2.7562,5.2939,6.4935,7.6018,-1.5859,6.9886,2
-1.2699,2.9902,6.6951,5.2646,6.1171,6.3763,5.0716,2.7519,2
3.2736,2.072,-1.6802,1.8753,-1.8477,3.0736,-0.56395,5.7283,3
0.049681,-0.27419,-0.98137,-0.61213,2.0078,-2.2077,6.9215,-1.1597,1
-2.4947,-0.10554,1.5883,0.69216,2.1028,4.4183,8.578,2.87,1
1.0569,2.9043,3.9328,3.512,3.4984,1.7804,5.032,0.21639,2
-1.1029,-0.60652,-0.58708,-1.1804,-1.2097,1.4104,2.304,-1.6425,3
2.9428,1.5326,2.4965,-0.28142,7.0605,5.3891,2.2518,6.7443,2
-1.3638,-0.45799,0.34543,1.8798,1.4307,-1.8049,0.3029,0.68124,3
1.5414,2.415,4.3325,3.3639,2.8567,5.3626,1.3082,5.9783,2
-1.6068,-1.9906,1.6241,-0.35638,2.259,0.70064,-1.8512,-2.0287,3
2.3278,-2.3125,2.572,1.6323,-1.8418,1.235,5.0265,0.38074,1
2.6258,3.6678,6.7989,1.3218,1.3998,6.971,-4.1699,7.1567,2
-0.68397,2.7467,2.5156,6.0294,6.1506,8.0419,-6.1683,4.4345,2
1.4822,-0.42281,-1.5023,0.92644,-1.7229,2.8434,6.8712,0.031763,3
-2.297,-1.2585,-1.1163,-0.20749,1.585,3.3633,-2.2033,-0.74054,3
-1.0192,1.133,2.9324,-7.8576,5.9517,9.7258,4.0459,2.2346,2
-1.4795,0.85022,-0.88759,-0.90735,1.5905,2.5096,2.0252,-1.2463,1
2.2674,3.0304,0.89192,-3.5191,4.3808,7.5938,0.77593,5.1509,2
-0.67375,-1.4513,1.7604,-0.27257,-0.004454,3.4227,-2.8344,-1.0836,3
1.2225,3.5429,4.8968,3.5505,3.8314,1.9536,4.942,6.4931,2
-1.139,0.69208,-1.5448,2.4959,-0.43794,-1.076,0.69568,4.5062,1
-1.4957,0.85366,0.43972,2.7023,-0.93232,-0.021868,10.972,3.7424,1
-1.915,-1.4825,0.31743,-0.22526,4.1094,-0.30741,8.817,2.3006,3
1.3542,-0.90868,0.48368,-1.1053,-0.70191,0.14545,3.4814,0.001229,3
-2.4148,-2.224,0.56831,-0.66549,4.1371,0.14984,5.9075,0.28174,3
1.388,0.18062,3.4798,-6.6164,7.0688,3.6464,-0.62032,6.1463,2
-3.2078,-0.29872,1.914,2.7527,1.6323,5.8205,-0.49706,3.5169,2
-2.2043,-1.5121,1.8675,5.7784,2.5451,-4.3087,2.4459,-1.0066,3
-1.9489,2.0307,1.2631,-1.348,2.2257,-2.1247,-3.8215,-0.67267,3
0.52895,1.2012,-0.39783,-0.37354,-1.1252,-2.8758,-2.0596,3.0783,3
1.7143,0.58398,5.0619,0.74778,6.9418,6.8682,2.1101,5.7705,2
-1.7516,-1.8211,3.5862,1.0437,1.1283,-2.6398,1.899,-1.4693,1
3.1406,-1.6045,0.86918,-1.2111,5.4539,7.3702,-0.15483,4.1956,2
-1.4066,2.0538,2.2007,1.7911,1.7791,-1.9405,-2.6208,4.5302,3
2.7138,-3.4968,6.5419,6.3441,6.7771,6.5885,-0.10386,6.1386,2
1.5527,-2.0994,1.5265,4.0317,5.4194,4.1473,-2.6338,2.2022,2
-1.6873,0.087741,1.9495,-0.9991,6.4562,-1.3904,1.0046,1.2823,3
2.7812,-1.4623,3.725,-0.076468,1.1895,1.0215,-1.9135,-0.81805,1
1.8925,2.3365,4.7869,-6.1367,6.846,9.0645,2.6209,6.5252,2
2.7599,-0.52855,4.4517,-2.0996,6.4308,10.713,1.8821,7.5086,2
0.60609,-0.5858,-0.56512,1.7905,-0.42441,0.2077,-1.3447,-1.5917,3
-0.15642,1.1382,-1.7986,2.7994,5.8018,2.6513,-2.7144,1.9073,1
-0.65765,-2.1284,1.0198,1.5905,0.25763,-4.2378,-3.678,3.4946,1
-1.0132,1.2206,-0.081124,1.4136,-1.607,-3.1829,-2.932,-0.23971,1
-2.5284,-0.46401,-1.4185,-0.52265,-0.60103,2.1342,-2.3708,-1.0545,3
0.10628,-4.0086,2.7645,-4.1569,4.9606,7.3263,1.1799,3.7589,2
1.2853,-1.4448,2.9422,5.0684,5.4865,7.1202,3.5031,3.8982,2
0.5328,1.4358,1.5341,4.2045,-0.65534,-1.8484,-2.7708,5.255,1
3.0268,3.4998,1.6241,6.1836,5.3039,7.2309,4.9555,7.7074,2
-1.2031,0.50993,5.2011,1.3868,1.9525,0.36641,3.944,0.7487,3
0.15824,3.2984,4.9243,2.6297,7.4968,3.5643,-1.2017,1.6982,2
0.31206,2.1024,3.8986,3.2785,-0.26305,0.15297,4.4795,-1.0186,3
2.854,2.0582,7.0439,3.7655,3.2542,8.2573,2.2558,6.1829,2
1.5125,0.063887,5.8835,-1.4479,0.5344,9.2872,4.3441,7.4131,2
-0.9457,7.5042,2.9623,1.708,3.0129,4.8741,0.3748,-0.87052,3
2.3317,3.0112,6.208,-2.4541,6.2611,2.8032,1.1648,5.4348,2
1.1311,1.9565,2.4314,4.6789,4.436,-10.354,2.0184,6.8293,2
-2.1121,-1.2719,0.26535,-1.278,0.35588,-2.4557,-1.2927,1.2077,1
0.21061,-2.7484,-0.50576,-1.8186,-1.6503,0.55019,1.3915,-0.008546,3
0.25459,-0.98413,2.4457,2.4353,-0.72315,-2.7678,-1.2724,2.7975,3
-1.2249,-1.1999,7.0725,3.0416,6.4283,6.9033,2.9245,6.6178,2
-0.37039,1.8006,-0.67601,5.1937,0.074504,-1.6425,4.9718,0.94044,1
1.2442,0.99927,4.67,5.0365,3.8935,3.4846,1.4376,6.1656,2
-0.3811,0.17583,-1.8608,2.362,0.36888,-1.9548,8.5378,-1.1464,3
3.38,0.59117,3.7631,0.007371,4.4119,6.5889,3.2041,7.6292,2
1.912,0.54839,1.1016,-0.73834,0.75591,-3.8989,-1.5035,0.59095,3
2.6326,2.9236,6.7355,1.6582,6.7281,-2.8974,2.0322,5.6516,2
-1.8883,-1.5249,-1.2908,0.3973,3.6824,-4.1974,-2.9812,5.6821,3
-0.72697,2.8497,2.3065,-0.080353,-0.097827,-1.9515,-0.29037,1.8641,3
1.8974,-2.2444,3.4734,3.444,3.5838,2.3694,-2.8678,0.43246,3
0.56049,-2.2408,0.5151,-1.6911,-0.66088,-2.443,0.31722,1.4429,3
-2.2924,0.092372,-0.48029,-0.17528,3.9592,-2.78,0.26182,-1.4626,3
-2.0481,1.8283,6.0296,2.3376,5.0189,1.2732,3.9035,4.9301,2
7.3969,-1.4493,0.96925,0.017858,1.3191,0.18648,0.35591,-1.9065,1
1.5061,-2.4328,6.4036,6.2958,6.9708,2.5786,3.9302,5.4101,2
0.13102,3.3884,5.4827,-2.8403,4.6759,2.849,3.5024,7.6574,2
-0.071998,0.53495,-0.32075,1.8466,0.66401,-4.1717,-2.8052,4.2078,3
4.2301,0.71559,0.61827,1.0186,0.19423,-0.51879,0.83848,0.84665,3
2.9963,1.0158,3.6163,5.0252,6.0708,7.6071,3.259,0.23069,2
-0.38075,-0.43835,1.3374,-0.87657,0.46583,10.663,0.7502,1.5437,1
1.3969,1.3705,5.2916,-0.62197,4.303,3.3813,4.6507,3.5356,2
0.7256,0.89585,5.8176,-0.59476,4.7343,6.8127,5.4722,7.0795,2
-1.7019,-1.7708,3.4971,2.3791,3.9137,6.8725,-2.6101,5.4028,2
1.3716,-1.1078,-1.1359,-0.82332,0.80618,1.9291,-2.6283,4.5104,3
1.7792,-0.18762,1.8393,-1.626,-1.6107,9.3451,2.8288,3.3564,1
0.53588,1.7218,1.1584,3.9291,6.7215,6.0486,4.1547,7.0321,2
-0.55889,-1.4928,4.7503,0.72019,-1.29,-2.4411,-0.45365,-0.7948,3
-1.6697,-0.73904,-0.093296,0.99152,0.84507,-4.0447,2.9692,-0.90245,3
3.3554,-3.952,0.77781,3.797,2.2832,9.2396,2.5717,2.0584,2
-1.0998,-0.79141,2.2349,-0.79144,0.30493,13.977,-0.048194,2.5317,1
1.9651,1.5648,4.7692,3.4251,5.0037,9.0936,-1.3287,4.5872,2
1.6363,1.2829,6.862,-0.56092,5.3366,4.016,3.6621,7.1625,2
1.5355,-1.7725,7.1787,5.5307,6.2089,9.6222,5.3737,4.6442,2
-2.2229,-2.2742,1.9494,1.1774,7.5858,-2.1385,1.5019,6.8235,2
-2.0174,2.5937,5.1872,2.1811,1.1879,4.3019,2.8391,-1.8284,1
-0.96584,-2.034,3.023,-0.51104,-0.14286,-0.93765,3.6051,0.77637,1
-1.5587,-1.3806,-0.89093,0.013303,-0.72617,1.9117,9.1731,-1.7402,1
3.0968,-1.9904,0.47831,2.1533,-1.7199,0.73491,1.7622,-1.2043,1
2.9007,1.2016,2.0601,-1.17,4.5963,11.04,1.6782,-0.077814,3
-2.641,2.2814,1.2329,0.56326,0.017106,-4.1088,-1.0133,1.3363,1
-0.36085,0.42516,-1.6228,-0.094378,-0.29844,-0.86674,0.53256,0.45631,3
1.7231,0.60075,-0.94015,5.346,0.077526,0.30768,-1.7372,-1.4345,1
-0.59005,-1.2932,2.5589,4.4822,7.0539,9.5419,4.207,2.9924,2
-1.5813,-0.53971,5.264,-1.5019,0.20886,-3.7678,-0.31735,3.8588,1
-1.1,-1.4913,-0.80041,-0.10817,-0.62311,6.1414,4.2765,-0.39081,1
-1.9611,2.478,1.2805,5.6521,2.7808,1.6265,3.6981,-0.64246,3
-2.8861,2.7901,-0.79167,-0.053269,-0.67102,-0.10559,-2.9548,0.54499,1
1.6223,-2.4529,2.0819,-0.57868,6.9408,-2.2199,-3.619,1.5844,3
-1.5751,3.0937,2.8978,0.76016,6.2683,7.4795,-0.14915,7.8158,2
3.9881,1.1898,-0.95214,-0.7773,-1.1287,1.317,-0.38144,4.1182,1
-0.36513,-0.007142,-0.3951,0.83577,0.37697,4.2579,10.092,8.0506,1
1.2019,0.4585,6.3357,-1.7187,6.0829,8.0467,3.6835,5.1427,2
1.3001,-1.9725,0.12194,-0.4186,0.063601,0.66882,-1.8234,5.0855,1
4.3342,1.7787,-0.16955,-1.3112,2.8761,4.6999,-3.7003,-0.37232,3
1.3675,-2.3016,-0.87715,-0.14948,2.9553,-0.12397,-4.3622,6.4014,1
1.6539,3.6382,4.9784,-8.6352,4.2638,0.93374,5.3747,6.4257,2
-0.8124,-1.4535,2.9321,2.2795,2.8553,2.3764,1.3111,1.0751,3
-1.0332,0.52263,-1.2203,0.06049,2.2576,-1.5583,-1.1791,0.72594,1
-1.8695,-1.0024,-0.44932,-0.32088,3.5399,-1.4758,0.81644,-1.1067,1
-1.7556,2.5708,-1.3373,-0.086237,0.75128,-1.4988,13.123,-0.30577,3
1.6373,-0.70145,-0.99077,2.2514,-1.5808,3.0693,6.6738,1.1951,1
3.8103,-0.98219,6.0348,1.3788,6.5249,9.2518,3.6895,7.0546,2
3.0718,2.7033,7.1335,-2.5984,4.1234,9.7155,5.0773,5.7313,2
0.61343,-0.11284,2.0238,-0.19697,0.47113,1.3669,2.8708,3.0941,1
2.6307,-0.3469,2.1956,2.9649,4.9831,6.8679,4.2994,3.3081,2
0.088189,-1.2512,1.8576,3.626,0.90611,-3.182,9.313,1.8766,3
0.43681,0.89853,10.116,1.06,0.003784,1.8242,-1.2915,-1.6022,3
2.5815,1.2494,1.8523,1.4872,4.7382,3.503,-1.9198,3.4194,2
-0.37694,1.0001,-0.62762,0.25754,-1.674,1.929,5.7535,2.3153,1
1.5044,2.9475,5.7104,5.4984,7.7526,2.6671,4.9135,6.4418,2
-1.6747,-2.6976,0.3726,-0.035034,0.85442,-0.26743,-4.4807,-1.4685,3
0.14224,-1.1107,5.8344,0.084475,5.1945,6.0648,1.1501,7.5795,2
2.7929,-1.7709,6.5997,3.3146,6.2614,0.68212,-0.060447,3.455,2
0.15753,-1.2608,2.8521,3.5132,2.5386,-2.0301,-2.0321,2.5976,1
1.4333,1.829,-0.34525,3.455,0.78995,-1.6559,7.6296,-0.18516,1
-1.7367,-2.0038,1.8023,-1.5419,-1.052,-1.2068,3.752,-1.5104,3
1.0491,-2.1399,4.8125,2.29,1.1221,-0.75926,1.0143,2.6106,3
0.055005,-0.61233,2.0751,2.9906,0.79753,-2.9992,0.95168,3.0276,3
2.5251,-0.67247,-1.8305,0.7538,-0.40899,0.53978,12.835,-0.80845,1
-2.0026,1.7999,-1.2472,1.9169,-1.728,-2.8805,6.1809,-0.36967,3
2.5292,-0.80788,4.8708,4.891,0.22355,0.39092,12.389,0.79775,1
-1.7152,-0.086539,5.1615,0.1791,-0.38956,1.3053,-1.5279,3.8414,3
-0.92354,0.30354,4.0621,2.7759,6.8964,5.49,3.3125,5.8873,2
1.7089,-0.81772,2.0278,-1.1191,-0.46991,-3.718,0.07523,-1.4385,1
1.7847,1.8542,1.5487,-3.1524,4.4066,4.837,4.5319,6.8498,2
-2.1839,1.6471,3.7519,5.2831,7.1889,8.6593,2.8117,6.3849,2
-0.92605,1.8481,7.2151,4.7078,5.636,9.162,3.311,5.1785,2
-0.26231,5.1037,-0.4067,0.12359,1.2031,0.36548,1.2042,0.45955,1
-1.7698,-1.3566,0.85392,-0.13335,0.63205,7.9648,-3.9693,0.16583,3
2.3282,2.1936,5.9031,2.8854,2.5771,5.4572,4.4142,4.9961,2
2.1946,-0.78284,4.2648,-0.43305,4.4284,7.9453,-2.248,5.3697,2
0.33388,-2.0237,0.37972,-0.007012,6.6963,4.7143,9.4238,1.6759,3
1.1513,-1.8981,6.6233,-4.5476,6.7949,-5.9555,4.9562,3.2656,2
1.4597,0.3694,3.7182,-1.4995,5.0395,10.154,0.41667,6.9133,2
-0.6029,1.4501,4.345,0.26704,-0.7319,5.6995,1.6037,4.7972,3
2.1533,1.6484,5.9431,-1.781,6.1814,-0.58219,3.727,5.9228,2
1.2133,-1.646,2.0211,0.20871,1.9412,5.4972,-4.8367,2.4747,3
-0.96346,3.6472,0.58068,-0.93336,2.8465,3.9957,3.67,8.0398,3
1.8562,0.68771,-0.54734,3.2979,-0.87645,-0.22632,-1.7999,-0.55672,3
-1.8914,-0.99602,2.6879,1.4653,6.7438,-1.8627,1.3595,0.059439,1
-1.1877,2.806,0.47562,0.40124,-0.62677,3.8243,-2.2535,3.095,3
-2.2677,-1.0789,4.7509,3.0167,-0.99852,-3.9112,-1.0999,0.9736,3
1.2968,-1.1469,0.6579,-0.47583,-0.95623,-4.683,-3.7026,-1.024,1
-2.8082,0.2826,7.2914,5.252,5.9682,-0.53444,1.9213,5.9256,2
-0.51565,-1.5219,4.7695,2.4072,1.8012,7.4423,6.6732,-1.5401,3
-1.5448,6.7152,-1.0776,6.3786,3.2465,-4.6757,-1.4885,4.2276,1
1.2764,-0.34813,-0.87103,-1.0436,0.91807,-2.4062,4.2529,0.29261,1
-1.2099,-1.3789,2.5676,3.8869,3.0715,2.013,1.0831,3.7714,2
0.64354,-2.1449,0.63346,-1.7574,0.39422,3.862,5.7242,1.805,3
0.48266,1.0939,-0.92389,1.2832,-0.13863,-2.4159,0.89232,0.23937,1
-0.67023,-2.1515,1.4767,4.8231,4.7485,-0.74942,-2.2316,-0.8036,1
2.1188,-1.3809,4.8076,-5.8707,6.2374,2.3989,1.8713,6.6571,2
2.0994,-1.1451,3.5694,1.2489,6.6081,-0.098234,-1.9295,3.9654,2
3.2859,-0.21221,4.159,-0.67114,-0.66594,-1.4298,0.29669,10.382,3
-2.3652,0.70579,2.6126,0.41584,-0.19669,-1.9931,0.61181,5.5283,3
-0.59939,0.4796,3.15,3.5227,6.1061,9.2446,3.8599,6.8713,2
-0.25427,-2.4271,7.0918,-7.6795,5.4296,0.59864,1.304,6.1094,2
1.1522,-0.41216,1.6734,2.3035,8.059,-3.7712,7.2194,0.31666,3
0.56054,0.17763,-0.40639,2.9888,-1.8138,7.2064,-0.62355,0.2973,3
-2.3725,0.66412,0.7892,1.9407,0.40581,4.1031,-3.3855,2.2086,1
-0.48375,2.1911,-1.4314,1.5332,-1.5547,0.52634,11.62,1.5746,3
2.3165,3.4793,2.5891,-4.7849,3.2157,8.607,2.0775,2.7686,2
-0.076277,0.77012,4.7481,3.918,0.09942,9.0949,-2.3841,5.703,2
3.2762,4.5408,4.08,3.2454,-1.0147,2.5961,5.8669,-0.94983,1
-2.5943,0.54257,0.021173,0.14845,-0.55171,-2.2345,-4.2716,3.9924,1
-1.2775,-0.85879,5.3689,3.4478,-0.2756,-2.5698,-0.51521,0.1908,1
-0.8291,0.064374,2.3021,3.0009,2.7912,-5.0515,-0.87871,0.6342,3
-0.023179,-2.1024,4.322,1.5,-0.91951,-3.8356,2.404,5.8341,3
1.3166,1.3071,1.079,-0.35737,-1.1313,4.7028,-0.64704,-0.20989,1
0.56049,-2.2408,0.5151,-1.6911,-0.66088,-2.443,0.31722,1.4429,1
1.2083,-4.056,5.2368,1.7737,2.1974,8.4319,4.3626,7.1163,2
0.41759,0.42624,-1.3465,-1.9053,2.0449,-3.2678,-3.703,0.31196,3
2.6523,2.4418,6.8965,2.1416,5.6575,9.1986,2.4307,5.6673,2
-0.52343,-1.9604,2.7324,1.7526,3.6183,7.2467,8.329,-0.55719,3
-2.7164,2.2596,-0.90176,-0.92668,0.036065,-1.0549,3.6156,1.1828,1
1.5011,2.0755,-1.2059,-1.4415,4.591,-3.9899,-0.99511,0.56948,3
1.2462,-3.002,7.7074,3.364,6.9725,6.3198,3.9832,1.9834,2
0.001091,-2.657,-0.14972,1.9886,0.75111,8.8172,-3.3711,0.080029,3
2.0539,-2.5023,-1.1049,0.8535,0.56085,-3.5125,-1.2196,-1.2893,3
-0.60486,-0.025871,0.061836,0.12434,2.4497,-4.4817,2.9204,-1.1166,3
2.363,0.41342,7.1906,-0.10412,0.83285,6.2243,-0.72884,5.0035,2
2.4375,0.15778,7.2565,0.10117,6.6796,0.28926,1.2579,4.4877,2
-1.8332,-1.184,-1.1768,-0.87871,1.8892,-1.8958,0.22118,1.9269,3
-1.1142,-0.9951,1.8355,4.4547,-0.28465,8.5598,-3.2187,0.62174,1
1.9342,2.2123,7.1679,5.0874,5.779,10.092,2.3516,5.7323,2
2.0035,-3.1141,4.5255,1.2528,5.5927,0.562,4.5871,5.6603,2
1.4675,1.4384,3.2613,-2.9199,5.864,6.6938,3.4204,6.6693,2
-0.64245,-0.49953,1.8577,2.4011,1.8645,-0.4055,2.7949,6.3548,2
1.68,-0.36729,2.5921,7.2576,-0.17108,0.244,0.11003,0.41783,3
3.0937,-1.437,3.4064,-1.0018,2.945,2.8696,2.8888,-0.89167,3
2.8378,3.0619,4.7779,2.9125,4.8295,8.0457,0.63359,6.076,2
-2.1875,1.4959,2.3319,-1.2869,1.6182,1.7495,-0.12746,-0.10536,1
2.1172,2.4939,6.466,-4.4178,6.9317,4.2096,0.99603,2.8133,2
-1.2316,1.0601,3.9915,4.0401,4.8795,0.91279,-4.0033,2.8134,2
-1.363,-1.8195,5.2989,-0.94908,1.8964,5.3625,-0.01136,2.4623,1
-0.95297,-1.67,1.9663,-1.672,-0.91633,0.62409,3.0985,0.94444,1
-0.57133,0.73437,1.8186,-1.4092,0.7421,-0.88386,-2.5763,-0.64401,3
1.5105,1.5634,4.9464,5.6136,7.108,8.715,1.4328,6.183,2
3.0136,-2.1164,0.82549,0.31405,4.0533,-0.001421,-3.6324,0.98817,3
0.92152,5.6468,0.37403,-1.0117,5.7804,10.444,-2.2069,1.4808,1
4.1369,-1.4932,0.50632,-1.2808,6.7976,0.4742,7.2661,2.0992,1
-1.8584,-0.88495,-1.2034,-0.28147,2.8345,0.8087,7.5894,-0.41377,3
-0.51162,-1.8097,2.2331,0.51655,-1.101,-2.4289,-2.3867,1.0497,1
2.256,-1.8997,7.3987,2.6007,5.1436,3.5036,4.6796,6.1064,2
-0.69842,0.55173,3.1836,-1.2132,-1.9823,7.3373,1.2722,0.35745,3
3.3661,4.9209,-0.20219,3.73,-0.99123,4.5295,1.5349,0.63784,1
-1.2502,6.088,3.4223,-0.091997,4.1299,5.1168,5.7677,-0.54032,3
-1.4054,-0.30839,-1.1072,4.1686,1.5509,1.2542,0.39497,-1.1048,1
1.4224,3.5021,2.1419,4.0672,6.5837,8.451,3.4899,2.5054,2
2.3395,2.9121,4.3621,5.0004,4.3482,10.069,-1.5073,4.5612,2
0.62079,3.1835,7.1559,-1.3948,6.6761,2.6026,-1.608,5.5096,2
1.8367,-2.4417,-0.88212,2.8353,1.2482,-3.8545,-1.7856,0.52148,1
-0.42935,2.422,1.7863,0.65193,-0.14618,6.1571,9.9883,-0.93394,3
-1.4714,-2.3414,1.8469,1.5857,1.1023,-1.0371,4.5567,0.62444,3
1.6522,-1.681,4.4724,-4.9254,7.1662,7.1364,-3.6018,7.4637,2
-1.706,3.4447,-0.079649,-1.6459,-0.40581,-2.818,3.6071,0.97334,3
-0.30971,-2.2293,-0.99846,1.703,2.3395,-2.4021,-2.4133,1.7894,1
2.2066,1.3545,7.4493,3.2709,-2.2725,8.4259,3.9821,7.7043,2
-2.0179,2.6608,-0.38729,-0.42183,4.2782,8.5771,-3.862,-0.91423,3
0.19642,1.2749,-0.73402,-1.3558,7.7828,0.50744,6.7333,-0.78398,1
1.3081,0.039793,6.2683,1.4628,3.857,6.5442,-9.0113,-0.94883,2
5.6912,1.0718,7.8784,-1.8251,-0.046218,-5.021,0.27484,-1.681,1
2.2734,-8.4925,7.4835,3.6589,5.9952,10.396,4.2051,5.2892,2
-1.032,0.17398,1.0555,-1.7307,-0.37083,-3.1806,8.8393,-1.1988,1
0.20022,-1.1818,2.8894,-0.66472,1.7908,-3.6956,-2.5381,-0.67164,3
-0.62435,-1.9103,0.32433,-1.8435,4.8025,0.14379,6.7047,1.3046,1
-2.416,-0.29478,2.6141,1.9115,-1.5388,-1.7243,3.3903,-1.1337,1
0.7753,0.7603,-0.22473,1.4871,-0.40329,1.8878,0.040682,1.4265,3
0.77951,2.5761,5.5894,-0.58117,0.43198,3.8078,-1.3244,4.5382,2
2.1311,2.0983,1.4382,-0.17719,5.2438,2.8555,3.9843,0.94336,2
-0.78094,-0.3825,5.9095,-0.18473,6.763,-3.8285,-0.31855,6.5605,2
2.2281,2.5454,6.3885,4.0973,6.0264,7.7797,-2.8712,6.5858,2
-2.7436,2.709,-1.5123,-0.2832,2.9455,5.5998,-0.57163,-0.60002,1
-0.096381,-0.66652,1.7798,0.8442,3.0851,2.7249,0.28461,0.051275,3
-1.7315,-1.6871,1.1607,0.37579,-0.62167,-0.43177,7.1135,4.152,3
1.3893,-2.0636,-0.83065,3.1884,1.0999,-1.6021,3.9342,2.4876,3
3.6169,1.8987,5.7566,-2.8587,7.6084,-0.41554,-1.1504,3.0107,2
-1.9226,-0.66207,5.622,0.12766,-1.387,1.8263,-0.64163,0.37904,1
-2.6412,-0.77933,4.7447,4.1061,-0.72098,8.0172,-1.8348,-1.0446,3
1.6455,-0.31693,1.2573,6.8161,-1.7893,7.3412,-0.47405,6.0045,1
2.8122,-1.5744,0.6478,-1.1857,0.49493,2.1991,8.2919,3.2416,1
-1.3961,2.9843,4.2897,-8.9728,-1.8823,6.3443,0.85519,4.477,2
1.4435,0.75213,6.6488,1.2811,-1.2232,5.7357,-1.4801,1.3914,1
2.7535,1.4394,2.6152,-0.76255,4.136,8.6641,4.8676,4.4591,2
2.6278,-1.6528,2.0726,1.3602,4.2467,8.8364,-2.1591,5.4248,2
1.3464,-0.87921,0.10741,7.1069,-1.5157,2.3976,-2.6118,2.7416,1
-2.6028,-0.60695,3.6299,0.71395,3.9868,2.29,-1.4389,2.4838,1
0.24601,-0.95573,0.72371,2.6057,7.2113,4.7064,1.7973,1.8937,2
2.149,-0.080217,1.4168,-3.3862,6.8735,-3.9235,2.2098,5.2929,2
-0.28999,0.70432,6.7492,-7.3573,4.2642,7.5443,-0.98661,4.0473,2
-1.0623,-0.011639,1.6326,2.1073,2.1419,-2.5791,4.7197,0.18374,1
0.7756,-2.7682,1.3858,0.19333,0.29402,12.642,-3.1038,-0.43245,3
1.4254,-0.64538,-1.587,-0.69065,0.33395,-1.6075,1.273,2.466,1
-1.032,0.17398,1.0555,-1.7307,-0.37083,-3.1806,8.8393,-1.1988,3
1.4138,2.2139,6.9913,-5.1995,7.2401,6.7693,0.049482,3.2807,2
2.6995,-1.4733,-0.36235,-1.27,0.57751,1.9871,2.2539,5.6844,3
0.57454,-2.0529,-0.007297,3.7744,6.3102,6.6736,4.9112,1.7056,2
0.17234,1.8273,6.3985,-3.574,3.9912,1.3342,3.6814,6.2768,2
-2.3703,-2.4311,1.8756,0.59024,0.56551,9.1064,0.000959,4.8918,3
-1.2177,-2.6605,1.2066,-0.86942,-1.0672,5.1104,-2.5441,2.6475,3
-2.2854,1.9878,4.2422,4.5743,6.6519,5.904,-0.22255,5.3927,2
-1.1125,2.3252,7.2552,0.90399,-0.48223,4.564,-1.9921,1.0225,1
-1.479,6.1647,0.028266,-1.0207,0.56542,-3.3566,-0.13003,0.8483,3
2.4477,-2.0583,4.2611,1.7057,6.7482,8.3819,-7.431,1.0697,2
-2.2704,-0.85335,1.1489,0.36865,-1.7722,-1.9611,18.742,1.2943,1
-1.0713,1.9087,3.0891,2.9499,-0.96561,0.64759,12.94,1.3372,3
-0.30409,0.096935,-0.93161,3.0461,0.2539,-3.8669,0.4541,-1.5682,1
1.4643,-1.1943,-0.42881,1.0392,1.9805,-3.3708,7.6886,0.20707,1
-2.1644,-1.025,2.2003,0.11657,1.7738,3.3303,0.63987,2.4505,1
-0.19023,2.25,6.0552,5.3108,5.4198,8.4632,2.0663,2.9561,2
3.3797,-0.004421,6.4081,-0.26541,-0.29662,-0.76204,-2.1094,0.36404,3
0.21076,-1.5281,-1.6906,5.5883,3.0496,-3.5357,-0.86149,1.4378,1
1.1799,1.1247,2.6841,0.50888,2.5305,2.1622,0.32303,-1.1708,3
-1.554,1.6191,-1.9502,-0.95407,1.7865,2.601,0.24284,0.6877,1
-3.7938,-0.78007,5.8829,1.9145,3.8302,3.8741,-1.4041,4.0119,2
-4.2988,2.0195,3.8553,2.1071,5.3673,2.0349,4.7062,4.2716,2
-0.61717,3.4213,1.5616,-1.638,0.12865,4.5641,12.843,0.19149,3
-2.3383,-2.1743,-0.22061,0.28935,1.6606,6.1859,-1.2861,-0.60982,3
1.1611,1.6589,-0.62362,1.8274,-0.44068,-2.4196,-2.722,1.4799,3
-0.26406,-2.0331,-1.6148,1.9552,3.3536,-1.9175,4.4067,-0.75424,3
-0.71173,1.7857,0.025929,0.6006,-1.7897,3.1071,-3.0545,-0.98533,1
1.5139,1.3558,0.89894,1.484,1.7833,-4.3227,-3.9587,1.8318,1
-2.0424,2.7448,1.3312,-0.77276,3.1247,8.2977,2.9498,-1.3159,3
1.1486,3.021,6.4316,5.5911,6.9597,5.1383,0.32344,6.471,2
2.4297,-0.29516,-1.1036,-1.6347,2.9594,1.6697,-3.0402,1.491,3
-0.66958,-0.10077,1.4196,-0.22271,2.1751,-0.03878,10.505,-0.75408,3
-2.8553,-2.1676,0.7516,3.8646,-0.31021,-3.3699,0.51496,-0.21255,3
1.3821,-1.2493,0.29608,-0.69485,1.7531,-2.6918,9.1611,6.2258,1
-1.0123,-2.1009,1.1479,0.087804,2.8373,-2.3021,0.93046,-0.72079,1
-1.2079,2.5392,1.3627,4.5161,7.2185,8.8855,-10.229,-0.53052,2
-0.21015,-0.12592,3.4973,-5.0045,3.0017,4.6352,5.0317,5.6053,2
2.7894,-4.6406,4.9981,2.9525,6.5249,10.154,-2.0924,5.9286,2
-2.5023,-1.829,0.98311,-0.79246,-0.20535,-2.1092,1.7535,1.5902,1
1.2232,-2.2647,1.6399,-1.8143,-1.4033,-3.4908,4.2033,-1.688,1
-1.6369,-1.4777,4.2319,-1.4074,-1.0344,1.2242,-4.7338,0.76692,1
2.7936,-3.823,6.03,5.0662,7.1879,1.6232,-1.9552,0.34752,2
-1.5824,-2.1114,4.0452,-0.47818,1.4028,5.1508,-4.6465,2.8632,1
0.49623,3.6247,4.7673,0.16014,4.7925,10.197,1.3817,5.4434,2
-1.6205,-0.61195,1.4107,-1.716,-1.5447,-2.7417,-2.2936,4.3498,1
0.5849,1.0564,4.6778,-5.9867,3.5583,9.9837,-2.3884,6.0129,2
-1.2263,-2.2508,-1.6035,-1.3318,-1.0106,-2.9589,0.63438,-1.2309,3
4.3267,-2.4205,-0.37163,-1.6161,0.34917,0.14665,-0.23532,7.1734,3
1.8967,-1.4107,0.41927,1.1741,-0.093583,0.4429,-2.6986,-1.2449,3
-0.57845,3.3114,3.2644,-1.4098,1.439,1.8667,-0.63849,2.0027,3
-2.8839,-1.1722,0.75572,1.9759,0.44003,-0.80766,5.6931,2.0727,3
-1.1961,0.67212,6.6202,3.4178,6.6383,3.6936,-3.9873,2.8398,2
-2.4833,0.98152,3.9848,-0.1575,1.1408,1.8613,9.0662,2.139,1
0.91967,0.30485,7.124,1.2991,7.6441,-4.3317,-1.0713,7.261,2
-0.73942,-2.6514,6.1084,5.6067,2.3729,0.60801,2.8504,1.9456,3
-0.002974,-1.4868,0.34232,-1.2376,1.2769,-0.48924,-0.31083,-0.82767,1
-1.6772,0.98534,2.8443,4.5645,0.26583,-2.7211,5.6651,0.386,1
1.5155,1.2648,5.9321,6.6365,3.8626,6.0264,3.4706,1.5011,2
-1.2759,0.60545,0.50934,4.7729,2.1721,-3.2362,-1.1243,-0.94717,1
-0.12535,0.14681,1.4617,1.9024,0.57206,12.082,4.032,0.76166,3
-2.317,-1.3253,1.1905,-1.1819,1.675,0.94215,-1.4277,9.7766,1
-0.82197,-2.7216,-0.44264,-1.0074,2.4747,-0.82974,-4.7102,-0.78561,1
1.5811,2.9934,2.6904,2.1166,5.3005,3.9728,0.025857,2.8004,2
-2.9334,-0.71048,1.4203,-0.35307,6.1778,0.37523,3.3709,1.0297,1
-1.6586,1.7364,0.82525,-0.6895,3.5844,0.12412,-2,0.1176,3
-2.1304,1.5992,-0.82022,1.2894,1.1966,0.11373,1.7653,-1.947,3
-1.7908,-0.083755,0.35521,1.0241,-0.5167,-1.9397,-1.9754,2.9133,1
-1.554,1.6191,-1.9502,-0.95407,1.7865,2.601,0.24284,0.6877,3
2.4219,-2.6983,3.517,2.3073,0.90172,-0.68801,-4.2848,-0.18803,1
-1.8039,3.4631,6.6923,2.2625,1.4861,9.4857,-1.5755,6.3668,2
3.9043,2.332,2.9596,-7.0274,3.8481,2.4269,-0.89795,7.0267,2
-0.60503,-0.30296,4.6562,0.85943,-0.33424,4.9809,-1.6205,5.6291,3
2.0162,-1.6016,-0.02023,0.17264,-1.2402,6.8821,-1.4336,1.2376,1
-0.31742,-0.53386,0.43454,-0.31392,0.82876,15.067,3.3345,-0.078898,1
0.18977,-1.6623,2.4672,1.4626,-0.77034,-4.6621,6.7108,-1.2738,3
-0.65021,0.39619,4.7819,-0.64299,3.1039,1.9572,1.8527,0.39128,3
2.7129,-1.8133,1.2721,-0.82025,-0.89464,-0.96911,2.6588,2.4212,3
2.3505,2.9963,-0.83712,1.6194,5.6807,2.5713,-1.4977,6.4452,2
-1.3396,-2.6431,-0.26908,-0.7663,1.0879,0.64973,9.1965,1.9308,3
1.6772,1.0117,-1.6348,1.6051,0.51093,1.7262,3.1525,-1.7242,1
3.5806,1.0571,3.5592,3.6885,6.8986,8.3567,-3.6182,7.0692,2
-2.0972,1.6704,-1.4201,0.52432,6.1272,-3.1042,-1.9018,-1.2754,1
-0.19957,2.0568,4.1877,-0.15039,3.1794,-0.2665,-2.6092,-1.342,1
-0.51273,2.624,2.8693,-1.477,-1.3625,-2.5277,-3.6065,3.5687,1
-1.9084,1.4091,0.007848,0.43109,-1.7824,-1.9588,-3.8476,-0.24013,1
-0.45826,4.8727,5.4099,2.3146,-1.7683,4.2318,2.5797,-1.3523,3
0.91596,-1.2551,0.30447,1.9718,1.4645,-0.24945,3.9391,1.0509,1
0.42537,2.0257,-0.06311,-4.9245,5.1432,3.3447,2.2624,6.0843,2
3.1986,1.5827,2.9788,3.44,6.1754,3.8366,-0.33369,0.76784,2
0.31077,1.2708,5.0725,2.6463,5.9551,5.8792,3.2332,5.1501,2
-2.5922,3.1078,0.99062,3.9267,5.9291,8.5286,2.5635,5.0131,2
2.0841,-1.0629,0.41356,4.1857,-1.1699,-1.0066,8.1378,0.64985,1
-0.18427,2.5877,3.9065,1.714,1.0562,5.3913,-2.6236,1.7267,1
3.0086,-1.4757,5.3068,0.33449,6.8707,5.6486,0.28642,7.5384,2
2.8019,2.1695,-0.39063,-1.7472,-0.06039,1.7476,3.9211,-1.1224,1
1.9109,-2.6331,2.207,0.21557,6.0246,5.7314,-2.2747,-0.064225,3
3.5591,3.4758,5.5964,-1.679,6.8215,2.142,-0.55755,3.8393,2
0.70348,-2.1309,2.5698,3.5642,-0.62983,4.5057,-3.1115,-1.0496,3
3.503,1.9376,3.2013,-0.28823,7.0303,7.5047,1.3894,3.2243,2
2.3105,0.83898,4.6344,2.0756,4.1634,6.7683,0.80112,6.7927,2
1.0183,-0.17697,1.463,-0.61385,0.36534,3.1638,10.001,1.9778,1
0.9341,0.69846,6.8869,1.2174,6.2982,6.0456,1.2442,7.3712,2
4.5222,-0.11597,-1.0772,3.9732,4.5587,1.3285,-2.8261,0.082823,1
-1.2215,0.79113,-1.169,3.7045,6.3845,-1.975,9.4079,1.6908,1
-2.4596,-0.97054,-0.94658,-0.51196,5.5761,-2.8507,10.102,0.59093,1
-1.6117,-0.25794,2.6142,0.53683,-1.7297,-1.2745,3.9757,0.49043,3
1.1529,1.8649,0.30198,-1.382,0.054711,-4.2162,12.035,3.8367,1
-0.80686,-2.6596,-0.14586,-1.1933,4.1035,0.049767,-0.71074,0.74472,1
-0.023179,-2.1024,4.322,1.5,-0.91951,-3.8356,2.404,5.8341,1
1.0683,2.0111,6.6002,0.89398,5.3653,4.1586,-4.0947,2.6593,2
-1.2796,1.3137,-0.86498,-0.27294,-0.36536,-1.8577,4.1271,-1.9842,1
-1.7391,1.4726,0.036709,-0.59597,-0.90397,-2.7983,1.2948,2.6935,1
-1.3445,-0.21245,1.193,0.24093,-1.5315,2.4882,-0.26559,-1.5753,1
-1.2626,-3.1995,-0.68644,-3.7814,6.8085,3.4725,2.1692,4.5425,2
2.1861,2.9817,5.7277,6.5672,-0.60059,0.55715,1.9458,5.9539,2
3.1255,-0.57544,4.2614,-1.456,1.0063,0.033633,-3.6771,-0.28953,3
1.041,-1.2875,5.2915,5.86,6.3985,2.9195,3.5815,5.5217,2
-2.416,-1.1009,1.786,-1.1229,-0.76909,0.40939,0.67807,1.4787,3
-1.2319,4.0267,7.7852,0.70168,-0.49893,4.7394,3.1198,0.89943,2
1.6222,-0.96183,0.78123,1.6609,0.24696,0.49708,7.352,-0.46019,3
3.5325,2.8339,7.5024,2.2946,6.5591,-1.8306,-1.9165,6.699,2
2.6376,2.3243,1.3963,-0.95724,0.46198,-3.4118,5.8134,-1.2825,3
1.2007,-2.3004,0.56026,-1.8743,-0.94061,-4.5619,0.69927,0.036901,3
-1.2176,-0.89173,1.0488,1.637,1.8931,-0.011018,4.0042,1.2046,3
1.8281,3.2922,5.2742,-1.1552,4.1264,0.26791,-1.389,-0.84219,2
2.7486,3.2538,2.4856,2.628,4.9198,4.6151,1.5239,0.25267,2
-1.817,-1.4589,1.0289,0.074225,3.3408,2.2535,4.1215,0.8095,3
0.60048,-2.2544,-0.69389,-0.010669,-0.12533,-1.5672,-0.59546,-0.16142,1
3.9916,-2.5375,1.8368,0.85855,-1.2263,-3.0356,-1.44,0.61856,1
2.3598,-0.99442,0.51991,1.0179,4.6777,-2.0611,7.6277,0.5274,3
-0.92424,0.60052,4.3819,1.8089,-0.1409,2.1151,2.1966,-1.0008,1
7.6134,2.7475,-0.24301,1.2464,-0.48595,-1.0328,-1.952,3.4425,3
-2.446,-1.5328,0.67746,2.1328,-0.76756,3.9996,-3.3687,2.0316,3
-2.0768,-2.0682,-0.71726,2.3226,-1.2954,0.68087,3.4695,5.3624,3
0.98952,-0.16103,-1.139,0.32152,4.1644,-1.7641,2.5205,-2.0129,1
-1.5524,1.9842,1.1725,3.2481,0.2085,3.5719,3.9351,-1.0922,3
-0.17646,2.4768,6.1986,5.2405,8.0184,7.0391,3.7746,7.5373,2
3.0329,3.9466,4.8225,-0.44258,6.1752,3.6124,0.38819,5.6481,2
3.143,1.1138,4.8943,5.0993,0.69635,3.8268,0.9125,5.8474,2
2.3982,2.7707,6.1167,-4.8911,1.0327,9.6724,0.27483,-1.333,2
0.64833,-2.6474,0.39464,0.44716,2.6956,5.3083,8.7726,0.98607,1
0.4422,0.37941,2.0607,3.2182,1.1639,1.473,7.0313,1.7242,1
-2.087,-1.4439,-0.88111,3.2918,0.1769,-0.81131,-0.48335,-0.34393,3
-0.58197,-2.8124,3.5495,3.9418,6.4368,3.3609,0.42461,7.3078,2
2.8726,0.17557,-1.1921,-0.42316,-0.50917,-4.3418,1.5831,-0.22699,1
-1.8824,-1.7099,2.9832,-1.4514,1.8418,-2.0665,-3.7525,3.1986,1
-1.2426,-1.6015,4.5866,1.4055,2.6654,7.3014,0.86264,0.96277,1
-1.6548,-0.8205,1.4282,0.8569,0.17286,-1.0792,-4.4762,1.1997,1
1.0992,-0.34474,4.0287,3.2422,3.4126,9.4634,-0.1127,4.7947,2
0.58008,-0.51838,0.98101,1.1748,2.3846,-2.8541,-1.1929,3.2634,3
-1.117,-2.4571,3.7297,-0.23364,-0.11912,-1.2256,5.2641,-0.98737,3
1.0827,-0.98648,6.17,0.681,4.1605,9.0869,-0.20972,-0.006805,2
-1.078,0.52634,4.0828,6.4771,5.4103,-3.3941,0.58374,7.3329,2
-2.4755,1.1169,2.7283,-3.9124,5.9142,8.1704,-2.2504,3.5845,2
2.4659,1.1034,6.931,5.8527,4.0091,-2.6477,1.4564,4.8849,2
2.1209,-0.41196,7.4828,0.68469,4.3998,-4.7678,1.8027,1.4712,2
2.5251,-0.67247,-1.8305,0.7538,-0.40899,0.53978,12.835,-0.80845,3
1.8037,-1.4104,1.9361,1.3911,-0.64489,-0.64477,3.3712,-1.4706,1
-0.32605,2.0496,4.8552,2.7064,1.5639,-1.0275,-1.947,4.4425,3
3.0152,-2.5091,0.40264,-1.3354,2.2803,6.3678,6.657,0.51809,1
-1.2516,0.47286,-0.793,0.74872,0.23553,6.9218,1.9579,-1.5962,3
2.9705,-0.74497,1.0558,-0.80454,-0.59502,6.2878,6.3364,-0.14154,1
-2.92,0.34119,-1.1063,-0.69958,1.5621,-0.43779,-3.3941,1.2377,3
-0.51565,-1.5219,4.7695,2.4072,1.8012,7.4423,6.6732,-1.5401,1
-0.37298,-0.44007,3.9665,-0.76538,-0.19683,2.7956,5.7353,2.1782,1
3.225,0.19486,6.9196,5.2879,6.2009,3.338,4.4201,3.6973,2
6.9631,2.8469,-0.56167,0.06912,2.4145,-2.6698,3.2081,0.18102,3
-0.82476,1.0089,0.45541,-0.1753,-1.8542,-3.6144,-3.1977,3.6855,1
-3.638,0.86983,6.6518,4.6164,6.9226,-2.1885,0.29398,5.6821,2
-1.8979,-2.0005,2.3788,1.9257,4.1979,-2.6574,4.4186,1.0323,3
2.7002,1.8364,6.0131,-4.3012,6.382,-1.1756,0.54396,6.6217,2
2.0112,2.0104,7.5184,4.9253,3.8075,8.8462,2.9209,4.6611,2
1.411,3.258,6.0482,3.2022,5.3376,8.3911,-0.92956,5.2727,2
-2.2069,-1.3101,0.77653,6.3231,-0.21783,-1.6678,-3.8307,1.6932,3
2.907,1.4371,5.0248,1.503,-0.26276,-2.252,3.7253,0.18426,3
-1.1378,1.114,1.2961,-0.34537,-0.48165,1.7919,-1.1427,3.344,3
-0.15935,2.0831,7.3886,0.69712,4.9487,7.23,3.4822,4.1702,2
-0.76175,-1.2115,2.799,0.3795,-1.2293,0.73532,2.4639,-1.3927,1
-1.5963,1.4049,0.25281,1.8617,-0.16348,-0.86722,0.29155,-1.5801,3
1.2521,-2.447,0.6648,-0.84121,-0.66738,0.085294,5.8627,0.13537,3
-1.1009,7.9056,-1.363,1.0116,-0.71426,-4.8971,-2.7109,1.7266,1
-1.9143,3.7007,0.24357,3.1829,-0.28734,-2.1241,2.337,3.3688,1
-0.057747,-2.1723,-0.5833,-1.0598,2.9427,-4.1219,-3.7228,1.2943,1
2.3511,-1.6449,2.0697,0.46069,2.781,3.5642,-3.7445,1.219,1
-2.365,-2.3299,0.49762,-0.23672,5.6739,-3.0984,-2.8706,-0.68857,1
-0.065853,3.145,3.1866,1.0096,0.1387,-2.6077,-0.82188,1.6309,3
0.20368,2.1764,6.541,4.7426,6.5179,-2.7716,-9.559,6.6334,2
6.347,-0.34852,0.79178,-0.69868,-1.4981,-2.8087,-2.4492,3.4043,1
-1.7699,2.7684,0.77593,-1.0007,0.39246,1.1046,9.3888,-1.7828,3
-1.1061,2.7077,1.557,-1.8186,2.7486,0.93721,4.4635,5.8722,2
1.3661,-2.6371,-1.4075,1.5464,-0.6663,-0.27636,-2.3072,3.0867,3
0.94162,1.9651,6.2834,-1.6553,6.2687,0.14912,-1.0375,6.972,2
0.52895,-1.2093,3.1639,-0.32945,5.2068,7.9366,3.9943,-0.16164,3
0.86911,2.0124,2.3339,1.7609,-0.67285,-3.0747,1.3149,0.49147,3
2.1768,-1.2119,2.4425,1.2241,0.098959,3.2328,1.0931,2.2953,3
0.81146,-0.76314,-0.53186,0.55728,2.6,6.6669,3.1701,1.5922,1
-1.4355,2.2098,0.17481,-0.63865,1.8489,-0.95355,11.088,0.065306,1
0.01722,0.89043,7.186,0.56895,3.8858,8.6039,3.7415,5.468,2
0.65208,-1.5992,-0.21142,0.83138,-1.2201,-2.8861,-0.66043,-0.98926,1
-0.91603,0.026866,-0.57447,-0.43118,-1.5374,-2.8041,2.9725,-0.90847,3
2.3145,2.1731,6.6939,-9.4595,5.3816,4.7543,4.7771,-0.47827,2
-0.23031,1.3086,2.4103,-1.2233,-0.12794,-2.3018,-4.3755,2.9007,1
0.031067,3.8714,1.9249,1.712,0.82909,-0.13931,-3.2471,-1.3885,3
-1.5126,-1.8736,3.8625,-0.44866,2.2538,0.60865,-1.8126,2.5947,1
0.85714,1.2323,2.7555,-3.6719,2.668,9.1005,3.7141,1.9539,2
3.5133,1.1247,2.6295,1.0124,6.9676,9.2796,0.30331,5.7173,2
-2.0268,1.1315,-0.78109,0.66841,-1.2368,-1.2321,-3.17,2.2074,1
2.0256,1.9553,-0.21653,1.2992,1.3337,-3.5138,-3.4839,0.27659,1
-2.2069,-1.3101,0.77653,6.3231,-0.21783,-1.6678,-3.8307,1.6932,1
2.5821,1.4698,5.0593,1.8539,6.2328,6.7275,3.6903,5.053,2
4.1787,-0.92146,1.3138,1.5616,0.57547,4.8738,0.46893,-0.55185,3
0.011276,-1.8527,1.7737,1.0914,-1.4059,-3.6519,4.5394,-1.3328,3
1.7107,0.13968,-1.555,-1.1826,0.067238,-2.5902,2.1126,1.0527,3
-1.0466,-2.6885,2.8862,-1.028,4.4916,1.3145,-1.3752,-0.64636,3
1.6887,3.7391,-0.87694,-1.5982,-0.87287,2.879,2.8897,4.7939,1
4.3792,-0.44133,1.6654,-0.77623,-1.3076,0.45728,1.982,-0.96947,3
0.15252,0.59808,0.24742,0.67015,-1.6887,4.2748,-4.1895,3.6993,3
0.13608,2.0676,-0.16492,2.0359,2.032,7.3045,2.3277,6.4333,2
-1.2185,1.6076,-0.83218,-1.2661,4.1514,2.2996,1.8909,5.0278,3
-2.6567,-2.7918,1.4942,-0.46604,2.0362,1.01,-1.2398,0.25665,3
-0.97994,-0.79244,-0.11125,0.90256,-1.6353,7.5129,0.23549,0.97165,1
-0.78038,-1.3667,0.31229,-0.71461,2.4426,4.6692,-0.27808,1.1229,1
0.68252,-0.22966,-0.22434,3.2401,0.90469,-1.5532,8.1058,0.75299,1
-2.0429,-2.7887,1.1168,-0.22529,6.7993,-1.4894,1.9387,-0.83253,3
-1.7277,3.9891,-1.7893,-0.6368,-0.43575,2.5322,0.023765,3.7331,3
-0.36742,0.35128,3.0178,2.8554,1.3899,2.5511,-2.4685,0.72725,1
-2.0011,-1.6754,2.4934,0.9616,2.3873,0.80257,2.0342,3.9546,3
-1.0503,-1.7655,1.242,1.3775,0.23166,-3.7326,-3.0865,0.84381,3
-0.66672,-1.0115,1.9064,1.9237,-1.1381,2.9524,4.336,1.183,3
0.94852,3.1524,7.3747,1.466,4.2586,9.5522,-0.24222,7.1114,2
0.51435,-0.79993,3.0676,-0.80407,1.733,5.6581,-0.38496,0.78131,1
-1.8607,-1.5742,1.5941,2.6478,0.6956,3.45,4.4928,1.6891,1
1.4238,2.0655,4.1123,6.5173,7.7904,-7.7581,1.9099,5.9604,2
-0.34304,-0.22974,-0.16477,0.023691,-0.59311,-0.53903,2.4924,1.0956,3
3.0104,-0.34287,4.0671,2.4687,0.76448,0.85741,6.8817,2.723,3
2.1704,-0.92289,7.7343,4.8217,6.694,4.8841,-2.782,4.8888,2
1.6353,-0.53452,-0.97018,-0.62361,1.9589,-0.51699,-2.3623,2.1611,3
0.10005,2.3103,4.3982,-0.60267,1.2425,9.7345,1.6788,5.7411,2
3.3747,0.9202,5.7777,-0.005443,7.8453,9.1987,1.8286,5.9292,2
0.34844,-3.2528,3.8897,2.9554,5.1474,10.851,5.3946,0.77962,2
-0.088118,-0.21976,-1.0381,0.65711,1.6034,10.031,-1.0868,3.7415,1
0.54929,-0.14164,0.61901,-0.18641,1.7805,-1.4463,-1.3057,5.5286,3
1.0502,-1.2863,1.7589,0.57863,-1.2233,2.9735,-3.4199,-1.1842,1
0.17716,-2.7299,-1.2518,1.8577,-0.76812,9.4328,-2.6718,-0.1889,1
1.7845,-0.68613,1.1332,-1.3734,4.8582,-0.59565,1.0331,1.8673,3
-2.1117,2.8464,3.7564,3.2954,6.2258,8.859,5.1277,6.4715,2
-2.802,-1.0408,-0.93791,-0.5928,0.42695,-3.8896,-2.3443,-0.42254,1
2.8451,1.1945,2.7978,0.14377,0.61746,8.5302,-2.5373,-0.075386,3
2.0589,1.9089,-0.53694,0.7198,3.3818,-3.2235,-4.398,1.6503,1
-1.3662,1.206,-0.91078,0.72111,-1.7358,-1.5746,2.9303,2.0407,3
1.0073,1.5742,6.2042,5.641,6.2733,5.1952,-0.075602,6.7161,2
-2.3962,0.48314,0.1835,-1.007,2.326,10.247,1.3498,-0.82496,3
0.18984,0.40478,-1.7326,3.9942,6.7086,0.025859,3.9141,1.3538,3
0.64503,1.162,0.42675,2.9464,-0.797,-0.93902,6.9262,3.9496,3
2.2959,-0.81973,3.5905,2.1426,6.1474,5.931,-3.0133,5.6407,2
-0.53073,0.24254,5.8294,3.3543,2.7668,2.8977,1.5764,0.49098,1
3.3928,1.842,7.0124,4.0482,5.7403,8.6073,-1.2725,6.4091,2
-2.3264,-1.3694,0.26953,-1.362,0.94554,2.944,-2.9491,4.9842,1
1.6979,2.7364,7.8235,2.1608,-0.67408,10.24,-2.0061,3.6077,1
-2.4834,-0.68027,3.543,1.9076,2.5528,-2.5372,-3.5513,-1.0361,3
1.2933,1.9384,7.6537,3.482,3.4855,-0.88735,2.8799,0.40244,2
-1.4715,-2.4968,1.7004,3.6505,1.8023,2.0996,-2.0932,-0.73682,3
0.16809,-1.5368,3.2405,5.0135,1.7859,2.0946,-0.91001,0.47744,1
-0.79006,-1.0546,-1.9191,-1.4846,0.45932,-1.3179,7.4783,0.27456,1
-1.1404,-0.99108,0.34453,1.6499,-1.0946,0.61367,8.3555,0.82339,1
-0.11456,2.8646,7.2434,2.4288,4.031,2.6691,4.2811,5.207,2
-2.5586,-2.3892,-0.21701,2.168,-1.8353,-4.1485,3.4345,0.26301,3
0.038213,-0.025363,0.8362,1.2862,1.6135,1.7247,-2.4115,-0.54648,3
-1.8177,-1.4127,3.7804,-2.5734,4.3071,2.6924,3.9172,6.7103,2
1.8703,2.6349,-1.3851,1.2423,2.1753,0.097722,-1.7878,0.98282,1
2.5749,2.0127,7.1368,0.35884,2.9009,5.4776,2.5923,4.8338,2
2.2467,1.6698,6.0068,-2.3001,3.6035,6.672,-0.69953,7.7433,2
0.1189,0.38589,6.953,-0.55416,7.6779,8.5522,-3.883,1.7418,2
1.3737,0.8275,6.3131,-6.7611,6.3913,4.1691,4.335,4.9822,2
2.0162,0.093635,-1.0052,-0.32005,-0.98719,2.0123,-4.8116,0.90836,1
-0.80768,6.1278,0.61444,7.7682,0.17841,13.953,-0.60654,-0.1151,1
2.7188,0.74107,1.2108,-1.8438,2.4221,3.0849,-1.0586,2.3033,1
2.3364,1.2624,2.0977,2.1691,4.4904,-4.3559,-3.4317,0.53213,3
0.86725,0.78698,-0.34221,1.7249,-0.43388,0.17748,1.9837,-1.0533,1
-0.94393,0.47372,4.9875,-0.48562,7.9543,4.159,5.1156,4.7496,2
-2.2654,-1.1649,-1.1722,0.098424,-0.48511,3.2826,1.2965,-0.92456,1
2.3346,2.1663,5.8892,4.5693,5.8848,4.0998,2.0221,7.5608,2
2.42,-2.6911,3.9386,0.33744,2.8012,8.212,0.85062,6.6032,2
-2.1744,5.5762,-1.8148,4.6834,-1.7889,0.58778,6.2415,-0.13112,3
-1.3297,-1.7621,-0.80838,0.49549,-1.602,10.284,-2.9743,-1.5894,3
3.5343,-0.076469,1.7254,2.669,7.4911,8.9648,4.1536,7.7692,2
-1.1293,-0.87159,0.12546,2.8449,3.989,1.2744,6.5483,4.3939,3
1.2257,-1.0674,2.7742,0.22139,6.4214,3.6588,4.5346,5.3339,2
-0.43539,-0.28028,5.339,-14.085,6.3587,10.269,3.0654,6.4464,2
1.3264,2.0036,0.21168,-0.37164,3.6434,1.3871,-4.1509,0.096478,1
1.5589,2.097,7.6386,4.7604,7.6854,-3.6704,1.2322,5.9111,2
1.1089,2.6204,4.9387,4.8816,6.0671,-1.6388,1.1409,5.0793,2
2.5266,1.2777,6.9585,-7.1146,5.885,8.5066,4.1312,6.582,2
1.2265,-2.3952,-1.0274,-1.3454,0.35555,-4.5824,0.73126,1.0671,1
1.8037,-1.4104,1.9361,1.3911,-0.64489,-0.64477,3.3712,-1.4706,3
-1.877,-0.41324,0.070443,0.26213,6.0824,-2.3556,-2.9067,3.8624,1
-1.5739,-1.0749,-0.90073,0.44304,-1.4956,5.2841,-2.4951,1.4414,1
-0.91125,4.4429,1.4603,-1.403,-1.0673,0.89979,-4.1449,1.7394,1
-0.080063,0.063373,0.33454,-0.26481,3.24,5.0547,2.9203,4.8133,1
1.7228,-0.3264,6.2392,4.6885,5.3534,-5.769,2.3257,5.7129,2
-2.2199,-1.19,-0.086402,3.1348,0.52167,4.3621,-0.31839,-0.19166,1
0.42605,2.8544,1.3153,1.0667,0.64734,8.4321,5.6622,0.36594,1
1.4708,-1.3136,-1.1044,-1.2825,2.5657,9.0625,1.5246,4.1545,1
1.3942,2.8157,5.0708,-7.626,6.3433,7.5822,4.5132,3.7778,2
0.009162,-1.8216,0.41114,0.65304,0.44279,-0.73643,-4.8915,3.2964,1
3.0212,1.4971,5.3509,-3.2779,1.6435,3.9505,4.5917,1.6881,2
-1.655,-1.2857,2.5455,4.1811,1.7073,1.8673,-3.4641,1.666,1
-1.2211,0.057211,3.883,0.56171,1.0855,-3.226,-1.3202,7.2773,2
2.9171,-0.29081,0.86984,0.49444,0.63163,11.881,-3.2648,-1.4107,3
-1.0937,-1.4924,2.6704,6.0319,3.7476,-3.5433,-4.3681,0.97069,1
0.75592,-6.2044,7.389,-0.89591,2.9641,9.9235,-3.4684,6.3728,2
3.428,0.10577,6.7482,2.0178,5.8108,4.368,1.5873,5.3322,2
-1.198,-0.99577,-0.12024,-0.000931,-1.2424,-1.4644,0.65006,0.60335,1
1.7165,3.7911,5.0409,0.86195,4.93,6.874,-0.037463,3.0439,2
-2.3072,2.0001,7.8599,2.2102,5.9783,5.3958,-0.14667,5.3902,2
2.1253,1.3543,1.21,1.1822,0.89294,-0.6252,-2.1609,-0.16037,1
1.6547,-2.5968,-1.5656,-0.66052,1.3122,-2.5057,-3.0191,2.5465,3
0.6391,-0.077283,2.9083,-1.8664,4.2643,6.0344,3.9301,3.8682,2
-2.3178,-2.5469,3.2265,-0.94862,4.1619,4.274,-0.69766,-0.69787,3
3.7915,-1.2328,0.50846,2.2212,0.54174,2.8692,8.5757,-1.1557,1
0.39369,5.0896,-0.85564,0.56926,0.52495,0.22699,-2.9659,0.59184,1
3.0328,2.1934,5.162,-6.2614,6.1644,5.9634,2.8317,7.5185,2
-1.3799,-2.7233,1.5862,-0.18086,-0.88592,-2.0403,-1.1811,6.4825,3
-1.8339,-2.395,-0.99605,1.8013,-0.95015,1.1201,-0.58379,2.6728,3
3.1554,1.1989,6.2862,-0.36515,4.3097,9.0119,5.4316,4.7566,2
-1.8055,2.0429,4.5615,4.2457,5.0681,2.2302,0.55003,4.2888,2
-1.9184,-0.65624,-1.7981,-0.68354,2.6407,-0.20883,6.5916,-1.5677,3
2.9034,-1.6848,-1.0819,0.005768,3.7825,-4.1825,10.394,1.7758,3
1.6187,-1.4424,3.9053,-0.65502,1.7988,3.2876,-4.7265,6.7512,1
-2.3981,-2.5259,0.81148,-0.87002,2.4003,3.9765,3.399,-1.1816,3
-2.8679,2.7127,0.6041,-0.87103,1.8494,9.4326,2.5744,0.99512,3
1.7489,-2.0733,0.80953,0.32796,0.048091,-1.6856,0.032277,-1.3938,1
-2.8425,-0.75604,-0.92255,1.7,0.39802,-1.2102,-0.3433,4.0164,1
-2.065,-2.1831,6.1272,-0.15272,2.2837,7.5182,-2.5219,3.0776,1
-2.3575,0.64858,-1.0585,1.2291,4.1507,-3.1493,-2.5646,1.5716,1
3.0979,3.4058,7.687,-14.111,3.2462,5.1875,-4.3468,3.6253,2
1.1168,1.637,3.8521,-0.22043,6.6068,4.6475,-6.6107,6.7635,2
-0.46014,3.9613,-0.038522,0.15044,-1.392,-4.2245,11.797,-0.51699,1
-2.2159,0.59856,-0.28459,1.49,2.1789,-0.043123,10.236,-1.9133,3
-0.008228,-1.293,3.2668,-1.2297,3.4023,0.25053,6.7279,-1.0753,3
-1.6491,-0.38144,4.7206,1.3575,2.6471,-3.7871,-0.59507,0.084614,3
3.604,-2.0144,6.242,5.7971,5.1071,4.321,-5.3281,6.2003,2
1.4427,1.0301,1.2708,-0.12705,-1.5841,-1.1532,-2.5726,0.43033,3
2.0389,-4.9799,6.6863,-1.3225,5.8831,6.4329,-1.1247,6.0509,2
0.092446,1.8373,-0.33414,1.7066,-0.00164,-1.5395,2.2746,0.29021,1
-1.9664,-0.92379,0.93293,1.7194,5.6609,3.756,9.2846,0.4988,1
1.1023,-0.70855,6.4598,2.4956,2.997,0.035467,1.6369,7.5869,2
1.501,0.14965,1.0739,-0.17222,0.75922,-4.3466,-2.6545,-0.52355,3
3.7534,-1.4916,4.1922,1.2737,-0.09573,1.5651,8.2393,-0.8322,1
-1.398,-0.78131,0.72711,1.5054,1.2511,7.5921,-1.4301,-0.53953,1
-0.70209,-2.2139,1.3618,-0.31589,2.3813,2.043,-3.9248,3.946,1
-0.96432,-1.6674,-0.85251,3.0868,0.24107,-1.2081,-3.8879,1.2007,3
0.53888,-2.4286,-0.71018,0.83432,-0.77701,4.6099,-2.5395,1.0019,3
2.7706,-0.023482,7.1687,-6.055,3.0722,6.4002,-2.1948,2.8802,2
3.4814,0.21472,5.8467,3.4994,5.651,5.5756,-1.2781,5.5162,2
0.060238,2.854,1.1959,4.7852,6.6549,3.0831,3.6144,6.6281,2
-1.5429,-0.69128,6.1097,-1.7907,2.1576,0.52964,-2.5361,-1.6601,3
-1.2889,2.6454,-1.684,-0.89017,2.1069,0.53846,-1.8038,2.5304,1
-0.51093,1.0185,7.1091,5.2112,2.8575,8.12,-1.8075,4.8399,2
3.7143,-1.0624,-0.31243,-0.29673,0.40719,-0.17566,2.0565,0.85263,3
0.69518,2.7719,4.8327,-3.5074,4.4748,9.5748,-0.66451,7.2168,2
0.12402,1.1551,2.1051,-0.256,6.8071,4.4712,3.2443,6.6492,2
-2.1647,1.9059,2.8572,0.55282,8.0493,2.9987,2.69,-0.18739,3
-2.0099,5.8087,-0.48484,0.17367,-1.1623,-1.0804,0.54929,2.5145,1
-4.4958,-1.7876,5.191,3.5229,5.0446,7.5777,-4.505,4.5746,2
-2.079,0.34025,9.3426,3.8611,1.3477,-0.31984,-1.0237,8.6264,3
-1.278,-2.3622,2.6665,-0.54573,0.97112,3.8535,-2.719,5.0171,1
-0.55554,-2.0534,1.0681,3.4153,0.12534,-3.4685,-0.25798,3.9083,1
-1.3529,-1.4113,-0.15306,1.0981,-0.94914,-0.44989,2.7075,3.3227,3
1.2947,-1.805,1.6314,1.596,-1.2173,2.3105,-2.3996,1.58,3
-0.57036,-0.003432,-0.95416,1.2467,-0.78242,2.9046,2.0573,-1.6108,3
2.7632,0.90454,-0.43266,-1.259,0.69681,1.7223,-2.0169,2.352,3
-2.6587,1.7264,-0.33331,1.9591,-1.3176,2.3961,4.0491,-0.9892,1
3.8575,0.94997,2.6867,0.033366,6.8115,7.895,0.23744,6.1346,2
4.967,4.5398,2.5607,1.3772,-1.4663,1.2029,-1.2193,0.26423,3
4.11,-1.6846,-1.7876,3.3545,-0.30809,-1.4496,-3.8224,-0.89731,1
2.4318,2.9565,2.7991,1.3885,6.3089,6.4321,0.25126,5.1239,2
0.72571,0.83676,1.7175,1.1784,6.8535,-4.0224,3.1044,-0.017514,3
0.91651,1.1001,-1.657,0.63627,-0.98757,2.0532,-0.96635,5.1608,3
4.144,2.3094,-1.7123,0.84269,3.5578,0.035411,2.1553,-0.68359,1
2.222,-0.88935,-0.28379,0.5779,0.61067,-3.8059,1.6718,-1.8351,3
-2.9423,-1.1007,0.72873,2.5988,-0.37346,-2.8383,1.6688,1.0083,3
2.6159,0.38549,6.0501,6.2299,5.4711,7.3285,1.1637,3.8158,2
0.88795,1.8309,5.4709,2.4257,6.0175,5.0982,-6.1444,6.2156,2
-2.1251,-0.7319,0.35146,5.9565,-1.2351,-1.6721,-4.5678,-0.16268,1
-0.13189,-2.1618,-1.608,2.9485,1.5261,0.84811,-1.1627,7.3132,3
-1.3665,-2.3344,1.3076,1.8141,1.7825,1.2451,4.7925,-1.4856,3
-1.6295,-1.0008,-0.22972,4.6792,-1.8168,-0.088908,3.9879,0.83063,1
-1.8211,0.60872,-0.5635,-1.6862,1.1367,6.2817,-1.41,-1.0104,1
-0.86252,-0.16925,0.88014,1.0677,-1.3283,3.9191,0.062607,-0.38526,1
0.52895,1.2012,-0.39783,-0.37354,-1.1252,-2.8758,-2.0596,3.0783,1
-2.3338,-2.1415,-1.6153,-1.3227,0.39102,-0.2762,-1.5695,0.84586,3
-1.0949,-0.56235,-0.092624,-0.91026,0.90219,2.3409,-3.1679,-7.1e-05,1
3.3797,2.4297,4.9055,5.5558,6.3287,7.0747,4.2645,6.4829,2
1.6431,0.086577,-0.98359,0.34038,-0.17431,-3.7219,-0.34978,-0.020674,3
-1.0822,2.6265,5.3139,2.5681,4.7839,7.7632,0.7718,6.8228,2
-1.4871,-0.88991,-0.17865,-1.6189,1.0687,-2.4142,2.3227,3.3217,3
0.79537,3.528,5.6855,5.0031,6.7813,7.1676,5.365,5.6093,2
-2.7202,-0.90766,1.4829,2.855,2.6392,-0.78729,1.3117,6.12,1
4.6705,-1.7148,6.2995,1.7721,-0.9269,0.96622,-0.19278,1.1674,1
1.8339,-2.3828,-1.1463,2.5503,0.99499,-1.4561,-0.52581,0.084882,3
-0.67086,2.8153,-1.296,-1.9638,1.4026,-1.7923,2.4572,-0.53748,3
0.57722,3.6289,0.77294,0.44742,3.2995,-1.417,-2.9134,-1.4823,3
1.1278,3.4707,1.1791,-0.54423,3.4442,5.7014,1.1468,2.765,2
-1.9969,-1.6191,-0.044221,0.47817,-0.33726,-2.1228,-0.055198,2.0279,1
0.44656,-1.3707,2.3117,2.1101,-0.15154,0.82865,-0.82697,-0.95596,1
3.8592,-0.20721,0.16129,1.0978,-0.83276,4.4268,-1.3131,-1.7878,3
1.9864,1.2293,7.1139,4.8468,4.2503,8.4405,4.5848,5.0618,2
2.2211,0.47547,5.8143,5.8638,-0.035278,9.3903,4.9253,7.3335,2
-0.4241,-0.92336,-0.95143,5.2788,-1.7012,0.11672,9.4358,-0.27139,1
0.57605,-0.1318,-0.61147,0.92421,-1.856,3.269,5.7139,-0.031703,3
3.0065,1.9969,-0.91195,1.1117,6.4068,9.9825,3.9961,5.5937,2
0.18138,-2.6561,-1.5671,4.9857,3.0396,3.8882,0.22933,6.1284,2
0.16855,0.30058,-0.20667,2.3696,-0.68216,-2.0604,0.92867,1.1396,3
-0.41841,-1.592,5.0782,-0.82838,-0.67092,0.79566,-3.9926,-0.55977,3
-2.2991,0.019225,0.67613,-0.7039,1.2398,-3.2826,2.3246,0.7603,3
-1.1084,3.6214,4.3083,1.3897,5.9061,-1.0736,2.2689,5.7756,2
-0.4488,1.4388,5.748,2.3074,4.4054,7.7884,5.1668,7.5932,2
-2.1012,-2.3341,5.8448,-0.7247,3.5118,-0.53924,2.06,-0.90066,1
-0.98766,2.3203,1.636,2.1632,3.2622,-3.9363,8.5303,0.69574,3
-1.788,-1.5266,-0.78597,3.8637,1.0365,11.958,0.070914,-1.8554,3
-2.3567,-0.3827,-0.88617,-1.4989,3.2683,2.0023,-0.15697,-0.84187,1
-2.1603,-1.0726,-1.2915,1.3558,1.5694,1.1766,-0.79388,5.2132,1
0.6506,-0.43009,4.4808,1.1505,0.74865,8.3091,5.0211,1.1304,3
0.53007,0.9308,-0.79165,1.2693,0.54615,-2.8743,8.567,-0.053378,3
-1.655,-1.2857,2.5455,4.1811,1.7073,1.8673,-3.4641,1.666,3
-0.6189,0.52396,-1.494,0.265,0.4675,-3.8777,7.5989,0.081831,3
-0.68887,-0.98888,1.6181,-0.80973,1.8915,2.7612,3.3748,2.6477,1
-1.337,1.7117,6.474,1.4546,5.6765,8.0751,4.1109,4.7966,2
3.0196,-2.4686,-1.5963,-1.1684,3.6956,-0.9935,2.8664,5.5759,1
1.6781,-1.8605,2.1559,-0.83635,2.776,-3.2204,2.4919,0.91239,3
3.2331,1.2151,1.5997,3.3765,3.5784,2.1325,-2.0032,5.7518,2
1.8987,-1.607,0.86272,2.3748,0.12998,-2.4339,-0.13828,-1.0057,1
3.1168,-2.5901,7.3795,-2.9063,0.57531,10.81,1.2365,1.2656,2
-2.2044,-1.5355,4.1616,2.0111,4.6421,-4.4628,-3.937,-1.4667,1
0.1053,-1.37,1.1687,2.6321,-0.38538,-1.9053,-1.2637,4.7024,3
1.3336,-0.19906,0.1189,-1.3468,-0.77516,-2.2659,-0.89408,2.2004,3
1.1628,0.51145,6.3045,5.5727,6.3883,9.1201,4.4242,6.0199,2
-1.6903,-2.5494,3.4215,-0.37092,2.7376,2.6809,-0.21473,5.2485,3
-2.9158,-2.188,2.2386,-1.2284,-0.93756,-3.2035,2.1451,-0.96474,3
-2.7863,3.5805,-0.56112,2.4422,5.5469,4.0476,-3.5917,-0.35975,3
-0.4541,2.0587,4.236,5.1259,3.1927,-1.2892,3.9408,0.21999,1
-0.7198,1.4095,1.3581,1.9865,0.3451,5.155,2.824,-0.47905,3
-2.514,1.2149,5.7102,0.17637,-0.19968,-3.691,-2.6902,-1.0473,3
-2.2079,-0.88325,2.0241,4.654,1.9363,-2.812,-3.0462,3.9407,3
2.774,0.038157,4.8763,-8.8134,7.1676,-0.92184,2.834,3.8981,2
2.0789,-0.84504,-1.7141,3.8776,4.4594,5.8463,-2.2617,2.211,3
-1.0654,-0.73414,2.1623,-1.4581,0.097272,3.5566,-0.6815,5.3297,1
-2.4992,2.3919,0.19054,-0.38948,0.49224,4.3582,4.4931,1.7925,1
-0.33973,2.176,7.5309,5.9455,3.8042,9.0392,3.826,5.6289,2
-0.77389,-1.6555,0.46785,0.2001,-0.26636,-0.10945,-1.6909,0.82224,3
-0.13497,-2.6519,-1.5342,0.21262,2.2224,-2.4597,6.1456,-0.57333,1
1.211,-0.58058,3.9724,5.7618,6.2537,6.6085,-1.0669,4.3418,2
0.27776,1.2563,-1.2702,-0.5881,3.6522,-0.8733,-1.5264,-1.2181,1
1.1476,0.089045,-1.4405,1.0793,-0.46252,-1.8452,0.17345,1.8194,1
-0.88401,-0.86751,2.8174,-1.5833,-0.84985,-2.3408,-1.044,2.938,3
-0.58012,1.1824,-1.3949,0.24739,0.55422,-1.9857,6.4424,-1.5164,1
-0.65516,-2.5012,6.4889,-0.96861,2.309,-2.7427,0.60603,-1.0197,1
-1.99,0.021196,0.027654,1.844,0.95341,1.3169,5.8746,-0.37227,3
1.3031,-1.3711,-0.69581,-0.61511,-1.5219,-4.7003,0.87792,-1.7576,3
-0.51966,1.2109,1.2129,2.1477,1.4577,-1.692,-0.94196,0.91981,3
2.0122,3.7303,3.7499,0.87502,2.7478,-6.9393,-2.9897,6.2533,2
0.0971,0.54736,1.5086,6.3803,0.67743,3.2827,4.6298,2.0802,1
2.9094,3.2119,4.1383,-0.98755,6.7643,3.4908,2.6947,6.8391,2
-1.9274,0.86069,-0.53192,-1.1645,-1.814,-1.3842,-4.1242,1.6519,1
-1.8265,0.49462,2.3435,0.86505,1.082,8.9385,2.6318,-1.8647,1
-0.54371,0.031798,3.3356,-0.35712,2.4645,5.0854,7.2901,2.8959,1
-1.3491,-1.2546,1.1654,-0.09919,1.5717,1.287,2.8336,-0.79603,3
0.25188,-0.60978,6.4073,-1.8713,0.98285,4.8653,-0.26036,5.829,2
2.585,1.1763,-0.14174,-1.402,-0.63714,1.3841,-1.2358,1.2287,1
4.7447,4.262,-0.48479,-0.64985,-0.3222,-2.0924,3.4432,2.4518,1
-2.2178,1.5662,0.41619,1.032,3.4232,-0.82697,-1.3276,1.4302,3
-0.5936,0.14575,-0.18465,4.7632,1.2835,-1.7505,1.3545,2.5127,3
-2.697,0.26038,3.6084,-1.1292,-1.2968,-0.21799,-1.7799,-0.46122,1
-1.2259,-1.1681,4.6887,0.5399,4.8113,3.7281,-0.73057,-0.3237,3
-1.6949,2.413,-0.83076,1.2582,-0.35232,-0.96877,-0.57731,-0.059692,1
0.95831,-0.69607,3.1027,-0.4201,6.7901,2.8439,5.0787,0.28657,3
2.4117,1.4833,4.0605,-0.12568,1.6629,-0.88601,-2.9265,1.4696,3
3.4233,2.1616,5.7613,-1.2747,6.3176,5.1985,2.7621,4.3309,2
2.4931,0.58397,7.6513,2.0127,2.0985,4.7106,2.6353,3.3581,2
2.0661,0.090793,0.49172,1.9555,1.2063,0.90417,4.0861,2.2787,3
3.4512,0.57493,0.84154,4.6027,9.1295,-1.0813,0.036926,-1.7303,1
3.7959,-3.2951,0.98759,-9.7056,6.1935,8.9338,3.9287,5.2359,2
-0.57892,0.55626,5.3265,4.3271,3.1762,5.5335,3.6629,0.8063,3
-2.0046,2.682,-0.38205,-0.33786,7.9395,1.2033,-0.4876,-0.42867,3
1.551,-0.64725,2.0524,-1.3499,6.7622,2.3543,2.8007,2.1453,2
1.5923,-3.5037,3.595,5.1551,4.371,3.7041,0.10165,6.2433,2
0.83959,-1.5084,-0.44151,6.5005,-0.76093,-0.8912,-2.6206,-1.3507,3
1.3187,1.8126,5.0799,4.7445,5.9083,2.0076,0.67004,4.4355,2
1.776,3.4636,6.4107,-4.1703,2.3242,2.3502,4.9712,5.3495,2
-2.0092,-2.3521,1.1812,0.37075,0.96717,-2.8208,-4.0856,5.3388,1
-0.78464,-0.75556,1.7604,-0.024886,-1.6295,-4.4436,0.8817,-0.81183,3
3.6627,2.9639,1.9729,0.21574,-1.7088,7.087,0.35189,2.2842,1
-0.63361,-1.2015,-1.8722,-0.77944,-0.71627,0.21177,-1.897,1.0642,3
-0.60735,-1.1605,7.4327,4.5983,7.3822,-0.35396,-2.033,7.063,2
1.9439,-1.0389,5.8192,-7.2694,6.3468,9.9251,1.4817,7.3841,2
4.9227,-0.045604,-0.92871,4.0443,-0.02014,-1.3893,-2.8771,-1.3734,3
0.039704,1.9053,5.6632,5.0737,6.6036,8.9555,1.5164,7.5458,2
2.7737,-0.98292,1.0137,-1.8042,-1.5168,-0.81599,3.6661,1.6606,1
-1.0984,2.2102,-0.094062,5.8868,5.3176,6.3142,-2.5664,1.8368,3
2.6366,0.27051,6.327,-2.5232,6.1941,4.6853,5.2913,6.4802,2
-0.73821,-0.45929,0.90035,8.7849,2.1547,2.7559,-0.11087,-1.8017,3
-1.3239,0.63038,0.87572,-1.3589,-0.45323,-1.8926,1.3014,1.7847,3
0.3486,-1.9512,1.1216,2.7167,3.4207,1.5182,-3.8137,-0.74728,1
-1.7547,2.6082,0.47488,2.5002,0.86836,-3.2967,-2.7663,-0.17562,1
1.8414,-2.1515,0.69641,2.8544,0.54241,1.4214,-2.8778,0.39616,1
3.9854,5.6509,-1.4839,0.70988,-0.12815,-0.40844,4.8309,4.1052,1
-0.86853,-2.6855,1.6074,2.3861,5.1656,-3.4963,-1.145,3.4371,1
-0.88884,-2.0709,5.4142,-0.002459,-0.091819,0.93253,7.258,1.1698,3
2.4275,-1.3541,7.4418,0.35576,5.4642,2.803,2.8804,6.8811,2
-0.040615,0.14873,4.742,0.45062,5.0583,6.1423,4.027,5.5751,2
-0.67829,-1.3426,1.4049,-0.85898,-1.0693,13.549,-1.5289,1.217,3
0.73165,0.31299,-0.95763,0.84781,-0.8022,-4.3079,-3.0091,-1.6776,1
-1.5365,-1.41,4.581,1.7245,-1.7066,3.7775,-0.079125,-0.1976,1
-4.2184,-0.60553,5.7055,5.4281,4.5002,9.7251,3.0178,-0.4653,2
0.66289,3.2865,1.2734,-1.0633,2.5267,0.99296,-2.0879,1.9998,3
3.4677,-2.3451,0.36287,3.5297,4.0728,-0.88767,9.4583,-0.49833,3
-0.74517,-1.3343,2.2261,0.54906,2.0542,-1.2099,-3.7086,0.79055,1
-0.58833,0.34855,-0.27825,2.446,1.2912,6.7791,1.7275,0.34186,3
-1.334,-3.0129,-1.1792,3.8075,-0.22662,-3.0511,13.754,-0.8127,1
1.5497,-0.23328,5.7925,4.0925,3.6594,2.2065,1.5027,2.7121,2
0.077894,3.427,2.0681,2.8733,7.0514,6.4749,3.0808,3.0183,2
0.072544,-0.73308,2.914,-1.4998,4.6389,1.7271,7.5821,9.3468,1
1.6875,-0.4522,-1.7128,-1.2144,-0.59858,-2.9201,-3.3039,-1.2478,1
5.1087,-1.4403,2.4799,0.23314,1.8889,4.9358,-2.5823,-0.41812,3
1.6831,2.3089,3.3337,1.6097,6.4718,-4.2418,0.29189,-0.36196,3
6.4884,-0.47275,2.0884,-1.6086,2.3221,1.1382,-3.3884,1.4225,3
0.58091,1.4239,4.8414,5.2796,5.2375,2.3618,4.3752,4.7553,2
3.2956,-0.36775,5.0676,-4.963,5.4888,-3.4077,-10.112,7.8604,2
1.8596,-1.4478,0.11815,-0.11513,0.10441,-2.5891,-1.4584,-0.84861,1
-2.114,2.4621,5.2654,0.57278,1.7816,0.61245,6.5303,0.38295,3
0.021316,4.2034,0.14565,-1.2657,3.7088,-2.1807,7.3846,-0.38075,1
-0.5234,-1.551,-0.008459,2.9529,-1.2054,-0.2819,0.75756,-1.0258,3
2.0457,0.18135,6.496,4.2935,5.3488,6.5745,-10.511,3.679,2
-2.2965,-0.78264,0.012769,-0.073467,-1.5982,9.2335,5.2092,0.038349,1
2.4195,2.6254,6.8227,4.8538,5.1306,10.263,0.36938,2.8893,2
-3.2909,0.98581,5.0198,1.6716,6.8336,6.5428,2.1179,5.1522,2
4.7078,0.66536,3.4665,3.4069,-1.2512,2.2449,-2.3506,2.8013,1
-0.45868,-1.2233,4.9759,-1.1144,5.1799,3.4532,1.7126,1.8848,2
0.38639,7.3644,4.7103,-1.4719,1.5465,-3.7298,-3.7573,0.84506,3
1.3114,1.5041,-0.85857,-0.97141,3.3452,-2.4642,-3.3545,2.4989,3
-3.3323,1.5409,6.2403,4.3242,3.9088,9.5686,-1.7057,7.4346,2
-0.42332,-1.9575,0.82177,4.9329,0.66674,0.23744,-2.177,1.0791,3
1.8879,-1.5579,-0.33029,1.5985,3.5494,4.3452,3.4813,0.32228,1
-2.3065,4.5943,1.9571,-1.1688,0.81983,-1.6711,1.6142,-0.72484,1
3.3184,-2.8975,0.25489,-0.79769,0.30843,0.76571,-0.65203,-0.45698,3
3.406,3.4482,2.359,-3.1401,4.7208,7.5847,2.6335,3.3484,2
2.2661,2.6749,-1.6031,-0.52709,-1.9852,-2.3745,0.46118,-0.49618,3
3.2584,-0.074523,0.23905,3.1497,-1.2507,10.216,-1.1193,3.9474,1
-2.3425,3.4121,0.61642,1.4765,0.97126,4.9172,-2.0687,1.3129,1
-0.64555,-0.3845,1.6045,0.71149,0.42767,-2.5766,-1.315,0.9561,3
3.3271,0.96909,1.2842,0.7096,2.2802,1.4321,5.9716,2.5682,3
2.301,2.3223,-0.66808,-1.2399,4.4253,1.4048,5.0515,0.33089,1
-1.1257,0.59962,2.1369,1.0772,1.862,3.035,12.605,-0.31122,3
0.85131,0.36222,7.0317,-5.5388,6.976,0.95166,2.7133,0.91027,2
-0.48661,-2.3988,-1.1214,5.0515,-1.2811,9.1235,-1.4874,2.1168,1
-2.1107,-1.2024,1.7688,3.6821,3.4939,3.4673,2.1029,4.7266,3
0.2934,-1.284,2.0401,0.8,7.5591,-1.7066,2.3798,-0.30145,1
-0.5893,1.619,7.9657,3.7867,-0.76772,4.7041,-1.7427,-0.54487,1
2.0647,-2.4448,1.7495,1.1724,3.2534,-1.2932,2.6338,0.85225,3
4.3656,-0.58277,9.0758,-0.51147,2.5153,-2.263,10.322,2.315,1
3.2551,-0.98791,7.1538,4.0669,3.0669,9.2206,3.5306,1.1166,2
-0.054973,-1.8262,2.1841,1.8199,-0.33438,0.84856,-3.4115,0.21395,1
3.0539,-0.015723,5.1014,3.0168,2.3364,1.2508,4.2309,3.0598,2
-1.825,-1.7124,1.1094,0.49144,0.33702,8.2655,4.4403,2.3439,1
-2.472,-0.88624,4.0475,-1.2505,3.8704,-0.51394,-2.5645,-1.5508,3
1.2122,3.4431,2.672,3.302,7.4111,4.6237,2.1073,4.7926,2
-0.44211,4.3917,2.8904,1.7203,5.0045,-4.0182,-2.3425,0.79494,1
1.4093,1.2919,2.7001,1.512,1.2493,4.763,-1.7321,4.3006,2
1.6616,-0.65992,6.2765,3.2171,6.0927,4.3387,-1.2689,7.9013,2
-0.44389,-2.1662,-0.98498,1.4696,0.29675,1.2683,1.4193,0.54215,3
1.0141,2.3445,7.1289,2.8271,7.5741,9.3892,-4.498,7.5333,2
-2.462,1.4997,7.9534,0.61977,6.2136,-0.66601,-1.373,5.0139,2
0.51317,-0.001653,2.5314,-1.5775,-1.4063,-4.1195,-1.2,1.6956,1
0.22186,0.636,1.928,1.571,3.4243,1.1506,1.4361,2.7896,1
0.88901,0.10872,-0.44443,0.81113,-0.55683,-0.22784,1.7628,-0.63002,3
3.9004,3.0482,6.5432,1.2645,6.3769,-1.6444,3.2007,6.6435,2
-2.2248,0.15665,1.0913,0.83071,0.57068,4.9219,3.0128,1.0909,1
-0.57959,-2.1773,0.10506,-1.2838,0.53811,-0.30368,2.6285,1.5323,3
-0.10558,-0.65506,2.0912,2.9746,-1.4267,-3.9099,5.8442,1.5711,1
1.5186,-1.0653,-0.49763,1.4044,-1.8607,0.56262,0.77397,3.8951,3
0.81425,-2.7295,3.4399,2.1005,-1.277,0.78813,-1.3952,0.62575,3
-1.2819,0.18034,1.0068,-0.29312,0.77941,3.3665,2.7424,7.3821,1
1.0999,6.8138,2.9079,2.5787,-1.9769,-2.5861,0.66992,3.9617,1
0.54552,2.7199,-0.10052,-1.2868,2.5163,-0.47379,8.7986,3.5543,1
-1.2346,6.8216,0.61577,1.6082,3.8584,-1.0398,-1.3693,1.5867,1
-0.458,-1.3786,2.828,1.8441,-0.9998,-0.027566,1.4217,3.4762,3
0.11879,2.5587,-2.2968,-0.98695,2.3188,-0.63302,2.0353,1.0767,2
-0.88492,-0.5669,1.0964,-1.7046,10.039,-0.48556,1.1904,-0.80927,3
2.5088,-0.1916,-0.9217,-1.3211,1.4267,5.4924,1.7379,-1.0413,3
-2.2314,0.37726,0.48481,-1.6558,0.11813,6.2228,-1.0257,1.4273,1
1.2026,2.8302,0.39292,-0.41467,-0.59669,-2.9774,-1.3291,3.1732,1
-1.73,-2.2038,0.96807,1.433,-1.2312,-2.3284,0.10788,-0.48813,3
-0.57029,1.3622,4.976,3.0772,2.9442,9.9055,-1.8772,4.9042,2
3.9957,0.62881,0.89391,-1.0038,5.6881,5.0086,2.6425,5.1502,2
0.086825,0.9925,-0.94181,-1.5254,1.2045,3.6589,-0.66016,4.6872,1
0.36622,-1.1906,3.2116,3.3546,-1.2206,0.10798,-0.8436,2.3871,2
1.0444,2.2166,4.9914,1.6436,5.6727,3.8838,-0.19441,4.2207,2
2.9017,1.7016,7.3334,3.1671,5.6259,9.6125,4.4507,4.4668,2
-0.52721,2.5387,3.2348,0.43506,0.32122,-0.66458,-2.4487,1.5166,3
-1.8937,-2.4999,1.4961,-0.68649,0.64521,-4.0323,11.247,0.74338,3
1.8089,-1.0541,0.38431,4.7665,7.1354,2.7613,-1.4396,1.9912,2
3.2316,3.4911,-1.6596,-0.79471,7.7141,9.7997,2.5165,4.1803,2
-1.4894,2.0599,-1.4225,3.2936,1.0663,3.5815,7.2263,3.4137,1
-1.5901,1.2459,-0.32359,0.69235,1.2909,1.7118,1.9285,2.3507,3
0.32581,3.5772,6.8674,-0.16738,2.8445,5.1493,1.2375,-1.2136,2
1.4239,2.2821,6.712,-0.39096,7.6755,2.4445,3.7778,3.7539,2
1.2754,2.3664,6.3487,-6.9639,6.7903,5.7771,2.3468,6.1709,2
-1.8319,-0.064127,0.19342,1.3985,-1.3441,1.778,-2.7642,0.10424,3
2.1053,1.382,1.3758,0.95708,4.7323,4.1109,2.7435,4.3147,2
0.4117,-0.38314,1.3584,-0.18768,0.011463,0.8021,-0.32092,2.0284,3
-1.066,-0.74536,1.1543,2.3499,0.53136,6.278,6.7135,-0.8505,1
2.6979,-1.958,6.6836,3.93,2.4007,2.0611,1.3471,5.0602,2
-1.5396,-1.526,-1.472,0.40303,0.49304,-3.7047,1.4531,-0.083714,1
1.987,-0.72355,8.0283,-1.1231,-1.1676,-3.9369,-4.5659,5.6764,1
3.7655,-0.99599,3.3458,0.071321,1.5989,1.4534,-0.8067,1.582,1
2.6255,-2.5333,-1.2668,-0.86983,7.0465,4.092,-1.1729,1.5347,3
-0.76306,2.5091,4.8943,-0.35702,1.0335,-4.6892,-2.0231,0.39782,1
0.32562,-0.02012,5.8137,-10.64,6.874,10.553,1.3683,6.2617,2
3.4982,1.0167,4.3791,-6.5947,7.4648,1.1737,3.8093,0.097803,2
2.2352,0.057921,5.182,0.038135,1.6297,3.8331,6.8149,-1.0216,1
-1.9562,1.4133,0.47173,1.2026,3.4053,-0.94337,4.7132,1.8111,3
1.8879,-1.5579,-0.33029,1.5985,3.5494,4.3452,3.4813,0.32228,3
-2.1127,0.29085,6.3904,2.545,6.4709,8.1983,4.3696,2.9101,2
0.39953,3.6464,1.5919,0.61715,5.3194,-2.545,4.2447,4.1977,3
1.6341,1.3922,6.3666,2.4504,3.6154,-1.1733,3.8789,3.4744,2
1.6869,-2.7581,5.6893,3.4982,4.6052,2.4438,3.8643,6.4598,2
6.1864,1.5206,2.605,-0.15005,-1.3328,0.59221,1.9323,1.1883,1
-2.6588,0.36774,-1.3811,-0.5856,3.8061,4.2367,-0.72342,-0.86887,3
-0.81545,4.1512,-0.80077,3.4355,-0.34155,-4.2162,5.4307,-1.3881,1
2.4475,0.98333,0.58725,-0.024041,-1.8485,3.4222,0.98662,7.3476,1
3.42,-0.95037,0.46825,-1.5095,0.79292,-3.1201,2.8896,0.63738,3
-0.25182,3.6078,0.10183,-0.6871,-0.056766,0.93912,12.181,-1.0778,3
3.2666,-1.6371,-1.2186,-0.1613,6.3844,1.1092,3.8375,1.2098,3
2.6877,-1.2585,5.2936,4.3746,2.6201,3.3822,3.0369,5.4628,2
-1.4469,-0.61559,-0.88307,-0.2719,1.6543,2.8778,-4.0643,-0.22846,3
4.0565,2.9474,-0.2448,2.6648,2.4894,0.65984,-2.3643,1.6864,1
0.37484,-1.7261,-0.13321,3.2803,-1.7419,0.9945,0.67794,1.5119,1
-1.2817,-1.8568,1.3521,2.3793,-1.0544,-0.79945,-2.6396,-0.72775,3
-1.3526,1.0643,7.5449,0.56225,-1.0448,0.34934,-2.4525,-1.0782,1
-2.5796,-0.42643,-1.7015,0.005517,0.30988,3.1417,7.3138,2.2603,1
-1.9852,-1.2122,-0.90987,2.7215,-1.8165,-2.9348,0.77937,1.3243,3
-0.048194,-0.60041,-0.42901,1.1059,3.6339,7.6977,-4.4871,-0.36389,1
-1.2721,2.943,0.070189,-0.21093,4.6091,14.728,-3.1653,-1.0232,3
3.3673,-3.4929,6.1888,3.8959,6.8197,3.9567,-2.3258,4.4315,2
2.1103,-0.58166,4.4456,3.3636,5.1143,10.012,1.4931,4.2587,2
3.5336,-0.36732,0.8784,-1.4804,-0.064761,-0.047962,-1.62,-0.41135,3
-0.95708,-0.94242,-0.35178,1.3663,-0.57511,-0.69476,6.8026,2.1074,1
2.2362,7.21,6.1664,2.3265,-0.22453,4.3939,-0.54228,-1.6264,3
-0.40007,-2.4076,1.9326,-0.029685,-1.9788,-2.4648,-1.3746,-1.4489,1
0.99787,-5.0629,2.2083,-1.8299,7.3492,9.5505,4.0771,4.5765,2
-1.4573,-0.76475,-0.051764,0.32118,-1.4263,3.6518,-1.9307,6.1284,1
1.8257,0.97001,1.5341,-4.1146,4.0038,-1.1448,-1.6845,1.4862,2
6.2643,1.9364,1.413,3.4821,-0.40753,-2.0347,-0.91935,0.60727,3
1.7857,0.33866,-1.76,1.6056,2.2769,-0.79989,-2.7393,0.93914,1
0.39631,1.2318,6.4021,5.2628,5.8239,2.1706,2.7349,1.526,2
-2.2694,-2.412,1.5869,1.8677,-0.84655,6.3181,-2.0246,3.4415,1
0.9385,-2.1326,1.2355,0.72856,2.8571,-2.3787,-3.6367,0.55466,3
5.9138,3.2267,1.0149,1.6057,0.93504,-1.4632,10.01,2.4966,3
1.6622,1.4435,0.4406,-2.6224,3.8631,3.1799,-1.5536,6.6278,2
5.1141,1.9523,2.3364,-0.64147,0.031392,6.9803,0.94088,0.36665,3
-0.54416,-4.1656,5.3539,5.0726,4.1475,6.7249,-3.5432,5.3887,2
-3.3892,2.835,4.9852,-11.696,7.6523,-1.4811,0.77942,7.0968,2
0.87628,-0.62775,0.91725,0.031283,-0.85356,-0.64135,1.0246,5.2732,3
-0.72544,-1.393,-0.99176,2.4385,0.68032,1.4007,-3.5099,1.0288,1
1.9762,-1.9063,3.6912,-5.9805,0.29914,10.097,-0.4017,4.3341,2
-0.30603,-0.050447,-0.93353,2.539,1.4888,-0.56048,0.88379,6.7767,1
2.2865,-1.8525,2.3564,0.64287,2.9995,-0.94048,6.3395,2.9428,1
-0.86045,-2.2638,5.4422,0.39353,3.0854,-0.97592,5.211,-0.28645,3
0.37404,-0.51527,-1.2575,2.1369,-0.2258,-0.98933,-0.17001,-0.7679,1
-0.11442,-1.2444,-1.1848,0.21034,1.2544,-2.7631,-4.0451,-1.5941,1
0.16645,-1.4535,6.4044,1.8037,6.7541,3.5631,3.9887,5.5361,2
1.5631,-0.50076,7.5863,1.0875,5.606,-5.4681,4.7941,2.6178,2
2.2763,2.7239,-1.1229,0.047557,-0.46688,-4.3957,0.59327,-0.44323,1
-0.54633,2.1461,2.9757,4.2139,1.475,2.6542,-2.191,1.8114,1
-0.92292,4.723,0.092074,0.37822,0.16864,15.476,-2.6452,0.79887,3
-1.3671,-2.8271,0.42125,-0.78403,-0.20991,1.392,0.13322,0.043309,3
0.046267,0.14825,0.11401,-0.27181,0.17957,-4.1858,6.1156,1.3248,3
0.33345,2.4132,4.4032,2.9775,6.4107,8.1389,3.9014,5.1918,2
-0.15901,1.3743,2.6762,-0.52627,1.0919,2.7968,0.89339,0.69515,1
-2.1216,1.224,2.2857,1.0769,4.0277,9.3466,2.0707,7.392,2
2.8335,-0.26008,0.11656,-0.19575,2.0805,2.3372,4.1947,-0.61705,1
-0.8337,-1.9031,3.2751,2.8078,0.59476,-1.1644,-2.5447,-1.0413,1
-2.5387,-1.3334,1.2919,3.1871,-1.2236,10.371,5.8103,-0.49113,3
-2.2023,2.6792,-0.95456,-1.4066,-1.9994,4.8765,-1.6666,0.49704,1
1.2535,1.9616,5.7943,4.1024,-1.6161,8.6403,0.38725,5.3924,2
1.3261,1.5452,7.0123,6.2358,7.1154,2.7145,1.6284,7.1043,2
-1.1778,0.73466,3.8826,-0.75591,2.4887,0.74873,-4.3001,1.673,3
1.7565,0.019172,7.5306,5.8273,5.0858,5.6773,0.29709,2.4872,2
-0.27518,-1.4094,1.0901,-0.53143,3.2727,1.9922,-2.9193,-1.6137,1
0.60947,3.6032,-1.3427,3.3455,2.6873,-2.4003,6.2402,0.21267,1
0.78439,-2.4628,-0.53903,-0.4449,-0.56968,-1.7387,5.3448,0.42424,1
-0.76249,1.3636,7.2414,3.5389,2.5714,4.9423,1.9615,7.6605,2
-1.3937,0.86433,0.044294,3.7018,-0.97413,-1.35,-0.86329,-1.5218,1
2.4167,0.7643,3.6279,-8.0753,6.1338,9.4993,3.5144,1.5967,2
-0.96547,4.1142,1.4699,-1.4944,-0.24192,0.69103,2.9298,8.7173,1
-0.79423,-0.60966,-0.52766,-0.79197,-1.0281,0.19094,2.0768,3.1241,3
-1.541,-1.9849,-1.1456,1.6753,0.28191,1.5279,-1.6233,-1.1069,3
-0.32035,-0.69838,6.902,3.0541,6.1546,9.5992,1.4968,2.8949,2
-0.15176,-0.24763,-0.08416,0.18796,0.60471,3.8757,7.5391,-1.3324,1
-0.44648,0.49553,3.2634,1.1651,2.6577,0.096986,0.44699,-0.93985,3
1.9623,3.1083,6.8188,4.6643,4.5387,4.4687,5.4009,2.8646,2
0.22445,0.70274,6.7066,3.7834,1.5516,5.0642,3.8999,3.8338,2
2.3941,2.2027,4.6575,3.236,7.296,1.1342,-1.345,6.3918,2
3.0853,2.8534,5.7941,-4.2074,4.9026,5.8371,-3.2716,4.4582,2
0.88923,-0.139,3.1748,-3.5993,5.5509,4.1508,-5.8596,-1.3198,2
-0.98684,1.5606,-1.4255,-0.78085,-1.2501,1.1172,-1.6163,-0.51565,3
-2.0009,2.4683,1.9969,2.9319,5.6397,6.6252,1.0994,6.2285,2
-2.4979,1.9225,6.941,5.7667,6.8086,5.1308,2.6754,3.4904,2
-1.6528,-0.72961,-0.79518,3.2719,1.0421,-4.0928,7.1921,-0.40024,1
-0.77562,-1.4227,1.2597,0.054809,0.87848,9.002,-2.522,1.702,1
1.8115,2.8641,6.1964,-0.49017,4.0083,1.144,1.4486,5.725,2
1.0242,1.8976,4.9268,-4.4698,6.1358,9.3048,4.8351,4.943,2
2.3411,-4.8378,5.4034,3.2975,5.0502,-6.0241,5.3582,5.3226,2
-0.84504,0.7335,0.015964,2.0171,0.43374,0.64511,0.21091,-1.4678,1
-0.7381,-1.7071,0.58074,-1.7145,-1.7575,-2.0191,10.387,2.9178,3
-0.93903,-1.1147,0.62251,2.2292,0.49637,1.6246,11.181,1.2667,1
0.49862,-0.13541,3.4604,-0.65981,1.4188,5.7619,6.5683,2.1085,1
2.544,2.502,-0.8586,-0.45558,0.10892,1.6576,-3.0601,-0.18102,1
-1.7336,-0.84827,1.7085,3.744,-0.67662,5.0962,0.89676,0.48668,3
0.067997,6.0466,2.1306,-1.5835,1.0858,-2.6389,1.8954,-1.5634,1
0.98952,-0.16103,-1.139,0.32152,4.1644,-1.7641,2.5205,-2.0129,3
1.8599,-0.57289,1.6838,-0.63878,0.56508,2.4994,-3.9917,-0.027604,1
5.2063,-0.78691,5.8078,1.0222,0.57064,8.774,-0.92281,1.8482,1
-0.99651,2.579,-0.22295,0.13359,0.054369,-1.6745,2.2823,-0.35916,1
-1.004,-0.4967,4.4653,1.7169,2.1285,5.2745,7.819,0.30422,3
3.4059,-1.2725,-1.0846,0.63021,-0.71519,5.8327,2.2535,0.89804,1
-1.3319,-0.98288,-0.19432,-0.80482,3.8196,-0.49549,5.2716,6.8759,3
3.0417,-0.37616,-0.70262,2.9303,0.33202,1.2615,-1.0625,1.8133,3
2.9146,2.2593,4.9675,-1.3999,3.9572,2.2936,-4.2733,5.8343,2
1.5803,3.2886,5.8705,5.2041,5.8899,7.1274,4.411,6.7147,2
-1.6441,-2.3973,1.0751,1.1628,-0.99629,2.2747,2.7321,0.9183,1
2.5744,-0.61289,-0.63663,3.5059,2.5276,7.41,-2.0134,0.28385,3
2.6664,2.9255,-0.84352,-1.5115,0.93899,5.0773,-4.1725,1.6767,3
-1.7181,1.2772,-1.7496,-1.7922,0.016992,0.060486,1.3432,0.023768,1
2.6953,1.8789,3.345,5.292,6.7341,6.1727,1.3709,7.3424,2
-2.4354,-0.95113,1.8388,-0.99357,-1.5153,-1.3109,14.421,-0.91592,3
-1.3536,2.445,4.4632,-1.5967,-1.108,3.3724,-0.56899,2.6682,3
-0.25593,3.6075,5.9404,-0.48525,2.2956,-1.6018,-6.3238,5.5879,2
-2.116,0.63805,4.7019,-0.11548,7.3787,-2.7509,3.5228,2.5251,2
1.5595,0.71028,1.0112,4.9916,-0.85558,-2.943,-3.2943,0.2421,3
-0.22091,2.6096,3.1144,4.9948,6.8556,6.7891,-1.3779,6.9899,2
-1.1204,0.13989,-0.3207,1.1403,-0.8771,7.5012,-2.4301,-1.6316,1
2.3081,-1.3889,0.56514,2.3306,6.4861,1.6883,3.8686,6.5177,2
-0.7386,-0.52415,4.0679,0.7345,6.3474,0.81598,-0.6054,0.52738,1
-2.2289,-0.14985,2.2342,-0.8715,1.1742,1.5287,-3.7396,0.58153,3
3.8522,3.6513,4.0814,1.0786,-1.9156,2.1867,-11.03,7.0111,2
-1.4647,-0.31211,-1.3713,-1.3372,1.0409,-1.6545,-0.91307,2.6291,3
-1.2065,-0.46129,5.8268,-0.84751,-0.051164,-1.0276,1.3094,1.1549,3
-2.2332,-1.7906,-0.088479,1.7677,2.3431,7.3077,0.28916,2.665,1
1.3515,2.3877,-1.0945,4.678,-0.27305,-3.3546,2.9486,-1.1982,1
0.45399,0.27023,1.6944,0.9143,0.95406,1.2304,12.466,1.0416,3
-1.1199,3.1833,2.327,0.3132,0.37561,1.6708,7.8658,5.257,1
2.1082,-0.19777,6.0673,4.3391,6.8528,10.058,-3.3291,2.5167,2
-1.0026,0.055802,5.9863,-0.75531,5.8528,6.4005,1.8159,6.8508,2
-1.5491,-0.39183,7.3911,4.9239,3.8749,-1.5607,3.3906,5.3332,2
-1.3176,0.801,-1.6545,0.20826,-0.33088,7.4642,-0.55119,0.90485,1
2.8469,-1.9491,-1.9351,-0.30055,0.59159,-3.1745,0.013095,0.53636,1
-2.1956,-0.68237,0.54088,1.7856,3.64,-0.82922,-1.3837,-0.001834,3
-1.3792,1.2605,-1.7794,0.67541,3.7533,5.7055,3.3928,5.6975,3
-2.0606,0.38715,3.2898,-1.7799,-0.48704,1.119,-4.607,-1.6726,3
-0.47946,-1.0569,0.26709,-1.1869,1.5954,2.2766,8.1315,-1.7073,1
2.9113,-2.3574,0.70218,2.2999,-1.3703,-4.4534,-4.0756,-0.22841,3
-3.7946,-1.4799,5.0081,2.4321,4.5247,8.814,2.3427,5.6139,2
2.5178,-0.60712,4.4196,5.6657,2.8592,-4.3907,2.3119,4.8405,2
-2.122,3.3162,0.22897,-0.89834,3.1404,1.7975,-4.2068,1.2336,1
-1.4958,-2.3802,-1.273,-0.059081,-1.3627,6.9061,3.4853,1.0236,3
-2.3315,2.9127,7.0473,-1.0471,6.7056,8.5034,4.0266,6.9833,2
-0.65672,-0.32111,0.11063,-0.35203,-1.0508,-0.48394,-0.65289,-0.94078,3
0.69533,1.9395,2.337,2.3863,4.9985,3.309,-1.577,-1.9351,1
0.49161,-1.5529,7.6521,-2.7219,6.7672,1.6772,2.6076,7.1338,2
2.5384,-0.26162,1.282,-0.70052,3.6725,9.2959,-4.6754,5.8599,2
-0.1129,0.038613,4.9376,4.7989,4.8335,6.6896,2.4253,5.467,2
-0.50677,-2.0053,2.0695,0.6358,2.9642,0.5165,-0.38004,-1.6899,3
0.54142,1.8635,6.3593,3.53,-2.4252,9.219,-0.20581,-1.0631,2
-1.8225,0.059643,0.95966,6.0509,0.58405,0.2592,-2.8804,0.61726,3
1.927,0.20034,2.1842,-0.78144,5.2345,3.5024,3.7143,2.9187,2
2.6864,-1.2777,7.9595,2.916,3.5748,4.3907,-3.2311,4.2853,2
1.9599,2.3747,3.294,5.1788,7.5286,6.3415,2.6364,-0.085899,1
3.6284,-2.3072,-1.5135,-0.10074,0.22656,1.1751,-0.75265,-0.71886,1
2.6237,-2.2139,0.58675,-0.33705,0.062591,-1.933,-0.50938,0.64174,1
1.0906,2.428,7.398,2.2256,5.8978,9.7713,-0.69715,0.88728,2
-3.4719,0.31235,5.427,2.4682,5.9807,3.287,2.2133,5.2684,2
2.8929,-2.4168,2.1117,2.1559,0.95152,-4.5587,-7.2634,2.6887,2
1.9301,3.1362,-0.65343,0.15994,2.6946,0.93864,1.6646,-0.055824,3
-0.59147,-1.7493,-0.090401,-1.4492,0.029301,0.65424,-2.3125,0.001314,3
5.154,-0.74273,3.2828,-0.10117,0.88217,-4.4414,-4.0186,1.8845,3
1.0459,0.044895,0.86592,1.1269,-0.83649,-2.8682,-4.3317,0.22067,1
-0.71169,1.736,6.4338,4.6906,5.0222,3.9438,-3.745,4.7195,2
-0.089362,0.37035,1.5632,0.91993,1.2708,5.57,-3.7027,7.4432,3
-1.6407,2.4769,-1.6732,1.7029,0.20957,16.964,0.1821,1.7573,1
-1.2875,3.8114,-1.3286,-0.58525,0.94324,-3.9456,-3.8478,0.51778,3
4.2301,0.71559,0.61827,1.0186,0.19423,-0.51879,0.83848,0.84665,1
2.4281,-2.9368,-0.86095,-0.73484,0.1768,0.69433,-3.0889,-1.8865,1
1.1093,0.031188,3.1393,-0.039556,0.77544,-0.27775,-2.6134,3.9106,1
-1.3297,8.1591,-1.0242,0.37257,-1.6543,-0.64347,-0.86245,-0.29831,1
-1.291,-0.056696,2.6708,2.0369,0.36776,0.020786,-1.6292,-0.70227,3
1.5509,0.62791,0.67549,-1.3168,2.0056,4.9591,-4.1408,1.5924,1
1.2326,-0.65041,7.0688,0.55666,6.6323,4.2638,0.41824,7.6612,2
0.53752,-0.97229,-0.058981,-0.49575,1.3129,-0.68427,0.30177,-1.2355,1
0.96475,-0.45,-0.40758,1.3852,-1.0417,-3.158,4.4237,-0.37562,3
2.0067,3.3121,7.2866,3.6143,7.4334,2.8067,3.44,4.5243,2
0.037098,1.8555,5.5567,0.63376,5.3648,5.5306,-1.4062,6.6803,2
-1.6407,2.4769,-1.6732,1.7029,0.20957,16.964,0.1821,1.7573,3
-1.0938,-1.3424,-0.81196,0.25387,-0.4409,-1.8405,0.19925,2.7532,3
-1.4027,6.0938,-0.59153,-1.2552,-1.034,4.5252,4.6945,4.6635,3
-0.2657,-0.28568,3.4488,2.0656,0.20031,3.5498,-1.776,-1.1881,3
1.0516,2.5224,-0.92914,1.6194,2.9178,-2.4188,0.82642,0.66341,3
2.2805,-2.4414,-0.11402,-0.71947,8.1823,-3.147,0.11724,2.6774,3
4.2966,0.29712,-0.61265,-0.47155,1.406,2.1718,-2.0663,-0.12507,3
2.3466,-0.001476,-1.8598,-1.2618,0.67112,0.81213,-0.98113,-0.95186,3
-1.7532,2.3541,0.96557,-0.26138,-0.29111,4.3931,6.4502,1.1821,1
-2.1033,-2.5968,-1.3938,0.013189,-0.069186,-1.6689,0.89367,0.36914,3
5.4816,-1.5142,-0.27277,6.1097,-0.14358,-1.9562,5.0474,3.6969,1
-2.4889,3.138,0.37673,-0.12973,0.067709,-3.1364,-1.4933,-0.83909,3
-0.099179,-2.3954,-1.7575,1.4513,-1.2303,-3.0629,2.3843,2.28,1
2.9092,3.5547,2.0096,0.97949,6.5354,10.389,5.0261,4.4728,2
-1.0477,0.4838,1.3451,1.2444,-1.493,-2.1077,9.7451,2.4865,1
-1.1269,4.584,-1.0982,0.071154,1.0825,0.96737,-0.86701,-0.038681,1
-0.33198,-2.1283,3.6662,0.64064,0.9962,-1.7771,1.3518,2.505,1
2.2448,3.1131,1.7795,5.4299,7.1294,0.62522,4.4477,6.193,2
-0.3888,2.4407,2.1198,-1.1885,5.8715,3.612,2.1188,-0.69403,2
-1.68,-0.68897,0.34361,-1.2099,2.6274,-1.4211,5.6112,0.85132,3
2.3441,-0.5274,0.012084,-0.98323,2.2507,3.0865,-3.9977,-1.0542,3
-0.87926,-1.5732,1.4202,-1.5218,-0.56539,-0.73741,-2.0615,0.87779,1
0.2093,-2.4213,4.6921,0.38827,2.8829,10.571,2.9492,1.1433,1
-0.6383,0.58453,0.076671,-1.4132,0.18928,4.4678,2.0463,5.4862,1
1.3107,1.3698,5.7473,-0.91698,3.4022,6.9308,3.4945,2.9766,2
0.66824,1.8123,7.9245,3.8315,5.8094,2.5219,1.4506,7.0804,2
3.2014,-1.5737,2.3464,-0.73001,1.4527,7.5937,-2.0478,-1.5334,1
-1.8164,3.8281,-0.060507,1.323,-1.6861,-2.961,8.9756,1.1284,1
-1.4315,-2.5296,1.1909,-0.7321,0.69307,4.4562,5.9319,-1.1519,1
0.51018,-2.2772,-0.63278,2.8317,-0.70035,-1.0734,0.4343,1.8832,1
-2.2565,1.3194,-0.053473,1.9744,-1.4681,-4.9846,0.82383,-1.1579,1
0.71464,1.4703,3.0864,-5.1345,4.6748,9.3743,3.9629,5.646,2
0.69472,-0.67227,4.0604,-0.6076,1.7228,1.9893,11.746,-0.33098,3
0.4961,-1.4197,-1.1388,-0.70608,-0.07543,5.8876,-2.7786,-0.58124,3
0.081164,0.10687,4.7512,0.70248,4.5505,3.4477,-8.5339,7.8509,2
0.61411,3.4813,4.1304,-0.053411,0.96029,1.8784,-1.8008,-1.3888,3
-0.58656,0.50773,1.5857,0.082174,0.10309,0.83916,-0.63975,3.9716,1
-1.7861,-1.5942,3.6282,-0.18302,1.1378,0.59646,6.4359,2.1538,3
1.7019,1.7489,4.0855,2.8708,-0.36656,3.6812,3.0936,1.4803,1
1.6301,-0.40374,3.4069,2.4531,7.7014,-0.66037,1.9227,7.968,2
2.5782,3.2279,4.3513,1.4243,3.4388,9.9049,1.6339,7.6646,2
1.6186,0.63436,-0.8659,0.056295,-0.47313,-2.4636,-3.4107,2.3131,1
-1.0456,-1.3124,-0.65639,0.97988,-1.4912,0.69143,0.91297,0.4812,3
5.0307,-2.7743,0.24856,0.74613,1.5923,-0.67535,0.0066,0.90619,1
-1.4978,3.8057,0.1447,0.96674,5.1841,10.037,-4.2149,-1.798,1
1.9309,-0.46491,4.8656,2.7558,-1.7507,3.601,-1.5024,5.8752,2
2.6399,2.6634,6.2449,2.1781,6.3258,-5.7295,4.1812,7.033,2
3.0513,0.67988,0.50793,-1.3974,0.74146,-0.55741,-1.6364,-0.6967,1
4.0712,-1.8201,2.1118,1.6226,0.076966,15.426,0.91582,3.598,3
0.42811,1.2883,0.83341,2.4879,0.14479,5.4596,-0.43419,1.4307,1
-1.5729,1.4204,7.7985,2.8439,6.7233,6.9264,4.3045,7.8627,2
-2.4145,0.047472,-0.62042,0.091846,1.9288,7.3891,-3.6313,1.2025,3
2.1373,2.9224,5.0484,5.4477,7.0769,8.5664,0.20338,7.6275,2
1.625,1.6607,7.1689,3.0114,5.7023,7.1994,4.7707,4.1851,2
2.4631,-2.7082,4.8734,2.6721,4.0777,2.9593,1.3836,4.687,2
-1.3067,-3.1935,7.0235,-0.13942,0.80451,6.1362,3.0745,6.6463,2
-0.12833,-1.2946,3.1929,-1.863,2.6413,-3.0122,0.48964,-1.2598,3
1.3915,-1.454,3.5248,-0.76799,0.43968,-2.0729,-1.2946,0.16883,3
1.824,1.7398,2.6116,-0.3559,4.4186,3.4668,-2.7811,1.949,3
-1.5016,-2.2355,-0.31404,-1.3896,1.8366,3.2332,-0.019103,-0.52802,1
-1.8255,-2.6961,3.2688,9.2424,-0.49312,-0.43582,2.584,-0.37743,1
-0.8735,1.4356,6.0126,6.0859,4.2314,8.3093,-2.3742,6.1352,2
2.8204,-2.4056,-0.64441,0.031032,1.3521,-1.5166,-2.7652,-0.16815,1
-0.53516,1.3199,1.2163,4.5038,-1.1666,15.309,-2.7799,2.6517,3
-2.2371,-2.601,2.4966,-1.1924,-1.3461,4.1582,-4.4614,3.7562,1
-0.96959,-3.2209,6.3994,6.0162,5.555,8.6111,-2.4375,4.9783,2
1.2744,2.3199,6.366,-2.0795,6.5166,3.9473,-0.47436,2.1048,2
1.5337,3.2798,7.1999,-0.56061,5.6684,2.2718,1.4693,4.8848,2
-1.332,-0.06999,2.0596,6.7338,6.195,9.279,1.8458,5.1574,2
2.2497,1.5517,3.4395,-0.65849,1.2004,-1.8899,-1.3372,1.206,3
-2.2565,1.3194,-0.053473,1.9744,-1.4681,-4.9846,0.82383,-1.1579,3
-2.3725,0.66412,0.7892,1.9407,0.40581,4.1031,-3.3855,2.2086,3
3.3169,3.7268,3.084,3.4358,4.1648,1.833,3.0187,5.6611,2
3.2768,-1.3769,5.9034,2.5678,3.6385,6.135,-2.2938,5.6149,2
1.0847,2.3985,4.9802,1.3074,5.0943,4.5423,4.1801,4.5562,2
0.039335,1.753,6.7044,3.285,4.9594,-0.41282,1.3839,7.1102,2
5.0384,-1.5836,-0.77889,1.6326,1.0137,-1.4382,6.7448,3.1824,1
-0.66958,-1.4085,2.9077,0.51986,-0.079006,5.0351,6.3587,-0.22557,1
-2.449,1.111,0.89465,1.1756,-0.258,3.3042,-2.6692,3.808,3
2.3305,2.4206,5.3279,0.17799,1.6906,4.3274,-0.08445,2.4587,2
-0.12424,3.1146,0.48266,-1.6761,4.9542,2.8603,-2.3968,-0.11486,3
0.88591,-1.9603,4.8409,-0.88714,-0.35868,0.74081,-1.851,0.97309,1
-2.2673,2.3238,1.9389,-1.091,7.5992,-3.2799,1.6073,-0.60654,1
-1.3403,0.065613,2.0371,0.79252,2.0227,2.8076,-3.0453,0.41318,3
0.8936,2.4117,7.2091,5.787,1.2893,-0.15399,3.3386,6.8304,2
1.5946,1.2298,7.8195,4.635,7.3341,3.5778,1.1919,5.8034,2
1.5078,2.9214,4.2967,-0.86777,3.891,0.45895,1.4609,3.9792,2
3.0175,3.6331,6.8999,5.0272,4.4711,6.9047,1.4422,3.5714,2
-2.3561,-1.6224,4.0267,3.2959,3.6999,0.69078,-2.2413,3.1916,3
0.21064,0.20172,4.9129,-0.67031,1.7718,2.5081,11.145,-0.089214,3
-1.621,-1.4623,3.5759,6.9694,-1.3876,-2.2345,-1.2784,3.7006,3
0.89628,2.7739,6.4183,0.047505,6.6793,1.4517,-0.85666,7.3942,2
1.416,-1.7661,5.5861,0.36806,6.847,2.78,3.2206,6.5603,2
-2.3547,-1.2631,1.9153,0.88862,0.56153,-1.3869,4.1165,0.58079,1
0.42794,-2.0264,-0.10808,4.1726,-0.53034,3.2856,-0.11358,-1.8617,1
1.7651,-0.32863,-0.077303,1.6605,0.24453,-3.6651,-4.0488,5.3325,3
-0.9246,-1.7937,2.362,1.7773,1.7428,1.7444,-2.5117,-1.7862,3
-1.1018,-0.48423,5.3719,-0.55535,2.1181,8.1332,-3.373,-1.617,1
-1.0408,-2.1932,-0.61324,0.27892,0.79954,3.0376,-2.9373,-0.51643,3
0.70881,-0.61893,2.8602,-0.94033,-1.1289,9.7582,0.92677,-1.8438,1
-1.0916,0.15526,4.441,2.6677,0.25227,-3.5882,3.1546,3.3395,3
2.2078,0.32781,5.2737,0.89907,5.6619,10.432,-6.888,0.59626,2
1.9885,0.29025,4.1465,4.917,4.3803,-1.0977,2.9659,3.0612,2
0.037978,1.0446,7.3106,1.7865,3.4628,9.9831,3.4602,6.6077,2
-1.2778,1.5567,-0.31827,-0.46781,5.2733,-3.2389,-3.2173,6.1986,3
2.8515,1.9997,6.6764,2.1918,6.5508,5.436,-0.68132,6.3743,2
3.4345,-0.47825,5.0269,5.3403,3.6483,6.7815,3.167,6.1294,2
-0.48608,-2.9341,2.2677,1.3777,-0.096813,-3.8608,-1.4706,1.9273,3
0.59235,-1.6044,0.057877,-0.82717,-1.7821,9.0698,3.9974,0.54169,3
-2.7845,2.2651,3.9567,3.3622,6.6389,2.0938,5.1621,3.3536,2
-0.69515,-2.8555,3.5637,1.0825,-0.98866,7.8343,-4.5262,0.38515,3
0.96515,3.5316,6.9412,3.2587,5.4558,-2.0156,3.0922,5.0673,2
7.2037,-0.18428,1.6905,5.3835,-1.2653,-1.848,0.89568,1.0231,1
4.14,2.1228,1.05,0.289,-0.99183,7.1896,9.4368,0.6742,3
0.82647,1.0167,-0.18295,2.9532,-1.148,0.564,-3.1278,0.91975,3
0.047399,1.0194,5.295,1.7766,5.0322,8.0515,0.56574,4.5364,2
-0.41297,-1.8587,0.51651,2.7698,0.4265,-1.1954,-2.8542,0.84619,1
0.65465,3.7995,5.3737,0.15392,1.2782,6.5093,-0.82177,6.2397,2
0.26629,-1.8499,0.43162,-0.48344,7.7336,-0.45539,1.4498,4.2081,3
0.75264,-0.40854,0.6491,-0.1785,-1.5518,0.24744,0.63502,-0.96062,3
-5.4221,1.6652,5.112,3.0789,4.7965,7.6979,-1.5747,4.5991,2
-0.37039,1.8006,-0.67601,5.1937,0.074504,-1.6425,4.9718,0.94044,3
-2.2637,0.14574,-0.72403,8.6882,0.36973,-4.0788,-2.0951,-0.71928,3
1.1702,-0.86554,0.41597,-1.4996,-1.6904,-3.361,2.8276,-1.4311,1
0.75761,-0.15135,2.1883,0.26569,-0.27401,-1.2026,-0.28084,2.9307,3
-1.228,-2.5107,0.76577,1.5032,2.9691,8.08,3.9342,-0.55187,3
-3.6733,1.977,5.0826,-1.0725,6.4095,0.38267,-0.87877,2.8911,2
-0.99596,0.43191,5.0196,4.3197,6.0989,2.6474,1.5288,5.9426,2
2.6063,-2.5463,4.6797,1.6183,5.6791,10.603,3.515,5.6939,2
5.2063,-0.78691,5.8078,1.0222,0.57064,8.774,-0.92281,1.8482,3
-2.3938,-2.129,1.7451,1.1905,9.7299,1.633,7.6466,2.5182,3
-0.65751,-0.088864,4.2572,-0.24286,-0.45402,1.1046,1.0958,0.12652,3
-0.29444,-0.64527,2.7231,0.094454,2.5261,-4.003,3.7529,3.5384,3
2.286,-0.97471,4.9659,2.6545,6.3749,0.85224,-0.45658,0.99156,2
-1.491,-0.064985,2.6113,1.1602,3.6367,6.761,-4.6888,-0.27099,3
2.0068,3.1563,4.3793,1.0885,6.7207,1.2639,2.4188,4.052,2
-0.022914,0.85044,2.0565,2.3275,1.01,-2.8329,-1.7101,-1.0875,1
-1.4195,4.0807,0.24276,3.1008,2.8494,3.1983,-2.2067,-0.27706,1
2.963,-0.59803,5.8032,4.2919,5.8528,8.5453,2.3809,7.3932,2
2.1046,-2.2775,1.6476,-1.3718,1.7281,2.6631,2.3004,2.2928,1
-0.77998,1.2792,2.2589,-0.80386,0.76726,1.2692,-1.3502,1.1899,1
1.1267,-1.2861,-1.333,0.74303,-1.1899,6.7004,-1.6627,0.32955,1
-1.0459,1.7552,5.1184,-1.3436,5.2807,-0.22159,-2.9917,-0.28194,1
1.0098,-0.43446,6.5833,0.41302,5.2533,6.7373,0.59377,1.547,2
5.8526,0.63794,3.2485,0.49623,2.2666,1.9732,-0.78609,0.050634,1
0.8763,-1.8301,2.1085,2.8677,-1.3023,4.7345,-3.24,4.3196,1
3.5225,-2.3366,5.6286,2.6446,6.0553,5.7443,2.7249,4.9917,2
-2.7838,-0.81187,-0.65561,-0.50896,-1.1845,3.217,2.3347,-0.68703,3
-0.12689,1.7404,-1.1474,1.2318,0.8663,4.5387,0.50559,4.7136,3
3.0722,3.1158,0.3073,1.7572,1.6772,7.0602,8.6461,1.9705,3
3.8014,-0.70056,-0.32876,-1.0579,-0.63176,2.5505,3.9841,-0.86803,1
2.4826,2.4732,6.549,3.7676,5.0585,5.066,0.63478,3.3049,2
-0.28387,-0.84874,1.0032,-0.80127,4.8784,-3.368,1.737,1.3438,3
1.4199,-1.5343,-0.23006,0.89685,1.7726,8.4516,2.5557,4.0902,1
1.3753,-0.40228,7.3605,2.567,6.8761,7.5495,4.8306,6.6434,2
2.0406,3.6725,5.5903,-0.097989,5.9875,-1.293,-4.0325,3.3241,2
-0.60911,0.96975,2.6595,6.5061,6.4555,5.2344,-3.2957,5.0822,2
-0.43507,-2.9459,-0.25942,0.58123,-0.66647,5.6975,-0.29012,-0.36125,3
0.22809,0.52218,5.2648,5.7688,-1.787,8.7957,3.0193,3.5024,2
2.4287,-1.8063,5.3507,1.8532,7.0224,5.3388,-2.464,5.4462,2
1.1612,-2.7304,7.3502,3.4721,1.6654,1.3688,1.5348,2.3952,2
-1.0309,1.0422,6.7785,5.2501,7.1685,9.0333,-6.2205,-1.683,2
1.0723,2.1649,4.2724,3.4222,5.455,0.24712,-0.10665,4.9199,2
-1.3698,-1.1374,-1.3454,0.81863,0.12478,3.674,-2.2131,-0.23305,1
-0.50162,3.0222,3.0575,1.2012,7.2544,3.9113,0.35466,5.6525,2
-1.4189,3.222,1.6416,2.8086,2.8326,-2.5664,1.9824,-0.38309,3
-1.3657,-1.5212,0.011372,6.1051,1.5646,4.6119,-1.1385,5.0924,1
-0.29954,1.8633,0.36329,-5.3879,5.9145,3.9687,1.455,3.224,2
3.2466,2.2344,0.44721,0.73323,1.4457,-1.8428,-2.3963,4.645,1
-0.006774,1.5456,-1.2382,3.8572,7.7488,7.2876,2.4999,3.8562,2
-0.050413,-0.85803,-1.506,-0.94698,-0.27565,-0.67588,-0.48023,-1.8451,3
-0.47946,-2.3985,2.3054,2.2752,2.7221,0.86551,3.2908,-0.58429,1
2.4958,1.5075,6.8329,-2.2489,1.847,9.0317,2.0296,5.2209,2
-1.6538,4.5557,1.0043,-0.32832,-1.2368,-4.305,0.7617,-0.83188,3
3.0353,0.30109,1.4137,-1.0414,0.52656,-0.58834,3.9908,0.91548,1
6.255,0.98382,-1.0177,1.3908,2.7367,4.1616,-1.0715,0.8179,1
2.9709,1.1319,1.8924,0.67051,4.3523,-3.1521,0.73847,2.0605,3
1.4682,5.0486,1.1853,1.4303,3.1702,-2.6028,5.162,2.2087,3
-1.2334,3.0169,7.1391,-3.3697,6.5444,9.262,-3.2411,7.646,2
3.585,1.3572,-1.6046,0.80246,1.41,3.753,-0.59471,-0.29149,1
-2.4805,1.4182,6.6636,3.6621,7.5456,-9.9519,-0.38811,6.2808,2
-0.86428,1.8181,5.3656,5.2245,2.1012,10.727,1.1452,2.9595,2
-1.774,0.56231,7.6265,0.90175,3.4775,0.60685,1.1027,7.3752,2
1.3093,2.1613,4.5838,-7.7894,5.6015,2.154,2.0019,1.9638,2
1.6363,-1.335,-1.6363,6.3291,-0.83983,12.447,0.97561,-1.5058,1
-0.097263,3.095,7.2579,5.1397,7.4109,6.489,3.4937,6.3146,2
1.8734,1.8332,5.9532,-7.009,5.2619,4.0993,2.3084,2.1657,2
0.20022,-1.3992,3.4899,2.0678,5.4047,3.5247,-1.6861,5.0421,2
-1.8964,-1.4186,0.72869,-0.78699,1.4731,10.113,2.7789,2.2628,1
3.0893,-0.16125,0.11607,3.6585,2.7519,-0.17514,0.61144,2.017,1
3.9443,-1.2617,0.39045,1.1088,1.2099,-1.9691,-0.31881,2.2042,1
-1.0881,3.8632,4.5194,-0.32583,1.5276,-2.8144,2.056,-1.2916,1
1.5243,3.0705,4.4031,2.5988,4.6319,6.1463,4.8988,3.233,2
1.9666,-1.5388,0.77251,-0.50377,-1.0889,-1.4139,-1.2489,-0.72449,3
-2.3821,1.1809,-1.0899,-0.26723,2.1689,8.4286,-4.3242,1.6695,3
-1.4059,-1.4965,-0.95189,-1.1527,-0.19126,-3.1831,-1.7948,0.51423,1
2.8291,-0.40343,-1.4068,1.3033,2.5386,8.5306,-3.5839,0.063781,1
0.35951,3.5902,4.0432,-1.3615,0.81885,-0.89874,-1.969,-0.94112,1
1.1887,0.16254,5.2757,-2.0609,2.8887,3.2081,3.6908,7.4616,2
-1.3077,1.5597,1.6567,0.47113,1.4291,3.5759,-3.9428,-0.45214,3
-0.096371,0.75595,-0.68198,-0.60792,2.1912,-2.1556,-2.9814,-0.19784,3
0.36964,2.0811,-0.89896,-0.41425,1.0808,8.9529,-2.2067,1.5534,1
-2.2837,1.5904,0.16262,-1.6236,0.39814,0.44588,1.964,2.4805,3
1.4517,1.62,7.1773,2.8402,3.2496,10.757,-0.29031,6.7899,2
2.6347,-1.6598,2.7023,-0.17133,1.2042,3.623,-3.5822,3.0111,3
-2.633,-2.1664,1.5309,2.5211,1.7192,1.9615,-2.7174,5.2405,1
-1.0505,-0.11427,3.1111,3.7462,5.609,-0.22267,2.0238,-1.5351,1
-4.4848,-0.51157,5.5967,-0.70838,7.0458,4.842,1.1133,5.6385,2
3.8632,1.4829,4.8813,1.9396,0.22243,-3.1629,-0.30718,1.8795,3
-1.9999,-1.1717,2.2181,0.45805,1.9579,3.3942,-4.9389,0.089104,1
-2.0674,-0.050366,-0.1785,-1.1725,3.3975,0.66799,-0.72031,2.8627,1
2.1517,1.5912,4.7228,4.8661,7.496,7.2777,4.8407,6.3809,2
-1.1972,-1.886,-1.3342,0.083108,-1.0031,9.7948,-4.097,1.3936,3
0.52315,6.3823,-0.29716,1.2785,-0.74054,0.57569,1.3207,-0.5453,1
-0.40997,-1.6113,0.31077,3.3826,-1.0107,-2.5596,2.1152,0.97175,1
-0.31355,0.47268,5.7737,4.4813,0.44113,-0.47106,-1.322,0.066483,3
0.71445,2.5422,3.6589,2.572,5.6575,7.5348,1.6448,4.0999,2
1.4893,0.83721,-1.5408,-1.362,-0.72264,-2.9824,8.6374,5.0925,1
-1.8942,-1.3781,-1.7634,2.5157,2.2527,5.5651,-2.8747,-0.097589,3
-0.37173,-1.2995,-1.3099,-1.3168,-0.40432,7.9685,10.669,1.4415,3
1.7318,3.4404,5.268,0.45074,5.3811,1.7347,2.8241,2.5748,2
3.0618,2.5847,3.5251,4.621,4.091,9.0439,-3.4753,4.457,2
-0.53422,-0.31433,-0.10928,-0.7575,-0.10714,0.13002,1.297,-1.6348,1
2.814,0.68603,7.2898,-0.63833,3.8456,9.9138,-1.7084,2.5902,2
-2.0825,2.9508,1.0298,-1.4027,-0.41756,-2.6107,-3.527,-0.67407,3
4.0997,2.6275,1.2424,2.1873,-1.0735,0.96238,1.6165,0.10804,1
-0.090148,-1.0311,-1.403,0.63378,0.20195,-0.19224,-0.44796,0.45213,1
-0.51271,5.6177,5.1408,6.7681,2.1154,7.0345,2.8749,-1.3748,1
-3.1389,2.091,0.19011,4.776,7.243,4.6406,-2.5278,5.4585,2
2.2324,-1.7536,-0.58417,-0.6712,-0.64957,-0.30566,3.4636,0.74046,1
1.5791,3.261,4.0388,-5.7239,3.3244,10.367,3.9198,7.8738,2
3.9641,-1.9747,2.622,1.5422,0.61045,-4.0205,-1.3933,2.2427,1
4.7467,0.18753,4.2804,-0.19659,3.9461,-1.5101,-2.1879,-0.38741,1
-0.41535,-0.8844,3.9257,-1.3585,-0.47041,0.68062,0.50976,1.984,3
-2.3387,0.97549,0.72002,-0.027541,-0.093592,6.5049,7.6161,5.2895,1
-1.6855,-1.878,3.6966,-0.74215,5.0682,7.8019,12.248,3.4781,1
-0.75916,-1.889,4.4833,0.10854,-0.12893,0.86919,-2.4127,0.25094,3
0.72729,-0.20991,0.29599,-0.99774,0.86556,12.986,14.39,-1.6861,3
3.0657,1.6802,1.8476,5.3585,-0.83453,2.707,-1.3739,-1.1681,3
1.5571,-0.38979,0.13368,-0.42657,5.9544,6.7159,8.306,-1.4728,1
-0.46683,-1.4333,-0.46656,-0.22925,-0.087398,4.5551,8.2285,0.12414,3
-0.55668,-1.3694,7.1198,3.4808,2.229,-1.3144,-0.90507,2.8926,1
-1.5223,3.3255,3.2723,-1.4051,0.1691,6.0523,2.6899,3.5184,3
-0.89507,0.24995,1.8201,4.4395,-1.3546,-2.1259,1.0096,-1.8755,3
-0.44461,-0.97059,-0.68184,-0.34548,-0.87872,1.5979,-3.9481,0.11955,1
-1.3182,2.1111,0.49132,0.82225,-0.82646,0.38299,0.76619,0.024451,3
0.060758,0.79973,5.7347,-5.4796,2.4725,8.0215,3.7295,5.9909,2
4.3166,0.76636,1.9065,2.2799,-0.94616,7.9172,5.2764,-0.7889,3
-1.3427,0.36471,-0.83713,0.51049,0.65427,5.4316,3.3425,1.3999,1
-2.6709,0.96973,1.6112,-1.6678,1.2958,-1.8531,-2.6649,-0.50087,1
2.2076,2.2063,3.5971,2.2907,4.8533,7.6279,1.5627,0.52416,2
-0.44525,-0.50884,2.5553,-1.0672,5.6456,-4.3796,3.3391,-0.66989,1
2.0081,-0.63784,4.0956,0.76026,4.4697,-0.28857,0.47005,5.8545,2
2.9892,3.234,3.3725,3.1744,3.9101,4.3358,0.62813,5.8466,2
-1.5513,1.375,-1.2108,2.4596,-0.58098,-1.4303,-1.7546,1.1077,3
0.86479,2.842,6.606,-5.2801,3.7625,5.489,2.5312,4.398,2
-0.31427,1.9782,4.2926,2.9426,6.9785,8.219,2.7397,6.7947,2
0.41597,-0.48883,3.2688,-0.18402,0.9617,3.1789,1.7885,2.7822,1
2.3644,-2.5935,6.7445,-3.2798,6.847,7.1752,-0.73138,4.6676,2
2.6649,1.1408,5.711,1.6212,5.564,-3.3235,0.32496,4.8809,2
-0.55164,-2.2088,1.8157,1.5838,0.6792,-2.1566,-1.5314,4.0263,1
1.226,-1.3352,-0.34556,0.076273,-1.5009,1.0233,-4.8154,-0.51498,3
0.74293,-0.060727,6.3579,2.2729,7.2412,2.3653,3.5269,6.9219,2
3.1119,-0.007968,-1.3715,1.4155,1.1004,-1.929,-0.22583,-0.53913,1
2.4407,-0.17426,-0.4466,0.49101,2.8609,-2.2288,1.2289,-0.87548,3
-0.13353,0.14895,1.9761,-0.022225,2.9751,-3.3087,-2.1013,4.3787,3
2.7136,3.2603,5.914,3.6807,7.2147,7.948,0.36519,2.593,2
3.1915,2.9206,5.5766,4.5856,6.9076,5.9694,-6.404,5.62,2
-1.7599,-1.3856,0.3306,1.263,-0.55027,1.0364,3.1672,0.029048,1
0.14939,0.065538,7.7082,-4.681,4.456,3.2451,3.9283,6.5034,2
-0.50322,-1.7172,0.78959,3.3739,3.0422,-0.50185,0.48611,-1.0614,1
1.1498,0.22507,3.2638,6.3653,1.9313,6.4555,1.3184,3.8797,2
1.635,-1.7223,-1.7451,0.49292,-0.57726,-1.4905,-1.5807,-1.1152,3
3.5423,1.6879,1.74,3.3514,0.29941,5.2058,-1.0682,3.771,1
2.8325,3.6621,6.9908,1.0124,6.9264,0.18854,2.2401,2.5155,2
0.76764,-0.26061,5.5886,5.1238,3.4373,6.8519,2.8786,6.3874,2
0.30153,3.7471,7.4936,4.7308,7.8409,8.452,3.2961,3.7353,2
-1.8014,-1.2783,1.4608,1.0725,1.1243,1.4208,3.6368,2.7707,1
2.6704,2.3484,7.2768,2.6914,3.9648,9.5945,-5.3639,7.4704,2
-1.5784,-1.8776,1.7548,-0.66657,-0.01916,3.6698,1.8888,0.68698,3
0.037257,0.19745,3.9724,-0.12333,-0.33106,12.197,1.6169,2.2611,3
-2.5314,-2.2275,-1.0221,-0.90614,1.4688,1.7283,-1.9587,2.7207,1
-0.37793,-1.4045,-1.2305,3.2761,4.8398,-4.6072,-0.77338,-1.0896,3
-1.3599,-2.2155,-0.75104,-0.52093,-1.6024,2.7396,-3.7465,3.1644,3
0.22277,-2.8985,0.5362,1.7496,5.7733,3.1631,2.2304,-1.4857,3
0.96793,-2.5266,2.9665,-0.35575,0.60855,-4.7367,4.8414,2.4431,3
-2.5726,1.5954,0.397,0.72956,-0.26686,4.7776,3.3127,5.0862,3
0.45329,2.4084,7.7812,4.5236,5.8422,-6.2859,0.85384,4.5056,2
-1.3423,2.9105,0.46549,-0.2428,-1.6344,4.3023,2.2421,-0.10168,3
0.22634,-0.68751,5.7058,4.7923,-1.6937,6.1524,0.34384,5.9078,2
2.6947,-0.96002,2.6458,0.94235,1.6152,4.3734,6.1316,2.1019,1
2.2331,2.8551,4.7483,4.8889,5.0607,2.7057,0.082493,4.4241,2
2.0609,1.7625,3.3527,-6.2363,6.1256,9.2371,2.6666,5.5911,2
0.73629,-2.4415,-0.80908,-0.57101,5.0785,-2.5796,0.96759,3.587,3
-1.1286,-1.9581,1.3536,0.74912,3.231,1.4042,2.4026,1.9535,3
2.0424,-2.3133,2.8676,3.1376,0.40289,-1.427,-2.9761,3.5523,3
3.0813,1.6418,5.8686,0.056427,4.3199,10.134,4.9189,6.7273,2
1.2397,3.0533,6.0513,4.7532,3.7155,7.5289,3.4615,5.171,2
-2.0812,-1.6576,2.7627,0.75632,0.021518,3.9296,-0.47768,1.097,3
3.6349,-1.7479,0.94673,-0.091217,2.4273,-4.4878,1.8173,3.4367,3
2.2155,-3.9216,6.1855,-5.7845,0.43321,5.3482,4.2743,-1.3888,2
-1.2778,1.5567,-0.31827,-0.46781,5.2733,-3.2389,-3.2173,6.1986,1
0.96125,0.26063,0.60091,-0.12871,2.0143,-1.6381,-4.5369,3.619,3
-0.6903,-2.2169,-0.94226,3.9716,1.0577,6.5492,0.21572,0.66239,1
1.4696,3.1778,-1.0576,-1.6945,0.26027,4.2102,-4.112,-0.15192,3
-0.39723,-2.0168,-0.74002,-0.58995,-0.1551,1.2871,5.1905,0.34157,1
-1.7305,-2.34,1.2614,-1.8081,2.6841,1.0708,4.0618,1.3332,3
3.4609,1.2831,3.2409,0.083467,6.2827,-3.6316,3.6981,0.5985,2
-0.63547,-0.40002,0.004641,-0.45586,-1.3599,-4.5344,2.6575,3.9981,3
-1.981,1.2083,6.2179,5.1107,3.8978,4.7344,4.7962,5.344,2
-1.6312,-3.0051,2.0004,1.0927,-0.29052,3.4314,7.3374,1.6599,3
3.3855,0.1609,3.624,0.63535,1.1941,-4.6567,3.4092,7.412,2
1.4261,-5.0002,4.2315,-0.065596,4.6101,-0.26905,1.859,4.1265,2
0.34344,2.1525,4.1225,-3.4236,4.9999,0.45002,2.3902,0.6698,2
-0.8078,4.3234,6.4095,-1.8907,-0.099144,-0.73266,-3.8898,-0.57656,3
-0.87503,-0.74834,0.84608,3.2476,-1.1641,4.0562,-2.3895,3.5128,3
0.37484,-1.7261,-0.13321,3.2803,-1.7419,0.9945,0.67794,1.5119,3
-0.68122,0.26879,-0.1466,-1.0418,-0.90493,4.6554,3.6563,-0.50699,1
2.8563,-1.6839,2.8944,4.1569,6.8508,4.8901,5.2633,4.1017,2
1.879,0.92304,-1.5828,1.9503,1.9939,-4.1141,3.8385,5.3644,1
3.0672,3.7293,7.3621,0.10913,6.1287,-2.784,-0.47867,2.7272,2
0.25692,-0.38931,1.1684,0.40237,-0.15702,1.9921,-3.3291,1.8239,1
-1.8199,-0.23079,1.8674,-1.6795,2.8124,-1.6412,-4.062,-1.836,1
-2.9907,-0.18716,-1.438,0.34151,0.37845,-1.1836,0.40698,-0.4069,3
-0.58175,-0.48815,1.2919,-0.73724,-0.26446,8.706,-4.2179,2.2568,3
-1.676,2.7588,-1.4269,2.1103,2.9159,9.5783,4.8344,-1.1486,1
1.0815,3.7783,0.23596,3.7554,0.77944,0.068283,-2.8443,1.7519,1
-0.2013,2.3385,0.46931,-1.3097,3.605,-2.9629,2.0999,-1.2584,1
-1.2276,1.8104,2.7523,-6.726,6.2432,5.4136,0.99796,7.193,2
-2.8738,-0.96531,0.42147,-1.2855,0.99249,2.8585,-0.67797,2.3533,3
4.885,2.6444,-1.1827,-1.208,-1.5784,-0.050385,7.7789,1.0128,1
1.6956,-1.8996,3.4174,1.759,-0.22347,0.99074,-3.1256,1.1452,3
-1.9886,3.2254,-1.1057,0.53641,-0.29789,-1.3655,-3.2153,0.86594,1
0.98194,-0.41678,7.8844,-0.5591,5.4493,-0.6489,-9.2471,5.2586,2
3.0571,-1.7423,-1.5222,0.54785,-1.0821,-1.5159,-1.1131,-0.58958,3
3.0208,-3.7769,6.1496,5.4805,6.1184,8.483,3.2199,3.7846,2
-1.1643,-0.86477,-1.5205,-0.71937,4.7342,-2.5032,5.0105,2.4705,3
-1.6627,-1.74,-0.43723,2.2376,2.7549,1.7345,4.8168,-0.67434,3
2.5221,2.7365,4.5395,2.3117,2.7961,8.8484,0.4495,5.6011,2
1.5147,2.0164,0.86769,-1.0059,4.2259,9.6521,1.7596,2.1389,2
2.8255,0.33511,6.8147,2.8505,-0.98923,5.6396,3.0471,4.6453,2
1.2194,-0.91484,1.5252,8.4439,1.855,-0.87263,1.6631,6.1539,1
1.003,-2.0517,5.7269,2.3386,2.2437,-4.3806,-3.9562,1.765,1
-0.68487,-2.664,-0.897,1.5686,-0.64303,10.043,-2.7061,2.0987,3
5.809,1.1623,0.33948,-0.70623,-0.76373,-2.8786,1.7924,0.656,3
-1.3318,-1.8795,3.3673,-1.3468,0.30204,-1.8821,1.7503,1.512,3
-0.94321,-2.015,4.5335,-1.1112,1.5892,-0.10239,2.1451,-0.79568,1
-2.8873,5.5857,3.6765,6.0618,-0.12233,1.4517,6.4337,0.57493,3
-1.7416,-1.047,0.53877,-0.40642,0.38372,1.0502,-4.6835,2.0433,3
-2.0697,-1.8884,-1.4911,-0.49102,-0.90748,5.2059,2.6308,-0.18498,3
1.8661,1.7183,6.539,1.0438,4.8458,-1.6823,-0.29552,6.2732,2
1.4367,0.015348,5.9222,6.2084,3.9229,7.533,-0.91402,3.8058,2
-1.2914,6.7501,-0.9294,0.71483,-1.2306,-1.8227,-0.55504,0.92699,3
3.0469,3.7457,1.7797,1.7582,4.2967,1.3934,4.1622,3.7725,2
2.7115,3.2668,6.9794,1.9608,6.001,9.8408,1.9625,6.4096,2
1.9383,3.1616,4.0621,2.739,-0.9438,1.2128,-2.402,5.6378,1
-0.13939,-0.61312,-1.3831,1.0528,-1.1207,0.49188,-2.8393,2.0153,3
2.804,-0.49131,3.6415,0.61104,5.6363,7.4638,0.83831,7.1681,2
-2.0784,-0.99181,-1.3702,5.0524,-0.5464,2.5243,4.1799,1.7496,1
-2.8614,-2.3066,1.5834,-0.48461,2.594,3.6845,-3.4161,-0.85112,3
2.1769,3.3378,4.5784,2.3829,6.0699,8.9221,4.8278,6.4006,2
0.54869,0.11824,8.2856,1.5002,3.5847,-0.85814,7.8394,6.2709,1
-2.122,-1.6768,2.522,-0.53139,0.3047,-0.80137,1.9839,-1.1248,3
-1.1438,-1.1707,-1.1547,-0.28985,1.2429,0.4744,8.0503,2.3674,1
1.8215,-2.1052,-0.69354,0.090867,1.2692,-4.1399,-0.78673,-1.6114,3
-1.906,1.3548,1.4632,4.343,-1.3528,-1.4176,3.103,4.5406,1
-2.1644,-1.025,2.2003,0.11657,1.7738,3.3303,0.63987,2.4505,3
1.4784,-1.0801,7.6268,5.6315,2.3799,7.3739,0.72598,4.2448,2
-0.25058,1.6273,5.3575,-1.3538,0.1713,3.0716,0.47197,1.1641,3
1.4123,-1.5836,-0.29437,-0.44092,0.080407,-4.0373,-1.2819,-0.62855,3
3.0544,1.5905,5.9829,1.9228,4.264,7.1878,-4.5578,7.8838,2
-1.5365,3.2754,5.9704,6.0213,4.5525,-6.1958,3.494,5.645,2
3.5895,-1.0302,4.9606,3.332,7.9591,6.1248,-9.7625,-0.15184,2
0.63356,-0.57894,0.5971,-0.69135,-1.138,-3.6193,6.4558,1.1089,1
2.0795,2.9893,6.8386,4.4942,6.5906,6.5583,-0.89075,-0.69663,2
1.8551,-3.8239,6.6577,-1.5882,2.3598,4.0262,-2.0565,4.664,2
-0.8681,4.3601,1.1553,1.5396,0.54272,2.0916,2.1485,3.6219,3
1.9642,-0.15243,7.2328,3.0226,1.4814,5.0753,4.6902,0.84085,2
2.1857,3.7596,2.2159,4.3184,1.59,4.4096,0.97515,4.9381,2
-2.4226,-2.0698,-0.32638,1.4517,1.6867,0.4146,0.42072,-1.3362,1
0.13164,-2.1417,1.3426,7.5717,-1.2118,-1.3852,-1.5858,0.39443,3
0.6468,-1.9772,0.9685,4.0742,1.7043,11.862,5.9225,-1.1212,1
2.6913,-0.64763,-0.79153,-0.074368,4.7034,-3.221,-1.4266,2.3685,3
2.6042,0.39237,3.5782,4.7404,0.71855,7.2898,2.5639,4.4069,2
-0.86193,-2.0765,1.8398,-0.37562,2.6531,-2.5842,1.0828,-1.5814,3
2.4568,0.89736,1.0855,-0.69212,-1.4453,11.584,-2.0761,2.1158,1
1.1765,-1.8296,1.5398,0.15589,-1.0736,7.7866,-0.4157,7.0636,3
0.77121,-5.0234,4.5237,0.62764,1.2432,7.5796,1.893,2.0922,2
-2.836,0.40604,7.196,3.789,0.33901,6.4149,4.2925,7.2462,2
-0.53717,-0.64485,0.86701,0.70193,5.4731,-3.7723,-2.5849,0.97135,3
-1.2392,-3.022,-0.90821,3.5043,-0.94709,2.8727,-3.1041,2.862,1
2.5379,3.5208,5.9268,-11.079,5.8144,1.7249,-4.2908,6.988,2
-0.7195,-1.2075,-0.47774,-0.25621,2.1678,3.9298,12.586,4.0457,3
-1.4873,0.45193,-0.69687,1.2876,-0.24144,-3.2088,-0.34169,1.5416,3
-0.19897,-1.3962,1.6261,-0.11842,-1.1296,1.3112,-2.2747,2.977,3
-0.67271,-1.1566,-0.50423,3.3873,5.228,-1.5803,4.9494,-0.5131,3
3.839,2.3651,1.6765,0.84009,2.7354,2.7994,3.1725,5.4596,2
-0.89926,0.22454,3.2881,0.35489,4.3136,7.3862,2.6124,4.047,2
3.214,2.0068,4.2863,0.19084,5.0087,10.359,1.0257,7.5808,2
-2.4134,-1.0001,-0.21337,3.1816,3.6219,-1.903,1.3415,4.1873,1
-2.5674,0.080914,2.4235,3.8589,5.5126,1.108,0.8241,7.2463,2
-2.7894,0.032341,3.5571,3.4922,2.592,2.8356,-3.5954,1.0005,1
2.7401,2.3094,0.49878,2.0026,-0.93111,-4.0463,-0.49198,3.5511,3
0.15787,2.0812,-2.8044,-0.96322,5.7512,2.1995,2.2173,3.7683,2
-2.2172,-1.2105,0.058895,-0.58693,-1.2284,-2.0756,-0.70315,-0.61435,1
-0.91717,-0.82799,3.7775,-10.47,7.1145,7.9017,-0.75964,5.9566,2
4.113,-0.29203,1.2262,-0.65669,-0.66199,3.7929,0.55515,-1.4936,1
-2.8945,1.638,1.1508,-1.8506,1.4978,5.3494,-3.3198,-0.16727,3
0.71162,-0.32075,-0.86632,2.7148,1.7271,1.1623,8.8818,2.5487,3
1.4555,1.6426,6.8012,2.8189,6.2584,7.6639,3.3995,6.036,2
-0.97787,-2.6067,0.45154,-1.7663,1.2839,-3.088,-3.3325,1.7653,3
2.5009,2.9808,4.9745,2.4039,5.4416,3.6883,2.7611,5.0074,2
-1.3874,-1.8004,0.40034,5.3809,1.0774,7.9539,-1.7114,4.4118,1
0.15357,-1.9813,2.6484,2.7694,6.2853,1.2008,-0.27796,3.1568,2
0.76248,-1.0782,1.2937,0.18041,2.1438,-2.5925,-4.7202,-1.8811,3
-3.7042,2.9622,6.1626,-3.3428,4.1111,7.2746,4.0674,7.7268,2
3.396,0.20039,-0.44189,-0.63927,-0.85084,0.56191,-1.0316,2.3214,1
-0.3887,-2.1422,2.928,-1.0232,-0.99304,-1.1962,-4.7339,0.36612,3
3.195,0.94876,7.1838,2.5666,5.2165,3.6536,-4.3321,7.5732,2
1.3193,-1.2075,-1.6744,0.95463,-0.58058,22.87,-3.383,-0.6796,1
2.2673,0.93478,2.8084,2.464,4.4652,2.2249,2.1324,4.2238,2
1.3472,2.78,6.4234,3.7168,3.3357,8.6227,-3.1874,5.9705,2
-2.3717,-1.82,0.092123,0.77785,0.42743,-4.5945,-2.1311,2.0627,3
-2.2524,0.48873,-0.035334,-1.5119,1.5093,-3.1628,-1.1759,-0.87599,1
-0.027097,-1.9694,4.0639,5.2488,-0.5478,3.0242,0.28124,1.5409,1
3.1303,2.3446,5.0997,4.2487,4.8232,6.6269,1.6377,4.8009,2
0.30374,4.3606,-0.094823,1.7218,-1.574,6.0206,-2.6694,0.26408,1
-0.092026,5.1328,-1.6823,-0.75673,1.8867,-2.2873,-3.7864,-0.79502,1
-0.59996,-1.9541,-0.95702,1.1411,-0.76907,6.5035,-1.5102,2.8727,3
0.57926,-2.2555,-0.4195,-0.27996,2.0897,3.6298,0.71951,-0.64564,1
1.3553,-2.7205,2.6473,-0.075211,1.6407,3.8851,3.0953,6.9761,2
0.22567,-2.8596,1.1646,3.8056,2.6914,2.5663,1.2815,0.027533,3
-1.4984,2.8946,5.7815,4.4011,5.2075,4.7254,1.8607,7.2208,2
-1.8942,-1.3781,-1.7634,2.5157,2.2527,5.5651,-2.8747,-0.097589,1
3.2289,-0.20615,7.2798,-9.7521,5.9949,8.7063,-2.0778,6.4027,2
7.3704,1.704,0.3403,3.1893,0.1774,4.4797,1.4443,-0.82915,1
1.8016,-6.8985,6.1651,-1.2359,-0.42151,4.5829,2.9067,4.1987,2
-2.106,2.6822,-0.86898,3.8581,3.2369,-1.5529,-1.1813,-1.1904,1
2.1509,-1.7217,-1.238,2.0751,1.4903,3.2212,-0.334,1.4507,1
1.4981,1.2722,4.5396,1.0488,5.8777,7.591,4.9349,7.1608,2
-0.63937,-1.8035,-0.39113,1.7396,2.4239,-0.46005,13.948,-1.7432,1
0.7312,-1.2217,7.3764,5.5506,5.6593,6.7671,3.7568,5.2043,2
1.8199,-2.0937,0.8478,-0.53483,0.16877,5.281,-0.88888,-0.77223,3
1.9605,1.3339,4.4317,0.88997,5.2299,8.8796,1.5153,5.8331,2
0.34753,-1.5805,0.95279,2.0419,7.8059,-1.037,-2.177,0.59101,1
-2.7735,-0.81647,-1.3334,-1.1038,0.90425,-1.2824,6.4901,0.62384,1
0.24746,2.9517,-0.1229,2.2683,-1.5793,5.1306,2.4213,4.1228,1
0.73116,-3.8523,2.7182,2.9318,6.4222,8.1867,4.5117,3.4544,2
-1.067,-1.5022,3.7519,-0.48618,-0.23367,-0.89981,5.0953,3.4236,1
2.4246,2.8707,2.7596,3.8238,6.5508,2.7437,-0.82668,6.7596,2
0.047889,0.067512,0.14292,-1.1873,0.16359,-1.4212,-0.83289,0.15062,1
0.099094,-1.0006,2.888,-0.15535,-1.1556,-2.5683,2.2805,1.4382,3
1.5187,-1.6164,0.048386,0.44595,2.8205,-0.92244,4.1307,-0.45379,3
2.2117,1.5498,0.41939,7.1518,-0.58325,4.7956,5.597,0.23382,3
0.64235,-2.8219,3.8702,2.7075,0.11718,2.2463,8.7776,4.9019,3
0.93814,1.6097,7.2298,0.83549,6.0541,8.5896,4.9352,5.2169,2
1.0295,-1.4698,6.2065,0.90727,5.7618,5.8696,-1.9813,4.0125,2
-0.44398,0.077015,0.15408,-0.42951,1.7675,6.2617,-2.5595,3.3025,1
-0.6844,-1.5062,3.2743,-1.4874,2.7824,8.9663,3.1183,1.3247,1
-3.4687,-1.7004,3.1555,2.6713,4.2809,1.7242,2.7018,6.328,2
3.6999,2.8584,4.8711,5.1408,5.9691,0.48882,0.24086,5.9554,2
-1.5342,2.7782,0.2866,0.11474,0.69722,-0.61656,2.3635,0.78088,1
-2.8598,-0.78161,0.85637,1.9556,2.0451,-1.5507,-3.4868,-0.31736,3
1.1788,8.7358,0.34948,-0.92629,-1.6017,0.47217,1.3475,-1.1035,1
-0.73821,-0.45929,0.90035,8.7849,2.1547,2.7559,-0.11087,-1.8017,1
0.16951,4.0089,4.3834,0.23489,1.0897,-1.7326,7.9448,0.14566,3
-2.454,3.2548,1.665,0.72886,-1.5197,-4.8879,-1.7896,-0.91675,1
4.4438,1.5962,-1.0781,2.343,-0.32413,-4.2159,3.7024,-0.91049,3
3.0067,-1.9912,-0.84425,4.0276,-1.2937,-1.9948,4.1628,1.9933,3
1.6941,0.23569,5.911,7.5624,0.34658,-0.66015,0.10234,-1.0429,3
3.3462,1.8883,6.0183,4.1029,3.7369,10.006,0.50316,3.3787,2
2.0974,4.6259,6.6342,-1.6047,2.8503,-0.6901,4.9428,-0.76692,1
3.4143,2.0993,6.6248,-3.0541,4.9394,-0.95584,2.477,4.9829,2
-0.18872,4.9393,0.92215,2.7786,0.30069,1.8263,9.2294,0.68318,3
1.8443,0.14435,-0.51824,2.0036,-1.1436,-0.26373,-3.0623,0.26876,3
1.2309,-0.88268,0.92453,-1.0913,0.69225,0.010194,1.2082,-1.6935,3
0.6589,0.10783,-0.7486,3.5201,0.10933,3.3831,0.90565,0.66764,1
0.39042,-0.99372,-0.002424,-0.069122,0.27277,1.4466,3.9252,1.3493,3
-1.781,0.98073,3.8582,5.5013,0.40508,-2.3366,5.3932,-0.7839,1
-1.2493,-0.63102,-1.4192,0.4344,1.4617,2.6104,2.3355,3.5607,3
0.74052,2.1141,-0.5971,1.2528,-0.57452,-0.88673,-0.82428,-0.56246,3
-0.20686,0.2704,7.5529,1.5866,0.01182,0.83224,-3.5159,-0.72565,1
1.9912,-2.5489,-1.1412,-1.4081,-0.86045,11.333,-0.23843,1.1167,3
1.584,0.9848,1.284,4.4327,6.6833,-1.4645,4.3256,3.0232,2
1.252,1.2263,1.9467,0.29152,1.1832,-2.0608,1.6943,-0.036586,3
-0.88605,0.001513,1.2073,0.97073,0.094739,0.93478,2.4941,3.3728,1
2.1944,-0.9622,-0.71113,3.1557,4.0926,2.7785,-1.887,2.7942,2
0.65408,3.4305,5.7921,4.4049,6.346,6.7386,2.0869,5.9808,2
0.2405,-2.6139,0.2401,1.3208,1.2613,10.3,2.4998,0.092239,1
-1.075,-2.1414,0.14545,-0.31603,0.90856,-1.0681,7.0582,1.1848,1
-1.3491,-1.2546,1.1654,-0.09919,1.5717,1.287,2.8336,-0.79603,1
1.7714,-0.90779,0.37788,0.77726,0.20454,-3.3778,4.3868,-1.9242,1
-2.2654,-0.68255,0.4047,1.9155,-0.80871,8.116,2.1615,1.0525,3
0.43178,-1.5377,8.302,1.9386,5.2457,6.2746,3.0905,-0.66537,1
-0.92813,5.9685,3.5416,0.136,-1.3336,4.9657,1.1881,2.4193,1
2.6958,-1.1265,3.8045,-0.68421,-0.71552,0.85237,5.6587,0.86054,1
-0.63744,2.5775,1.0431,1.9043,2.6351,6.3648,-2.843,-0.069243,1
0.006493,3.3479,6.2563,3.0691,5.6187,7.6727,0.035209,3.3259,2
-2.6598,-2.7011,0.71377,2.4704,0.73387,6.6571,-2.4544,0.70753,3
-2.5885,0.27438,4.4455,6.4829,1.3102,1.5871,-2.8336,-0.098646,1
1.7103,3.2275,7.7234,3.2038,4.3582,10.343,2.2273,6.7548,2
-2.1051,-0.43197,6.8036,-2.3524,5.1221,8.5968,3.6322,3.6455,2
1.3579,-4.2837,5.1622,4.9965,-0.12053,2.6799,4.7169,7.8818,2
-0.25945,3.1476,6.8972,3.7063,3.9419,6.628,1.357,0.61095,2
-1.1168,1.1692,1.442,3.3192,-0.61469,-2.3208,5.1126,2.5672,1
1.1398,-0.70732,3.7066,0.38384,2.4715,-2.4429,1.5735,-1.1427,3
0.28212,0.14329,-0.65822,-0.31321,1.436,0.6209,-0.23306,-0.81071,1
3.8809,3.015,3.0659,-4.0829,5.9298,-4.8065,0.2154,4.946,2
-0.77911,-0.13882,2.2473,-0.71517,-0.41487,3.9696,-0.75297,4.0601,3
6.5945,0.20307,2.2795,3.0312,0.030962,1.9525,6.3633,0.8793,1
0.20757,2.7056,1.422,-1.2357,-0.042868,3.0176,6.6883,1.5646,1
-1.3728,-1.3412,-1.8235,3.1042,5.4723,2.1812,-4.4383,1.0637,3
2.071,2.1377,3.8852,-2.5966,6.9527,3.897,2.3754,2.9962,2
-2.0258,-2.2113,-1.6993,1.3194,0.64968,-2.1917,2.8685,5.0339,1
2.0642,0.57799,4.2196,1.41,7.1553,4.0699,0.67237,2.8381,2
-2.4767,1.1959,-1.6879,2.3297,1.9552,-2.2748,5.2404,1.8812,3
3.631,-3.2677,6.8425,4.0606,6.3715,3.9597,-0.84641,5.6597,2
0.63283,-2.1357,6.3343,0.10243,2.7005,-3.0879,-3.3309,2.4941,1
0.98508,-1.7548,1.4368,3.858,3.4393,1.0667,-1.9392,1.996,3
2.8246,-0.11992,7.2948,-4.8396,5.4319,5.5176,-0.53705,-0.52877,2
0.19459,2.5253,-1.8424,3.3264,4.1424,3.125,7.469,0.9309,1
0.29406,-0.538,2.3374,1.6286,3.1816,-1.1515,-1.8237,1.7048,3
-1.7751,-1.1044,1.5847,3.0133,-1.2041,1.1837,-2.8544,-0.87937,1
1.0611,3.3378,1.6766,-0.36064,-0.94544,-1.6956,-1.666,-0.41994,1
-0.9737,-1.6202,2.6284,1.5529,0.078801,0.07624,3.0473,-1.8776,3
-1.4831,-1.2136,1.8226,-0.3084,6.3089,7.2028,2.8209,6.3142,2
-2.0344,-1.551,-1.0012,3.3995,2.5202,4.5238,-1.078,3.3188,3
1.8368,1.8679,6.9268,-5.5163,7.7341,8.9846,-1.3699,3.6035,2
0.16537,-2.5576,3.8798,2.6925,0.79063,3.6564,3.2917,0.50609,1
-2.5317,3.1048,-1.5147,2.2836,-0.10474,-1.8781,-3.7182,-1.3101,1
0.54832,-2.0152,0.79659,0.18419,1.4382,5.2061,0.19831,8.14,3
-0.46577,1.2307,1.4163,-1.0323,-0.19654,-2.0643,-3.3152,1.0703,3
1.8664,-1.5258,-0.28782,-0.57303,-0.24195,2.1609,0.4972,-0.70183,3
1.8257,-2.0462,-1.8984,-1.9012,-0.47375,7.1384,3.9081,0.022974,1
-1.9795,-1.4244,-1.3083,2.5775,-1.641,-2.8887,3.2769,0.043452,3
0.88901,0.10872,-0.44443,0.81113,-0.55683,-0.22784,1.7628,-0.63002,1
0.57763,-2.2927,1.498,-0.94552,0.77061,2.4285,2.0126,5.4039,1
0.54707,1.1238,5.5291,2.8868,2.344,3.8705,2.3456,5.7295,2
0.32005,2.927,5.4451,4.2708,5.3986,7.0179,0.42762,3.9007,2
5.3966,0.198,-0.33726,0.98038,-0.042141,11.75,3.6676,-0.041011,1
2.1698,0.42797,-0.81925,-0.75795,0.56174,0.37027,16.006,-0.46762,1
4.746,-1.3789,2.1052,0.10324,0.73389,0.75096,0.44145,3.3953,3
3.0963,2.6189,6.3095,3.5945,4.338,6.4362,1.0095,6.4424,2
-0.81175,-1.4769,-1.6357,1.6788,-0.023882,-4.5022,0.49334,4.0511,3
0.79733,0.79208,3.4268,-1.8655,0.20063,6.2354,-3.3617,6.8086,2
1.1311,-0.86489,3.8843,-0.6452,5.8729,4.9465,3.1046,7.2018,2
-1.587,-2.4604,1.3341,-1.3575,-0.78403,-0.86289,4.6772,0.75967,3
-0.026667,0.44096,0.81856,1.2922,1.8517,-0.090813,2.1775,-0.17814,1
1.4543,-1.275,-0.18356,-0.73812,1.9988,1.4599,0.78275,0.14089,1
1.2809,-1.6529,0.023117,0.52373,0.72732,5.0977,8.0892,-1.0506,1
-0.80686,-2.6596,-0.14586,-1.1933,4.1035,0.049767,-0.71074,0.74472,3
-0.012718,0.58661,0.74603,0.48715,-0.73415,1.2603,-1.9239,7.8059,1
4.2235,0.9479,-0.45805,3.1041,-0.15294,2.9213,0.45366,-1.5837,3
-0.38221,-1.3689,1.362,2.8081,2.9036,5.1281,-3.4748,-1.2143,1
-1.976,-2.4514,1.3138,2.3378,1.4548,-1.1183,-0.36269,-0.57788,3
-0.19193,-1.9302,3.3668,-0.98996,1.5157,4.5161,-3.4366,-1.1128,1
0.002852,-0.88137,6.4117,0.90744,6.375,7.1635,-0.72957,4.3161,2
2.0606,-0.2319,2.5198,0.43243,0.49513,-3.0894,5.1524,0.90812,1
2.6561,-1.3322,0.54324,2.0342,-0.9809,-0.16101,-4.7176,-1.3607,1
3.5701,2.8185,3.8683,2.6026,5.7983,8.6837,3.2462,7.7315,2
-3.0268,-1.7848,3.0966,-1.9588,1.8455,0.24022,-1.2937,4.0114,1
-1.9431,-0.97384,-0.35582,-0.17893,-1.2536,-3.7331,3.4549,1.9823,1
-4.1671,-0.15157,5.9118,-0.98378,7.9337,0.28338,3.2281,4.1856,2
0.35859,1.3977,0.41182,-0.60469,4.0888,2.2352,0.89953,-0.18235,3
-1.8098,-2.3452,-0.72138,-0.020808,2.7157,-2.4011,2.6151,-1.3086,3
-0.2759,0.59425,-1.3857,-0.6076,-0.038753,-1.4733,-3.0674,1.2273,3
-1.3792,1.2605,-1.7794,0.67541,3.7533,5.7055,3.3928,5.6975,1
-2.2314,0.37726,0.48481,-1.6558,0.11813,6.2228,-1.0257,1.4273,3
1.0942,0.75275,1.0856,0.00783,6.2884,7.4147,2.2622,4.3741,2
-2.4377,1.3138,0.024182,-1.6756,-0.0058,-3.6719,3.2131,-1.0702,3
0.44415,-1.1325,1.9085,-0.69231,3.2469,2.6969,0.424,-1.2927,1
-0.60469,3.0612,5.2589,-5.4098,7.1158,8.1511,0.22565,4.7781,2
3.1021,-1.9736,-1.5784,-1.688,10.337,3.1826,2.8723,-0.5603,3
-2.0623,0.18607,0.38285,4.4543,1.7572,2.6781,-2.2739,-1.9879,3
0.44769,2.6269,5.3211,5.5152,0.039267,9.3406,-3.6386,6.7496,2
5.5897,-1.8732,0.5859,1.022,3.268,14.859,-2.5939,-1.0524,3
-0.38759,0.78459,0.80921,1.0551,2.5881,-0.45535,3.2978,-1.1378,3
3.1043,3.0984,7.427,3.3604,5.1404,4.7254,4.1706,6.675,2
-0.39549,-1.1483,0.74442,0.68425,1.65,-1.139,-2.3882,5.9875,1
1.629,-1.1345,0.81207,1.9383,-0.92699,-4.4024,-1.9117,-0.62535,3
0.095349,6.9017,1.4068,4.1927,1.1477,-0.014159,0.67786,3.2312,1
-0.14779,0.40506,-0.66632,-1.2093,0.60408,-4.6992,-2.9948,3.1043,1
-0.14779,0.40506,-0.66632,-1.2093,0.60408,-4.6992,-2.9948,3.1043,3
3.4642,1.0397,5.0712,0.94934,2.704,-2.7227,0.072214,0.7796,3
1.4459,1.8535,0.58347,-1.5548,-0.092015,-0.79686,-0.40697,2.6594,3
-0.32341,-0.45504,-0.27756,1.4943,-1.2922,12.717,1.4181,-1.37,1
-0.071411,-0.67834,6.3965,6.0157,5.6935,0.055468,-4.2028,3.9272,2
-0.76177,2.1073,-0.70267,2.4267,0.63411,4.4242,-1.7907,2.1122,3
-0.059092,3.0286,-1.7515,3.3243,1.179,-0.67779,2.9893,-0.34751,3
-0.5554,-0.45695,4.7152,1.7919,0.030274,-2.9926,-3.362,0.8455,3
-3.3208,0.54472,7.2116,-0.79689,3.063,9.1048,0.96252,3.4784,2
0.15216,-2.1927,-0.59859,-0.54708,2.6895,0.87058,-1.2099,-0.1199,3
1.28,1.2829,2.0963,1.4102,4.9722,-2.7419,-4.6143,1.9549,3
-0.85476,3.2861,-0.84217,3.201,1.0553,5.7365,8.3709,-0.38753,3
-1.3867,2.433,6.0606,-3.3304,6.8768,6.6762,-0.45143,4.8423,2
3.2333,2.9217,2.846,-11.2,5.8445,7.0818,4.1241,4.1308,2
2.5266,0.1101,6.6262,5.0039,5.3308,7.3973,1.1287,7.0387,2
-2.29,0.80382,1.2436,1.0074,1.5664,9.0913,-1.2223,1.56,3
-0.90712,2.6428,1.1466,-1.113,0.13252,6.5886,8.5961,3.9942,3
-1.6282,-0.94901,1.8719,-0.13723,-0.33886,-2.6328,6.3926,-1.1579,3
-1.6149,-0.16997,2.7864,-0.029401,1.5601,4.6454,1.009,-1.1096,3
1.0375,2.6407,-0.50596,-0.16288,1.9689,7.7964,4.3083,1.1659,3
0.48382,-1.1629,1.2724,1.8452,-0.85475,-2.1912,-3.8095,-1.3678,3
-2.697,0.26038,3.6084,-1.1292,-1.2968,-0.21799,-1.7799,-0.46122,3
1.6676,2.5758,4.6457,1.113,4.401,5.985,-0.17263,1.2461,2
-0.31503,-0.25583,2.3171,3.9507,0.67459,2.1218,3.3241,1.8341,3
-2.4226,-2.0698,-0.32638,1.4517,1.6867,0.4146,0.42072,-1.3362,3
6.2772,-1.4882,1.1713,-0.087221,0.43981,0.27372,0.76983,-0.47994,1
4.8644,-0.048195,0.56817,-0.68231,0.56839,5.4357,0.42151,1.6167,1
2.989,1.4815,6.2109,1.4578,6.1282,2.6875,1.4666,6.5916,2
-2.3883,-0.38316,-0.65588,4.3478,1.7547,11.021,-0.55856,3.253,1
2.6384,-2.334,0.98756,-1.6286,-1.0202,-0.15221,0.48325,-1.5537,3
0.57614,2.4469,3.5476,-0.33177,-1.404,-3.3387,0.58773,-0.24515,3
3.0327,3.3878,0.077501,-1.2829,1.5683,5.6632,3.9452,-0.35153,3
-0.72811,3.2751,-0.7939,-0.29652,4.5495,0.74971,-2.0763,0.20242,3
-1.9963,1.8531,6.9298,-0.30029,5.2462,5.003,2.7744,7.8586,2
0.03721,0.03738,6.0088,2.582,5.7429,3.4756,3.9546,4.1005,2
-0.99117,-2.4264,-1.1639,-0.31962,2.1982,-2.3127,-0.65876,1.3115,1
-2.084,-2.8992,-0.95307,2.3483,0.27823,3.9885,-2.6963,-1.3203,1
-0.89213,-2.6075,6.4377,-0.072896,-2.0179,-0.2762,-4.1177,0.51509,3
-0.96949,-2.2527,0.59866,3.9274,2.8045,5.6137,9.2872,-1.2621,3
1.3378,1.0688,5.2789,-1.0229,-0.75992,-0.67653,-1.349,0.77245,1
1.5929,-0.15003,4.4908,-4.6612,7.4237,3.3111,-0.30415,7.3245,2
1.8192,1.2558,6.3704,0.92049,5.9757,-0.023624,2.5501,4.5024,2
4.6933,1.6627,0.043908,4.4326,-0.37835,-2.2161,0.69796,-1.4565,1
-0.36158,0.29532,5.2664,-1.9168,5.4194,5.3631,4.4995,7.7521,2
0.48808,1.6618,5.5222,-5.2217,2.6046,8.3331,-4.3932,5.6956,2
0.69608,-1.1865,4.1316,1.0229,3.6554,6.2097,3.8629,1.0373,3
3.3168,1.4757,5.4061,4.9957,2.592,3.2398,0.00492,2.9116,2
-2.062,2.2507,5.0607,0.84875,7.0994,-0.81218,2.1468,5.3785,2
3.3729,0.90469,6.6306,2.7276,3.6165,3.2422,3.9126,6.3602,2
2.8875,-0.74698,2.7856,-1.0579,-1.2795,3.6522,-1.761,-0.66711,1
-1.2838,3.2647,2.2082,-0.017382,0.68935,-4.0735,3.5256,1.8168,1
-0.95248,2.6231,0.59313,2.2067,2.2992,2.5036,0.87176,-0.13537,3
-1.2188,-0.16375,4.7332,3.8446,4.2146,2.5867,-3.0984,-0.017088,1
-1.6243,0.91031,5.6749,-1.4416,1.6791,3.3046,1.468,0.088804,3
-0.34254,0.030129,1.8708,-1.2714,-0.84198,4.1745,3.3431,1.4307,1
-1.3462,-2.0364,1.0271,1.7846,0.071615,-1.1704,9.9385,1.7995,1
2.8646,1.6583,5.9886,0.21021,5.9083,0.46089,3.2631,7.5631,2
-1.8695,-1.4266,1.4193,-0.24712,-0.43609,6.3205,-4.0242,-1.3411,3
5.8549,-0.17701,-0.28716,1.5414,3.1807,2.6982,0.68454,3.3623,3
4.8019,-1.3859,1.7765,1.1209,4.4337,6.086,4.2517,3.1359,1
0.13166,2.2958,0.043536,3.4995,1.6578,2.6004,7.8725,-0.28845,1
-1.8171,0.48941,2.6569,6.1932,3.7229,8.7403,-5.9685,6.7227,2
-2.4833,0.98152,3.9848,-0.1575,1.1408,1.8613,9.0662,2.139,3
-0.4042,-0.43182,5.5815,3.7323,7.4877,5.1676,-3.9334,5.2506,2
0.96245,4.7778,-1.6121,0.70899,0.32005,-2.3402,4.0123,-0.89329,1
5.1508,4.5058,-1.0904,1.0433,0.040197,1.8862,-1.6729,-1.4073,3
3.605,0.81928,3.3137,2.9315,7.0844,5.5965,5.1903,6.2701,2
0.54258,-3.3348,4.5266,2.5272,5.1326,7.8762,1.2663,5.2501,2
0.14247,0.70117,-0.96149,2.3501,-1.9381,-5.0299,2.6538,1.1952,1
1.7262,-2.3339,-0.56876,2.0746,0.50673,1.9897,8.0904,-1.7774,3
2.6094,3.2822,4.2881,0.036724,5.9081,2.8427,3.0323,4.9978,2
1.3151,0.15585,0.76285,-0.66489,-0.96765,1.5618,2.4115,0.45038,1
-0.21282,-3.0197,3.9778,1.0355,5.7282,-5.6932,2.6939,5.2224,2
-1.9115,0.1116,1.03,0.31382,0.51179,-2.0056,4.1854,1.4475,3
-0.89236,0.024749,-1.7072,-1.5348,-0.016812,0.40209,-1.9552,-1.4459,1
0.27451,0.033655,-0.67097,-0.86386,0.26516,-3.168,-2.3038,1.9784,3
2.6424,0.22013,-0.93922,1.7231,-1.2799,-2.5398,0.95738,-0.72847,1
1.6669,-1.7695,1.0944,-0.054119,-0.91626,-4.4602,1.1882,1.8395,3
9.1731,1.3529,0.3422,1.7467,4.9029,-0.16342,-2.2188,0.19874,1
-1.0045,3.0023,1.634,-0.86532,0.26101,-2.1732,-0.92275,-1.7952,3
-0.61722,-1.2815,3.9877,3.5881,0.8357,1.5943,8.1475,0.83411,3
-1.0508,-2.3781,2.864,4.638,0.48291,3.4775,5.5175,-1.3137,1
-0.16099,-0.055143,2.5855,1.9933,3.323,0.057328,-0.23422,2.1217,3
-1.3401,-0.84405,-0.62485,-0.72948,1.2828,1.5226,-2.752,-0.22086,1
0.065005,0.6293,2.7919,-0.49393,6.7319,4.7269,-4.0396,2.5823,2
-2.1768,5.0874,0.63291,1.942,1.7709,-0.89767,5.6892,-0.42331,3
-1.7218,-0.83412,0.2557,0.26188,-0.35819,1.5175,-0.25832,-0.4836,1
-2.1604,-1.2834,-1.7193,0.098278,1.0732,0.046745,4.5591,-0.28406,1
-2.7682,1.4759,4.6456,1.8881,0.57488,-2.9402,-4.4241,-1.0074,3
2.0788,-0.52861,-0.32445,1.3425,3.873,10.636,0.91552,0.84561,1
-0.70385,-1.3662,-1.0466,-0.86659,-0.13586,-2.6931,9.7738,0.42206,1
0.43178,-1.5377,8.302,1.9386,5.2457,6.2746,3.0905,-0.66537,3
-0.19464,0.18377,-0.86623,-0.61541,-1.5568,-4.0099,2.9526,-1.1426,3
-1.7048,-2.3717,0.031697,-1.3909,3.8351,2.9744,-0.22037,-1.8326,1
2.4545,-2.1319,1.2276,0.8524,0.32948,1.3873,-2.7844,-0.15954,1
2.051,1.8205,3.7518,0.94306,-1.7159,-4.1166,1.3099,0.22375,3
-0.91148,5.049,-1.1788,-0.35459,-0.41874,-1.1273,-0.49901,0.29692,1
2.2437,2.677,4.2527,-0.57849,7.8041,8.2907,0.49095,4.3521,2
-0.26951,2.7487,2.0327,2.2559,-0.3428,-1.1147,-3.4156,-1.4335,1
-2.1199,0.21645,7.9023,2.1208,-0.32393,0.14495,6.232,-0.7699,3
2.8628,1.199,6.3559,-6.8131,1.5728,-5.5352,2.3132,2.3574,2
-0.89866,2.3797,1.9353,0.74135,0.796,0.76278,6.0755,-1.0781,3
2.4233,1.1377,1.6966,2.5121,-1.249,2.567,2.7419,1.1968,3
-0.88674,-0.11335,-1.8813,-1.0925,-0.015195,-2.4516,-4.4888,-1.0551,3
8.7308,2.2256,3.5397,1.6132,-0.51504,-4.1364,11.966,4.0259,3
-2.2403,1.8819,7.1251,5.5381,3.9959,6.83,-5.4467,1.1849,2
1.4435,1.8693,3.2258,6.1903,3.4226,3.8549,4.3126,6.5045,2
0.84064,-2.4668,-0.5973,-0.3778,3.4169,0.31916,-0.14478,0.97989,1
2.5897,0.42146,5.3596,0.41222,7.8358,9.877,0.95508,4.9913,2
-1.1744,-1.5539,1.0002,0.26688,0.13738,1.4355,-3.558,0.58692,3
-0.91712,1.3079,6.7011,1.0991,-0.17831,0.69488,13.02,-0.39678,1
0.97794,2.6156,2.6625,-0.12605,3.2832,3.9012,2.0232,3.878,2
-1.1447,-0.36165,1.6349,1.941,4.63,-0.095072,-2.8331,0.048112,1
1.8199,-2.0937,0.8478,-0.53483,0.16877,5.281,-0.88888,-0.77223,1
-2.6057,-1.401,-0.1243,0.72296,2.0114,2.7034,3.1602,-0.10569,1
1.1758,-0.1462,5.4294,-2.3094,3.4181,6.7648,4.2962,1.8423,2
1.211,-1.1198,-1.3848,-1.4246,0.24658,0.49849,-3.7931,-1.3461,3
-4.4025,2.0688,1.8399,5.0258,4.2676,7.4866,4.4264,6.2506,2
0.55045,1.1481,0.43055,-1.2236,-0.6217,-0.028821,1.4818,-1.2358,1
2.7637,2.3271,5.6766,2.6366,-0.33364,1.3547,3.6455,3.9215,2
1.9258,0.74285,3.5204,6.7193,7.1498,6.1764,-0.085426,2.2256,2
2.0488,-1.6071,-1.2541,2.821,0.56188,2.3542,-2.3695,-0.74805,3
-2.3561,-1.6224,4.0267,3.2959,3.6999,0.69078,-2.2413,3.1916,1
1.4297,0.98713,7.2778,3.8699,4.7817,10.144,-0.12542,5.3096,2
-1.6231,-2.447,0.097525,-1.0023,0.054471,-1.7042,6.9449,-0.081854,3
-0.56796,-0.60671,-1.032,-1.3448,3.3393,7.9672,-2.138,2.7352,1
-1.2098,-2.4915,4.7103,3.5581,-0.67597,-3.9816,-0.10712,5.2025,1
-0.40697,-1.2282,-0.76033,1.2921,3.2934,3.3826,4.1261,-1.2576,3
-0.45563,-0.8987,-0.6661,-1.071,0.94697,6.9773,5.8038,-1.0712,3
-0.51755,-0.28593,1.0806,2.4062,-1.4115,-0.38888,5.8073,0.61858,1
-1.5916,0.76878,1.7517,-0.38086,4.0633,2.7197,-2.0077,1.6086,3
-0.50948,2.8425,3.9202,2.863,2.1551,1.268,0.21494,1.8342,3
1.6191,-1.097,-1.1924,-0.60373,2.3262,-0.17353,0.14802,-0.98259,1
-1.0642,-1.1009,-1.181,4.8002,4.5814,2.8807,3.6077,4.2258,1
4.5846,3.0661,-0.97821,3.3292,1.4389,-3.2683,6.6305,-0.59204,3
-0.39107,-1.1403,2.6676,-1.1934,-0.1798,0.6099,-0.86964,3.193,1
-0.63928,-1.6378,5.642,-0.2378,2.9422,0.073843,-2.4177,-1.3869,1
-1.6556,0.88402,1.339,-0.59683,2.3558,3.9212,4.072,2.2535,3
-0.70258,9.2957,-1.4855,-1.9426,-0.94449,-3.6294,-1.7583,0.77664,1
-1.2036,-0.4655,1.9294,3.8021,5.0905,-3.6988,-0.56644,-0.95006,3
2.0358,-0.75005,5.8572,1.1628,6.8791,-3.636,4.7785,6.2845,2
0.21188,-2.4361,3.6833,3.9049,5.3455,10.444,5.2849,4.1251,2
2.8144,-2.0089,0.61499,-1.6406,1.2817,7.4023,7.9439,-0.10302,3
7.6059,-0.74416,-0.23584,-1.1199,-0.69907,-1.8232,1.7121,-1.8527,1
0.40628,-2.3501,-0.17834,3.1612,-1.5285,-3.4143,0.68428,-0.7958,3
2.6405,-1.7025,1.7792,-1.3949,-0.78819,-3.6363,-0.58541,0.075342,1
2.3531,2.4512,7.5046,0.93168,6.575,4.36,2.3762,3.3061,2
-0.12865,3.8936,-1.247,2.637,2.3845,-1.7162,1.8512,0.46163,1
1.3921,1.2704,0.4325,0.10963,-1.0159,-0.44592,-0.9007,2.4512,3
4.7523,1.2677,3.5594,-0.72189,-1.353,16.202,2.5421,4.5832,3
2.6909,-0.004933,-1.2559,6.2455,-0.056387,-2.1019,2.1672,0.79381,1
2.35,3.3706,6.5026,-0.22288,5.1264,4.2641,1.6168,5.5484,2
2.1949,1.3648,7.063,-1.4718,7.2621,3.9012,0.4992,4.2025,2
1.2063,0.46025,1.7349,0.33129,-0.4837,-2.8344,-2.6794,0.76832,1
2.5917,0.27224,4.5346,-5.5665,4.7102,1.0849,-1.0602,5.6087,2
-0.78375,-0.4559,5.7483,0.75237,-0.075043,0.026978,-3.5716,0.20123,3
-1.1017,-0.8498,4.3914,1.0318,0.67835,-1.6718,-0.71057,2.2174,1
-0.31504,-2.4137,-1.2667,-0.66718,-1.1087,-2.0083,-0.99028,1.7178,1
-0.61006,-0.28636,5.2214,5.0296,0.53337,-1.345,4.1254,6.358,2
5.0866,-1.74,4.2737,-1.3258,0.21032,5.9307,2.2366,1.9009,1
-2.3805,-1.9932,-0.29738,3.009,3.3469,6.1474,4.2997,1.3306,1
2.0543,-2.1758,0.14981,1.7821,0.57261,6.8313,-0.12651,-0.32346,3
3.435,-2.0345,-1.7154,-1.0194,-1.1722,0.74326,-1.5474,-1.1257,3
4.3921,-2.124,1.8223,-0.53304,0.75252,1.3511,13.007,1.7675,3
2.2648,0.14798,3.1913,4.475,5.503,5.9345,4.2361,3.3861,2
2.5404,1.4075,4.374,2.4758,2.5265,-0.25001,1.2166,3.2907,2
1.729,-0.40114,-0.16283,0.3028,1.2606,-1.284,-0.50658,1.7153,1
2.9917,1.08,5.0205,3.8881,3.5583,6.8789,4.3379,6.7347,2
-1.7346,-0.46926,0.011886,-0.010249,2.1198,0.42577,-1.7463,2.7311,1
-1.5429,-1.6185,0.13831,-1.8862,3.839,1.832,10.517,-0.26067,1
1.3085,1.9347,0.87369,2.77,-0.64997,2.3865,-3.6536,0.46337,3
-2.2968,-1.2264,-0.43565,0.36499,-0.26589,14.906,2.2171,2.634,3
2.8774,-2.1716,4.7629,-0.53476,4.1859,0.046594,2.0362,4.4256,2
-0.7767,-0.99695,0.23873,-1.3196,-1.0219,-1.8052,1.7901,-0.85943,1
1.1254,2.1116,1.116,-1.4936,0.92804,3.8011,5.7194,0.84287,1
-1.5855,-1.9233,3.659,-0.5792,-0.98047,-3.5142,-3.6374,0.63626,3
3.9611,-1.5397,0.40489,-1.4865,2.0149,11.897,-1.075,-0.18839,3
-1.1988,0.63686,-0.79043,2.319,0.72845,-0.013583,2.3313,1.9926,3
0.64408,-0.22704,-1.033,5.8248,5.7161,2.6087,5.3059,-0.63387,3
2.9736,-0.17409,-1.3529,1.7415,1.4909,-2.8626,3.3269,1.806,1
2.1391,3.6634,6.3535,5.3379,3.0632,5.6039,1.6727,6.7723,2
-1.3695,-0.41142,0.036509,-0.24926,1.5848,-0.92669,0.66889,5.3922,1
2.2503,0.29112,5.9508,2.4184,2.9838,0.92578,0.6113,5.3298,2
0.39117,-1.3701,0.98279,-0.91316,0.14253,-1.1715,2.3782,6.9276,1
0.1729,0.25144,3.7958,3.2103,2.5377,-2.0401,-0.34568,7.3504,3
0.56593,4.1616,4.5203,3.0331,5.67,2.9751,8.5073,2.2766,1
0.045512,-1.1565,2.3144,2.9018,4.5278,1.2252,-0.38359,1.7981,1
1.8577,-4.1254,-1.3182,-1.8374,6.4025,3.6804,-3.1367,6.8899,2
2.2739,0.49245,-1.2785,-0.007144,-1.6163,-1.2324,2.1121,0.10227,3
-1.6586,1.7364,0.82525,-0.6895,3.5844,0.12412,-2,0.1176,1
2.6961,2.8769,-0.2949,1.6912,4.9607,6.8956,0.38906,6.2227,2
0.60125,0.71839,-0.93076,-0.24076,0.36399,2.3368,1.6678,1.5299,3
-2.1949,-1.5523,4.5044,1.3281,-1.5481,14.839,1.7202,0.25717,3
3.5376,0.19997,0.97068,3.3827,3.3279,-2.5351,-0.63328,3.3061,1
-0.83881,6.4671,0.38685,2.5881,-0.25588,8.4542,1.1074,-0.052364,3
-1.5265,3.6893,6.1713,-1.0009,4.8565,7.2738,-4.1594,5.9741,2
0.92126,3.6236,6.0747,2.4043,4.8795,5.5359,3.2325,1.8009,2
2.2406,-2.6471,2.3885,-1.4473,3.5127,1.7055,3.9312,-0.70658,3
2.1966,1.8319,-1.7364,2.0271,0.21917,-2.6226,-0.004039,2.288,3
-1.767,-2.4664,6.4997,0.009265,-1.6397,8.2725,2.3093,-1.7491,1
-2.3594,1.0786,3.7903,-1.9973,0.85275,-1.1572,1.2713,5.3293,1
-1.0685,0.90806,-0.49274,0.95653,3.6912,-1.7699,-3.678,-0.55274,3
-0.19952,-0.46723,0.089837,4.3949,-0.32579,3.2045,4.3158,-0.45565,3
1.5935,4.3866,-0.9531,-0.27632,0.13128,-3.48,15.244,1.3739,1
1.523,-1.302,4.7808,-3.2515,6.9959,9.5218,-2.7905,3.9922,2
1.3416,3.2504,6.0439,-1.3956,6.6461,4.4818,1.1636,2.2535,2
2.6695,0.48918,-0.58986,1.0445,1.1662,-4.7769,7.763,-1.3128,3
3.9466,2.3264,2.3463,3.3729,-0.41657,1.459,-2.0061,-0.87435,1
-1.2024,-1.4776,1.9339,-1.4082,3.8446,2.6483,-3.248,-0.82637,3
1.7463,3.6455,4.5257,1.5103,4.2125,3.3058,2.9344,4.7454,2
0.5435,2.7686,2.9845,-4.9348,3.2131,1.6087,2.1891,7.8003,2
3.3365,-0.25964,-1.4618,1.3466,-0.56785,1.0307,1.2519,-1.3657,1
1.1906,1.9444,2.4172,-2.6195,4.0609,4.7354,-1.0534,3.5938,2
-2.3435,-2.6033,-0.24638,-0.75825,2.4211,-3.2808,-4.6151,1.0171,1
0.35078,-1.4977,2.776,-0.28871,0.49848,8.7165,-4.9201,-0.92142,1
-0.59278,1.3208,-0.23806,1.293,-1.1544,16.572,1.1178,-0.39629,1
0.27514,1.9313,2.4382,0.79146,0.38484,4.1634,-2.3234,-0.74242,1
1.9221,3.4547,3.7066,6.567,5.9139,2.0149,0.75827,5.439,2
-2.4719,-1.4609,7.6995,1.4825,7.4043,10.546,1.7348,1.3874,2
1.1513,0.059694,6.1601,1.6547,5.0974,7.2794,4.8942,5.0942,2
1.4261,0.72552,-0.64456,2.1474,0.60065,-3.4617,-0.78326,-0.39991,3
0.68938,2.5087,-1.5546,6.1486,1.3033,-0.64837,-1.0521,0.49443,1
0.16127,0.67364,0.94005,0.79577,0.12802,3.1226,16.163,2.3226,3
-2.4915,-2.134,-1.1868,4.2615,2.6772,-1.7989,9.1787,0.66499,1
-1.4066,2.0538,2.2007,1.7911,1.7791,-1.9405,-2.6208,4.5302,1
-1.839,-0.75042,0.98919,3.7644,-0.14178,2.222,1.6919,-1.1549,1
3.7671,2.5799,5.9486,-1.2535,6.4454,9.1872,-3.2166,7.2708,2
-0.68269,-2.5128,-1.3435,0.30422,3.9185,-1.8959,7.8081,-1.0023,3
1.6136,-1.1502,4.4054,4.9586,3.8779,7.9374,2.7805,6.3655,2
-0.82819,1.3299,4.8999,-1.1122,-1.2287,3.7775,14.298,-1.1927,3
-1.2154,0.92893,1.1374,-0.53339,2.1308,8.2385,1.3664,3.2164,1
2.8114,3.5801,0.33485,2.2286,1.9531,4.6979,-0.72666,-1.6415,1
1.178,2.2979,5.1456,-0.38621,3.9963,7.9302,0.10279,6.8065,2
-0.76424,2.2814,-0.49365,-0.78396,0.58293,-3.2511,0.16483,0.77198,1
-0.87526,-4.9533,3.0444,-1.2534,7.2096,3.2162,-1.6193,7.5919,2
-0.40697,-1.2282,-0.76033,1.2921,3.2934,3.3826,4.1261,-1.2576,1
-2.1834,0.54557,6.677,-0.66353,6.876,-5.4432,-0.26775,4.9338,2
-0.55734,-1.0122,0.60601,-1.638,1.8135,1.2542,10.73,0.19114,1
-4.3944,1.7034,6.7421,-2.5651,3.3229,8.078,-4.0922,7.0914,2
2.0845,0.23986,-0.75945,1.3651,0.66596,5.1058,6.4074,-0.62025,3
2.2076,1.1178,6.178,2.342,7.5949,1.1182,-1.6455,7.0426,2
1.3412,2.9224,4.5312,0.72285,-1.7522,6.4049,0.84306,7.0523,2
-1.1765,4.9913,1.4488,3.9295,-0.6573,-4.8809,-1.4815,-1.3545,3
-1.1053,-1.5676,1.1271,2.743,-1.8001,6.9547,-0.58178,0.37349,1
3.2548,2.4758,6.0908,3.5246,5.6875,-3.2674,2.0539,4.6234,2
0.26472,-2.2843,1.27,1.7554,0.24802,3.0347,3.0273,-0.84739,1
-0.35727,-1.002,0.53705,-1.4882,3.136,0.15987,2.7502,-1.9717,1
-2.3687,-1.0702,1.6947,-0.98369,-1.1183,-1.1893,1.9178,0.33381,3
-2.9921,0.99277,9.0866,1.9382,1.2938,-4.6023,6.7723,0.85285,1
0.55538,0.02186,0.18543,-0.17041,1.4851,-1.3604,1.7281,-1.9109,3
-2.6276,-0.17003,-0.5287,-0.68113,2.655,4.443,-2.0081,-1.148,3
0.76252,-1.9715,1.9008,2.0982,5.1983,-4.0372,-1.3022,0.35094,3
0.013116,-0.51725,-0.24641,0.73389,-0.6221,-1.7886,-4.5331,-1.8485,1
-2.2807,1.894,-0.73898,5.097,7.7587,10.716,2.1816,6.2872,2
-2.0053,1.4393,1.1135,4.6292,3.6241,2.9902,0.94094,-0.98572,3
-0.6795,-1.1781,4.8589,0.7106,3.6877,-4.256,10.026,1.6007,1
-1.4953,0.42913,1.8891,-0.89052,-0.062733,4.4098,-0.17247,0.38131,3
2.1184,-3.1839,5.7196,6.1186,6.1195,6.9711,-1.6443,6.5213,2
0.094095,3.1059,5.6581,-3.3523,6.2959,0.16987,-4.8238,6.6156,2
-1.9067,2.2547,7.3424,0.67582,6.4909,5.4207,3.2209,6.6132,2
1.2267,-2.902,3.1135,1.9063,1.1224,-2.9378,-3.6663,5.0147,3
-1.1951,-2.2691,3.7173,-0.68382,0.83411,-4.5343,0.5112,2.0935,3
-0.8533,2.7221,1.5133,2.0512,-1.0168,-0.006646,-2.3665,-0.53131,3
2.4267,3.6332,2.1685,0.75655,4.9138,8.6494,-0.47447,3.8475,2
-0.81392,-1.1878,0.94929,-0.04587,0.36848,2.0046,-3.6103,1.1843,3
-2.1492,-1.961,3.0564,0.61182,0.62423,2.572,4.5055,1.4723,3
-2.0542,1.6042,3.9084,0.58213,7.0807,8.012,-0.44266,4.9182,2
1.7046,3.1193,4.3013,3.5701,4.5925,-6.7022,-0.24728,0.62868,2
3.5279,2.0352,4.5947,-3.7858,4.7185,7.9949,-3.7811,0.78437,2
3.0485,-2.6054,-0.59627,0.15445,-1.8619,0.75625,3.8524,0.75085,1
-0.6765,0.12475,0.30526,3.8079,-0.41877,-1.5188,-1.0669,-1.6338,3
-2.2682,-1.5274,1.4192,2.9048,1.7491,8.8594,-1.4438,-0.98019,3
-1.2265,0.83103,0.32722,4.6076,1.3195,-1.9831,6.5445,0.15359,1
1.3062,-2.5759,3.3467,-0.94216,4.1658,-2.5527,2.6871,-0.3162,3
1.1699,-2.5919,1.3495,-0.22957,-1.4976,-3.4661,2.2162,1.2007,3
3.3613,-1.0991,0.15851,0.67399,4.8496,10.575,1.0576,4.8575,3
-2.5257,-0.99992,1.9306,3.2954,0.45007,8.2909,-1.5313,3.8461,3
-1.4661,6.6156,3.2513,-0.38836,2.7544,-0.77769,2.4462,-0.87098,1
-0.94422,-1.9044,-0.1487,-1.0061,2.1642,2.0379,0.022799,1.8541,3
-0.90822,0.15535,0.77349,1.7792,-1.657,3.8421,-4.1987,-0.61882,3
-1.2319,0.83413,0.42851,3.9284,0.45404,-0.39579,-1.0984,0.75009,3
0.86527,2.1126,6.7263,4.4645,5.8265,3.7053,1.9067,2.9297,2
3.6226,1.8284,6.3542,-5.1201,6.9466,4.1773,-2.8064,7.1637,2
-2.4682,0.54572,0.7627,2.8303,-1.2525,-1.6974,-3.5214,1.6203,1
-2.5359,-2.3209,2.5423,-0.1394,-0.27526,3.0382,3.8204,2.1774,1
1.5191,1.6884,0.92647,2.5344,6.9333,8.8525,1.7255,4.5119,2
-2.1326,1.7732,-0.64701,-1.7553,0.72312,-1.1554,0.74296,-1.1326,3
2.663,2.5827,5.2335,-5.1184,4.8872,-1.8767,-0.069343,6.2843,2
-2.9057,1.2689,0.45912,1.2428,-1.2684,-0.76453,-1.322,0.50301,1
2.5817,2.4927,-0.91834,-0.33469,2.2103,-4.9383,4.105,1.1762,1
3.1702,3.6629,4.1085,1.913,6.7534,10.608,2.8525,4.4788,2
-2.5167,-1.5225,0.89296,2.2127,-0.022654,2.2387,-4.8524,1.56,1
-1.4011,0.23931,-1.1528,5.0463,2.8269,-0.004035,2.1304,1.7368,1
1.8874,0.61547,0.55762,-7.1839,6.9697,8.2065,-0.41518,5.6038,2
-2.5115,1.1092,-1.527,1.7721,-0.38852,4.8833,6.7891,0.34594,3
0.048435,-1.3125,0.027617,0.51056,4.0671,2.5435,0.85346,0.11599,3
-1.7412,6.5601,-1.4413,-1.2544,4.242,-3.584,-0.36032,1.4844,1
0.90917,-0.62208,6.0846,-0.61057,0.001899,6.5575,-0.80451,6.1606,2
0.20027,-0.47049,5.1895,-1.5217,8.201,-2.0129,-0.80711,-1.5878,3
-1.0964,-2.3712,2.8747,5.4922,-1.5251,-1.5559,2.8314,-0.92391,3
-1.4785,-2.6129,-1.6901,-0.6759,0.2289,-1.4097,4.874,1.0131,3
-1.862,0.5657,5.0003,-3.1683,6.9981,-0.23501,2.5246,6.0659,2
-0.29279,-2.2699,1.0554,1.2018,-0.27564,-0.065069,-4.5075,2.8109,1
-2.5458,0.28567,2.2306,-1.1919,1.3483,-2.1795,-3.6386,0.77136,1
2.4538,2.8915,2.2082,2.3901,0.89743,9.9536,-4.8131,2.9688,2
2.4028,-0.65804,-0.6138,0.5199,-1.258,-1.8103,2.0659,3.4341,3
-0.70548,4.3954,3.0616,-1.1403,5.8741,-0.06263,0.63912,4.1913,1
3.5465,-2.0665,2.5254,-0.18561,1.1432,-3.7002,-1.0501,-0.67994,1
2.5469,-1.4211,4.9808,-0.19357,5.0274,-2.889,3.9748,-0.049928,1
-2.2989,1.5698,-1.3131,4.5432,0.95458,3.822,-2.9743,-1.7857,3
0.34102,-0.88415,1.8034,2.9516,-0.48843,2.207,-1.9104,0.81102,1
-1.7256,-0.54406,1.3677,4.2765,0.82534,2.7599,1.7503,0.71656,3
-0.96275,1.0538,0.21596,-1.6651,-1.0359,8.689,-0.62328,3.9319,3
2.1872,0.17599,6.4783,-4.2186,3.0006,3.4331,2.2947,4.2543,2
-4.8088,1.6478,5.37,4.3485,6.0699,7.3611,0.4389,5.023,2
0.74292,-1.9874,-1.7341,-0.46277,0.39924,5.5931,-0.55955,-0.19198,3
5.1741,4.0764,-1.5253,4.005,6.7954,-4.3871,11.403,-0.85335,1
1.224,-1.524,-0.25583,1.8465,2.829,-0.043043,-4.9414,-0.29481,3
5.9856,-2.0989,-1.5149,0.32046,3.0179,1.1295,6.3987,1.2819,1
1.1004,0.69112,2.4389,-1.1947,-0.9002,2.7891,8.2383,-1.1324,1
1.0821,0.034662,7.8348,0.1146,4.7893,5.3311,-1.4192,4.3885,2
-1.0787,4.4892,-1.236,3.1283,-1.0256,-2.1238,-1.618,-0.63275,3
1.2713,-0.20914,-1.444,0.93237,-1.1929,9.1491,-2.2427,-0.84928,3
-1.9229,1.3244,-0.89265,2.7398,0.34762,1.5829,-1.0096,1.7199,3
-0.50544,-1.6043,-1.2223,-1.1066,1.579,10.392,12.801,-0.79573,1
-2.2685,-0.15958,1.2217,-0.93766,2.9923,5.0172,4.0583,5.2022,1
1.0532,2.9999,-1.2041,1.3374,-1.5133,2.0082,2.8795,1.8424,3
0.64817,-0.2787,0.38044,2.487,3.9844,1.4825,-3.3473,1.6771,1
-2.3426,2.4968,0.62188,4.1579,-0.83026,0.42296,-1.4589,-0.43764,3
1.4319,0.56896,0.043934,1.6122,-0.38863,8.8104,2.2867,5.6183,2
-1.9008,-2.8056,-1.8265,0.74314,0.63113,2.2862,-0.70855,-1.2892,3
-1.0503,-1.7655,1.242,1.3775,0.23166,-3.7326,-3.0865,0.84381,1
-2.7208,4.6255,2.1248,3.7197,0.91793,-3.0133,-3.2355,0.36801,1
-1.6104,-1.4014,-0.36995,6.8613,2.4783,8.2637,4.9194,1.2821,3
0.088001,-0.31522,5.7646,-3.2452,5.4428,2.5603,2.3519,5.6219,2
-0.082591,1.0553,-1.4154,5.9633,1.4372,-2.7542,-4.1426,4.6439,1
-1.3102,1.985,1.1631,4.3175,-0.90609,7.4429,8.297,-0.3109,1
2.3466,-0.001476,-1.8598,-1.2618,0.67112,0.81213,-0.98113,-0.95186,1
-1.7714,3.6063,2.1602,-1.9498,-1.6412,-1.8324,0.18181,4.914,3
3.2089,2.5775,5.0759,0.26211,7.273,8.5128,4.0067,5.6162,2
5.1874,-2.0486,1.5103,-1.0138,4.3797,-0.89963,3.3505,2.3982,3
2.8116,-1.1188,-1.4563,3.2327,-1.5422,1.4304,-0.017948,0.68987,3
1.3406,-0.80004,-1.3331,-0.44618,0.40745,-0.40141,-3.552,2.6811,1
-0.45461,0.49534,1.6709,0.39675,4.2542,-1.5855,11.506,0.36381,1
1.3457,2.8906,4.7801,3.4738,2.9313,5.6726,3.1877,0.98189,2
-0.99814,3.6301,4.227,-5.3003,2.7144,-0.99737,3.5851,6.8946,2
3.5575,-0.8498,-1.5354,2.7124,7.3388,-1.0435,-4.2204,-0.97762,3
-0.95337,-0.32197,0.33896,-0.18867,0.50773,1.2719,3.2737,4.788,3
1.7071,0.87638,2.2891,-0.94542,4.0664,-2.5241,-2.0115,-1.6094,3
-0.36827,-1.879,-1.6362,-0.35808,1.9668,3.0359,2.4808,-1.4016,3
2.0533,-2.1339,3.9088,2.9274,0.21929,2.4403,-4.8648,3.0458,1
5.1375,-1.5233,1.111,0.24611,-0.072428,-2.2613,1.0164,-0.32297,1
-2.7358,6.2616,1.3778,2.0902,1.1927,-1.1481,-0.73478,1.6292,1
-0.019268,3.6199,4.5477,5.1957,5.1599,9.5391,3.0384,5.7642,2
0.80375,1.5924,0.64629,0.18668,7.3534,1.2814,-1.3316,1.5778,1
2.1222,0.44048,6.4956,1.6212,5.6418,4.2335,-2.1885,4.9677,2
-1.5316,-1.9483,-0.51282,3.0534,1.0665,0.48139,3.7859,1.5537,1
-2.5193,-0.88535,3.8758,0.089429,-0.50011,0.68822,9.8069,-0.022003,3
0.74048,-0.27273,4.1097,4.4224,2.9872,3.6947,-0.5229,6.1159,2
3.2442,1.5422,5.0486,1.0641,4.0054,4.9983,2.4175,7.6255,2
3.5307,0.60679,6.0105,-6.3964,6.7204,-0.54362,2.8892,3.3254,2
3.047,3.4424,4.1981,-5.2067,5.672,8.3373,2.9074,4.5302,2
3.9209,2.2851,1.9802,0.76765,5.6239,8.2438,3.801,7.208,2
3.2993,2.725,7.0774,-6.8128,5.1489,4.8831,2.5461,5.1459,2
2.7394,0.4517,0.33958,-0.083347,5.4252,-4.0056,4.2242,0.27101,1
5.9856,-2.0989,-1.5149,0.32046,3.0179,1.1295,6.3987,1.2819,3
3.1937,-1.6284,1.6789,3.8536,0.66345,-3.7409,1.158,-0.83496,1
2.9849,3.5127,3.5626,3.0308,3.2178,8.1001,4.8001,3.8532,2
1.2107,2.0722,7.719,3.2523,7.6624,10.744,2.155,6.3351,2
-2.0781,0.7834,1.8773,0.88495,1.1612,-3.6686,-2.6884,2.158,1
1.6205,-3.7993,2.7079,-2.8632,5.2106,1.9195,4.7335,4.3064,2
-2.7678,0.55166,-1.7712,3.5717,1.6664,1.0789,0.7901,-1.7438,1
-6.676,2.9217,7.1636,1.4179,7.3126,5.3396,-3.3807,2.7963,2
2.044,0.25964,-0.63104,2.6598,1.5957,6.1546,-2.8901,-1.0575,3
2.4078,1.4902,5.5754,-1.1852,6.4731,10.668,1.5517,3.8304,2
0.036941,1.8422,2.4493,-0.99185,4.0039,-4.2047,7.2892,0.13076,3
1.0748,-1.4205,-1.7651,1.9732,-0.099033,1.9838,1.5574,2.3094,1
-2.1415,0.30908,7.3245,-1.3813,5.0456,5.8024,-1.7625,3.1102,2
3.1633,-2.2488,-1.7821,1.6998,-1.3472,-1.5258,-0.1891,1.0493,3
1.2658,0.3239,3.7305,1.2188,7.3703,10.499,2.5603,2.2046,1
0.31758,1.4512,7.4272,-2.941,4.4303,8.9586,4.2929,6.8146,2
-1.7817,2.0409,4.8506,0.17218,1.377,3.1531,-0.00232,1.1782,3
0.94301,0.95821,0.94424,-0.22065,0.52667,8.7707,5.3842,-1.2267,1
3.9938,1.91,7.5952,5.3126,7.2331,5.357,1.5942,5.0312,2
-2.4068,-2.0083,-0.057623,-0.050288,2.8416,9.8454,6.7949,3.7296,1
-0.32587,0.83046,1.97,-0.024747,1.9687,-3.5742,-1.2521,0.89445,3
0.18927,2.0399,4.2715,2.3417,5.8551,7.139,1.9561,4.5397,2
0.45557,0.5377,0.52106,7.1553,6.1942,3.8485,2.7548,-0.16108,3
0.083152,-0.062449,2.1149,1.9955,4.1351,4.1802,1.9464,-0.52783,1
-0.52373,5.8488,-0.71822,2.6565,-0.20254,5.4239,9.0893,-0.49296,1
0.53246,1.0424,3.8591,5.3902,3.1118,7.9886,4.0764,4.3037,2
-0.77621,-1.5745,-0.58646,-0.84282,-0.66834,-0.64496,-3.7291,3.2726,3
-0.40169,3.1577,6.9526,-6.8261,6.6899,5.5151,1.6075,3.098,2
-1.0408,-2.1932,-0.61324,0.27892,0.79954,3.0376,-2.9373,-0.51643,1
0.12182,0.91438,0.40084,6.0472,-0.075881,0.50443,1.0418,1.2604,3
2.557,-1.125,-1.3418,4.321,-0.93687,-1.3928,3.7276,3.7379,3
-0.40205,-0.6493,1.23,1.369,-0.006991,-3.9108,-3.406,-1.5083,3
1.6318,-0.72099,0.40358,-0.73505,1.0759,-3.2931,-3.1952,4.2355,1
2.4589,1.5681,5.0022,-7.7338,5.1069,7.9681,2.5796,4.0321,2
0.31301,2.2786,-0.43926,1.4651,-1.0739,5.0201,-3.5168,-1.2122,3
-0.7386,-0.52415,4.0679,0.7345,6.3474,0.81598,-0.6054,0.52738,3
2.137,1.2362,-0.59125,-1.7047,1.6962,-1.7714,2.9191,0.26692,3
1.24,1.8518,5.5389,4.568,5.1885,6.2031,-1.4418,6.2851,2
-2.0815,-0.17168,6.4676,0.83769,-1.5116,-4.2716,-3.0644,-0.98241,1
-2.5987,-2.7974,3.4263,0.2344,-0.77077,1.5736,-3.8805,-0.88078,1
-2.6114,-0.77147,-1.207,-0.49934,0.23254,2.2967,-0.32361,3.0368,1
-0.12437,0.062555,-0.39515,2.8236,-0.19615,-3.82,6.2367,0.017735,1
-1.3422,1.8317,1.5479,-1.2736,2.7417,-3.3048,3.6674,-0.90929,3
-1.307,1.9868,0.58329,1.8315,0.094658,1.5281,3.4583,-0.347,3
-0.040838,-1.3682,2.0862,-0.36856,-0.36071,1.8541,-0.8305,3.5227,3
2.6998,-1.4305,2.7163,0.75543,4.3438,7.98,-0.77684,3.4653,3
1.0659,1.2981,-0.64425,-0.29692,0.36826,0.064152,-3.2291,-0.18869,1
3.1731,1.7919,6.1729,-9.4231,1.2203,2.3348,0.15197,5.6214,2
3.531,0.085801,0.2772,3.16,3.5327,0.36866,-4.6234,-0.35056,3
1.3078,1.3969,5.0561,5.2594,3.9396,4.2279,3.6778,5.3009,2
1.1237,0.2743,-1.2539,-0.029232,1.8533,-3.2068,5.7323,-0.40415,3
2.8446,2.204,6.8238,5.1864,4.9403,6.7688,0.14067,5.7515,2
1.2999,0.66207,-1.6167,0.96222,-0.88336,-1.6002,-2.696,1.4725,3
2.0897,-2.4958,0.41163,0.025437,-1.2491,0.72116,9.2255,9.6551,3
2.626,2.6852,4.6614,2.929,6.2566,2.893,4.6471,6.3596,2
-1.3385,-1.1894,3.9303,1.3497,0.86474,-3.9225,-0.35827,1.9767,3
1.0016,-0.134,3.5768,2.5924,1.2187,0.7308,0.29121,-0.80789,1
3.8014,1.8016,3.6476,5.5872,-0.49608,3.2786,2.3714,5.1987,2
-1.7982,2.2659,5.7924,5.1849,2.0262,7.5857,-2.8193,4.9663,2
0.08132,0.92341,7.0133,1.4255,0.033007,3.8855,5.0001,2.2807,3
-0.21401,6.6898,-1.7857,-0.47933,1.1544,-3.0446,-4.1422,5.4421,3
1.006,1.1696,6.1602,-15.256,7.587,8.567,-0.14599,4.7923,2
-1.3881,-1.6922,-0.18588,1.8452,6.9885,9.5833,-2.7753,3.1117,3
-2.2798,-0.75526,0.56197,3.0321,5.2215,4.7024,-2.6412,0.35425,1
2.7375,1.6991,0.10042,1.9923,-0.47737,1.7163,3.5637,-1.8851,3
2.8741,-2.2442,3.9268,-1.6255,1.7276,-1.6834,-3.7984,2.6684,1
1.0038,3.0716,4.4791,-1.3713,2.4083,6.1306,1.8943,4.5779,2
-2.9937,-1.8088,4.6468,-0.33188,0.60593,-2.2572,-1.786,-1.2257,3
0.46569,0.318,0.36378,-0.95095,2.227,-1.6922,-0.21489,-0.81061,1
-2.1768,-1.4328,-0.20141,-1.1601,3.8914,6.1136,-2.4113,1.4175,1
0.085804,-0.085556,7.7374,2.5422,2.277,10.533,-1.3799,5.4806,2
-1.5749,-0.60218,-1.5953,2.4355,-0.39687,2.3261,4.5458,0.14017,3
-2.351,-0.74555,1.0849,-1.835,-1.0146,7.6975,-2.477,4.9681,1
2.0106,3.7457,6.5553,-1.3055,6.4391,10.464,2.5829,5.3222,2
1.6185,-0.30236,1.9907,4.4811,-0.59379,-1.3662,0.92469,0.35391,3
-0.70666,-1.2647,0.60724,1.109,-1.5134,1.1335,-0.17389,-0.055718,3
-2.3111,-2.4323,0.12756,-1.0337,3.4485,-0.77356,-2.0199,-0.51784,3
-3.9045,3.1255,7.1623,4.7417,4.6469,-5.4166,-4.0792,6.7537,2
-0.99473,-0.051334,4.2651,-1.6389,2.9119,8.5482,0.67911,2.2918,2
-3.9526,0.27001,4.334,3.1178,3.8508,-1.267,-1.3026,2.0169,2
-1.8571,-1.0821,2.4452,-0.033499,3.8071,-1.0168,2.1051,0.30872,3
0.76185,-1.4949,-1.8917,1.7793,-0.24021,-1.8926,-4.4535,1.1282,1
0.45265,-1.8549,-0.61454,4.4012,2.1452,0.74455,3.6008,-1.4765,3
-2.5463,-0.62921,0.72211,0.59238,3.1306,3.1344,4.4527,0.66058,1
2.6678,2.3798,6.5102,2.854,7.3098,7.8441,5.0004,4.9031,2
-1.4427,0.19051,6.0034,-2.7885,7.8088,0.30487,-0.42321,3.4591,2
-1.444,1.5305,-1.4374,2.6316,-0.82173,-1.8535,7.198,0.2264,3
-0.96422,1.6348,-0.53361,1.8282,-1.2018,3.2486,0.72187,6.0691,3
-2.4041,-2.1355,-0.49362,0.015683,-1.8928,2.3433,1.1043,-0.36793,3
2.6369,0.32985,5.341,-0.64369,1.0823,4.3023,-2.6716,0.4697,3
-1.8225,0.059643,0.95966,6.0509,0.58405,0.2592,-2.8804,0.61726,1
1.8718,2.7136,5.2301,-0.89102,4.507,10.377,3.524,4.7227,2
-0.024804,1.1537,1.3402,-0.16388,-0.8987,-3.099,-0.64568,2.8767,1
-1.4246,-1.195,-0.82233,3.0903,-0.08182,1.5797,1.8897,-0.34419,3
-0.66046,0.4585,4.6789,-0.38115,0.24516,-1.4703,0.92822,3.7811,3
-0.88604,1.0424,0.17747,6.0629,0.78326,0.11825,-3.6375,-1.5703,3
-2.4045,0.59447,0.57718,-1.9196,1.3252,-0.30457,6.0264,1.6751,1
-2.2479,-3.8884,5.9453,2.8361,7.0496,5.2089,0.55544,3.0328,2
0.073573,2.5759,7.7986,-6.3895,6.8217,8.4226,2.1358,6.5377,2
1.9223,2.1319,6.6408,-0.74925,6.7749,4.2262,0.74631,6.5633,2
-0.53162,1.2541,7.7961,-2.3983,1.4983,7.1883,0.58779,5.9807,2
-1.5568,0.9138,-0.56253,0.11355,0.4908,3.4104,1.0513,2.1569,1
2.0845,0.23986,-0.75945,1.3651,0.66596,5.1058,6.4074,-0.62025,1
-0.7085,-1.9533,-1.7533,1.171,-1.1762,-2.4824,-1.4285,2.9119,1
0.11676,1.3768,4.9233,5.6434,6.5644,9.2358,1.0678,5.9037,2
0.34311,-0.63972,-0.72107,-0.068242,-0.57294,1.0245,-3.3496,0.67594,3
-2.2122,2.6617,0.71253,1.2186,1.3139,-1.1172,0.60419,0.18579,1
1.5436,1.323,4.91,4.7947,7.7027,3.2259,5.1531,6.0062,2
-0.022066,-0.012237,-1.9538,-1.8149,0.36068,-0.85465,-1.0295,0.63736,1
2.9726,-1.6013,6.3595,5.9378,3.2648,9.5151,3.659,6.8997,2
3.9486,0.91153,7.3564,3.3608,7.283,3.3899,1.7414,7.4818,2
0.55919,0.7767,1.4962,1.6428,1.5307,-2.9673,0.88396,0.013845,1
1.1957,1.8952,6.3462,6.0948,7.2674,-0.77515,5.0594,7.6169,2
-0.80889,1.5389,0.70371,2.5754,-0.22665,-0.56876,1.3617,0.97235,1
-0.26212,1.9441,2.1403,2.0116,1.8467,-0.70114,6.2244,-0.2512,1
-1.6239,-1.5931,-1.4547,-1.1378,3.0498,0.67037,-3.7687,5.851,3
-2.6183,0.50948,7.215,-2.7477,5.4089,9.726,3.4497,6.4988,2
-1.8567,-1.7922,0.73761,-1.2493,2.0298,-3.8325,0.9103,3.5442,3
-2.1227,-2.3918,-0.28809,-1.9291,0.42566,2.7757,-1.427,0.81335,3
2.0714,1.1563,7.433,-0.9377,2.3885,3.1364,0.34386,5.8873,2
1.5691,3.3384,4.1775,1.238,3.3867,8.9567,3.1336,7.8155,2
2.4017,0.077889,-0.2759,-0.67712,1.0093,1.5512,8.2464,-1.2434,1
-1.8715,3.4956,1.4113,-0.67139,-1.3312,8.1069,3.2623,1.6009,1
0.15837,-1.5974,1.5174,2.6131,1.8765,8.9823,0.65873,3.5927,3
1.7498,0.58333,4.708,-1.0677,0.77851,8.5616,-1.3691,2.5709,3
1.5514,1.6924,3.8046,2.0406,6.4475,-2.8398,5.2847,7.4239,2
1.8913,-0.97637,-0.66678,-0.90426,-1.1255,8.5511,8.3325,-1.2743,3
1.2921,-0.99009,1.6493,5.2797,1.908,5.2845,-1.2554,2.7916,1
-1.2422,2.9855,6.9129,3.5437,4.0313,8.5608,-0.87222,4.6625,2
-2.0723,-2.0341,-1.363,-0.88458,1.496,-4.82,2.8784,0.62172,1
-0.67378,0.39799,0.12862,-0.57908,4.801,-0.80355,-4.0007,6.092,3
-7.4973,1.7534,7.246,-2.1701,6.2428,-2.9657,1.1581,7.7916,2
0.77466,-2.6044,0.33568,0.71285,0.63587,-0.95049,5.4433,1.6484,3
0.8411,1.9263,5.6078,-2.2336,7.1703,-7.585,2.6275,4.2208,2
-2.4114,1.3746,-1.3775,0.037907,4.4163,-2.9704,5.1096,1.8381,3
3.4958,-1.5712,5.2791,-0.46367,6.8745,4.4819,2.9605,7.3457,2
-0.75196,-1.0402,0.11458,-0.094519,0.084833,-4.6316,2.7938,2.5527,3
6.2409,-2.3579,1.0708,4.2678,0.094065,0.23768,-0.90392,2.6475,1
0.87851,2.9058,2.9047,-0.23745,2.2458,0.69656,3.5147,-0.39814,3
0.45506,-1.5125,1.0011,-0.74933,1.2653,4.5375,-3.9142,0.64474,3
-1.258,1.5508,-1.7649,-0.59073,2.9785,-3.348,4.2279,-1.6857,3
1.8205,0.86526,5.4596,2.8644,2.019,-0.51536,5.3303,0.88722,2
0.64545,-0.79432,2.8536,-9.7624,4.2305,1.165,3.5571,4.2946,2
2.2964,3.8642,6.5313,0.30052,5.8872,0.44244,-7.7349,5.2683,2
1.6895,1.6275,2.829,2.6,6.01,9.5538,3.9838,3.7264,2
5.1541,-0.98509,-0.48686,-0.33582,0.51875,-1.2178,-3.0444,1.6157,3
-4.173,0.098602,6.7603,4.0051,4.6575,1.6255,1.0914,1.0165,2
0.35467,-2.4513,4.3726,0.55921,-1.5565,8.6139,10.626,-0.39979,1
-0.63291,-1.983,5.322,-0.91466,0.66839,3.9511,3.6595,0.38099,1
1.9649,0.6155,3.2188,1.558,2.5187,5.4201,1.7311,7.86,2
-0.35576,1.4376,5.0002,4.0018,7.4892,5.4202,0.11697,2.125,2
-1.2859,-1.0463,5.9997,2.3656,7.4447,7.8512,3.9265,5.8089,2
0.97413,-2.1617,1.7146,0.17969,0.72958,-2.7933,9.8907,2.5653,1
-0.86931,0.67497,4.3132,-3.7114,5.7096,6.4025,-0.54356,6.3405,2
5.7383,-2.2006,1.5725,1.1345,-1.7778,2.1712,2.6676,1.7136,3
-2.3104,3.5506,-0.50296,-0.49169,0.78214,-0.25574,0.9823,6.2735,1
3.4796,2.8312,3.1137,-13.522,3.2544,4.7873,-4.9023,7.7895,2
-2.3535,-1.8207,4.482,1.5975,2.998,7.3033,-3.3607,0.62235,3
-1.6884,-1.9938,1.3951,-0.34763,1.3483,11.38,-0.81359,3.2113,1
1.0668,0.80249,5.9992,1.3381,6.4425,-0.19962,-1.624,4.8487,2
3.6104,4.4146,-1.7154,-1.1555,-0.15276,-2.9002,12.603,-0.68834,1
-1.3987,-1.7099,-0.72537,4.1098,-0.76106,-1.966,2.7877,0.53746,3
2.7576,-0.80996,-0.89228,0.27598,-0.86683,1.499,3.5668,1.0047,3
-0.30928,0.33434,0.006635,3.274,-0.57553,-0.92388,7.8435,-1.2203,3
1.0274,-2.4518,-1.4096,3.1469,-1.6277,2.962,11.334,-1.4043,3
-0.8124,-1.4535,2.9321,2.2795,2.8553,2.3764,1.3111,1.0751,1
-1.0293,1.1467,3.3095,-0.56684,2.207,9.241,5.7588,2.0058,3
-0.22652,2.4088,-1.2276,-0.049243,5.3146,-3.4401,-3.4125,-1.7518,3
-0.97096,3.2636,-0.51829,1.3945,-1.6963,3.7113,-3.5597,-0.65881,1
0.14841,-0.61207,3.7927,6.6459,3.9853,1.981,3.926,2.5781,2
1.6255,-0.38987,5.4011,3.6344,4.7686,7.4059,-5.6701,6.9411,2
-0.48737,-0.64525,-0.44903,0.4578,0.72949,1.3349,6.7414,2.3598,1
1.9254,-2.0216,0.57366,2.7127,1.0721,2.8334,-1.8872,3.4444,3
2.1556,-2.7967,-1.7406,4.6743,0.8928,-0.77099,-4.6169,1.7749,1
-0.74048,0.85907,5.1639,2.696,7.3669,-8.5621,-3.2804,4.0962,2
1.2366,3.2953,-1.443,2.9868,4.1411,-0.99242,3.0492,-1.5166,1
2.1229,-1.6974,6.1399,0.03822,3.7498,-2.7493,-2.1917,6.7248,2
-1.8571,-1.0821,2.4452,-0.033499,3.8071,-1.0168,2.1051,0.30872,1
-1.6149,-0.16997,2.7864,-0.029401,1.5601,4.6454,1.009,-1.1096,1
-1.7994,-1.1034,4.2859,1.8987,0.9069,-0.67349,-2.7529,-1.5587,3
1.6422,-0.55944,6.0782,-4.9249,1.9407,8.1536,0.9592,4.5772,2
-1.4161,-0.94797,5.9529,0.12899,0.25259,5.2286,-0.15621,0.68139,3
-2.6548,-1.4722,0.24973,0.51021,3.222,-1.2167,-1.2337,3.2152,1
2.3393,1.6169,2.8777,2.7749,6.0242,5.7142,-3.5469,2.2327,2
-0.62343,2.5898,-1.2594,-0.21757,1.8538,-1.784,5.3171,-1.929,3
-1.1953,2.427,0.74447,0.6698,-1.2469,9.1029,3.4186,2.0177,1
2.9875,-2.0009,4.4738,3.9932,0.78458,-0.6274,-2.5119,1.4172,1
1.7953,2.8535,6.3424,-0.81431,5.5514,8.0007,3.894,3.9368,2
-1.5258,1.0348,-0.4556,-0.74275,4.0238,4.1384,7.1669,0.98268,3
-1.3227,3.9408,6.2414,-5.5993,2.9362,6.0574,-0.9168,2.6454,2
0.41694,2.6587,6.2387,5.0909,2.2012,10.714,-0.76651,6.7011,2
-1.5633,0.87754,-0.23858,-0.16863,2.8057,-1.675,-3.9541,7.4704,3
0.43315,-1.9183,1.934,0.4986,-1.0959,-1.7299,-4.1665,1.8248,1
-0.95784,-0.91556,1.2797,1.0981,-0.20444,12.048,6.3474,-0.3424,1
1.0947,1.9396,1.061,-0.29171,0.045798,4.2091,4.3493,-1.9948,1
-2.2953,4.0175,2.4625,1.5572,2.1602,-1.2051,-0.73459,-1.0378,1
-1.8221,0.73242,1.4184,-1.7159,1.5239,-3.6288,4.832,-1.6055,3
-0.94244,1.9037,-1.7269,-0.21388,0.013682,9.1266,-2.7845,1.235,1
4.9075,-1.1122,-0.13238,-0.001775,1.2482,1.702,-1.8743,-0.093987,1
0.054396,1.0022,1.4907,-1.3961,1.6318,6.7983,0.095413,-0.34618,1
2.903,-0.7303,1.1382,3.0283,5.6775,3.6277,-1.0575,5.272,2
3.2851,-2.1713,5.0188,3.6847,5.8938,1.2081,-2.7982,6.9439,2
1.4675,2.3036,1.0529,3.2875,3.707,-6.7931,2.0376,7.1684,2
-2.052,3.9481,-1.4483,0.29272,-1.6242,2.0111,-0.95398,0.37259,1
2.0679,3.2816,0.55395,-0.28323,1.6607,11.148,10.073,1.2104,3
2.6582,0.47354,2.2032,0.80133,4.6826,8.936,3.0308,5.0039,3
3.1922,-0.87135,5.9318,-8.4274,3.7868,8.9104,2.283,2.2418,2
1.7388,0.4962,6.7934,-5.1527,7.8343,8.865,-5.5804,5.2513,2
1.0937,0.083816,7.6329,3.3057,4.5463,2.0151,-3.1183,4.5709,2
0.95852,0.99901,3.4508,5.4093,6.848,2.385,4.9908,7.7001,2
5.2736,0.52994,-1.5139,-0.138,-0.14211,8.2965,0.25529,-1.9764,3
2.7674,-1.2558,-1.3985,-1.4345,1.8807,-4.2725,1.0241,-1.1624,1
-2.5195,-2.0093,4.3382,1.4831,-0.42072,-1.896,-1.2937,-0.86935,1
5.809,1.1623,0.33948,-0.70623,-0.76373,-2.8786,1.7924,0.656,1
2.7622,2.031,5.6123,5.5932,3.7045,9.2121,1.3388,5.2234,2
0.43953,-3.9993,2.7371,1.4171,5.4302,3.0335,3.6856,0.53511,2
2.898,2.3257,6.7624,2.4804,6.9084,6.3093,1.7938,7.4169,2
-0.96922,1.5944,1.4533,2.1042,-1.4986,-0.63923,-0.85977,1.7768,3
-0.31534,2.9593,0.96211,-0.81826,0.88134,-0.69982,5.3602,2.4961,1
0.12832,0.11841,3.9307,-2.0546,3.7054,7.6443,1.3417,5.3678,2
-0.25325,3.3885,1.0421,2.0441,-1.5687,6.2075,-0.18117,1.1137,1
1.9306,1.5579,5.8516,-1.7624,7.3787,6.7736,1.1998,5.8781,2
-0.8241,-1.8352,5.5935,2.4465,7.7855,9.6469,5.5387,7.0931,2
1.3084,-2.367,-0.11279,-0.98299,1.9865,-3.2073,-2.2511,-1.3019,3
-1.0337,5.1379,-0.39717,3.4547,2.4794,-4.1868,-0.7201,1.1397,3
-2.0826,-0.20162,4.9916,1.0334,-1.9393,3.7965,-2.9779,0.16506,1
1.2784,3.6805,2.6666,5.0021,4.915,-1.8462,-6.7025,7.003,2
3.9005,-0.71634,2.6905,1.0515,0.75267,-3.2844,-2.2199,0.64146,1
0.95514,3.8073,2.0752,1.0828,5.8091,7.459,0.98241,2.8446,2
1.737,-0.55896,4.5649,-2.5887,4.086,5.8336,3.0301,0.56731,2
-0.79115,-1.3026,-0.44258,0.89466,0.04955,4.652,-2.6073,2.1334,3
2.9774,4.6007,0.34114,-0.75451,0.009398,-2.0803,2.5227,-0.41746,1
-0.5918,0.22993,-1.6424,-1.3887,-0.000378,-2.8822,5.2282,-1.6086,1
0.21633,1.4532,0.86176,-0.22728,-0.94639,-0.10522,2.4316,-0.65441,3
1.1204,0.98578,6.994,1.0991,6.9918,9.38,-2.4297,4.1663,2
-1.4454,5.1649,-0.57644,-1.3219,0.53534,-2.8174,2.0693,1.9857,3
-2.9348,-0.92553,-0.35889,0.35301,0.45192,-0.070858,6.9124,2.6705,3
2.4192,0.26278,1.528,0.28016,1.2855,0.54605,-0.72016,0.86418,1
-0.91876,3.6214,0.78241,0.9251,1.9305,0.37559,-0.71899,2.7544,1
3.3676,2.238,2.0053,1.2344,5.1133,2.9296,-7.8201,6.2133,2
2.3506,1.2167,7.4144,1.3948,7.2801,0.32246,1.167,7.1384,2
-2.5041,-2.3825,4.6595,-1.3064,3.8653,1.949,3.1085,0.18403,3
2.2453,-4.6158,2.8416,-0.38979,7.2788,7.6049,-1.1106,5.99,2
-2.5219,0.40314,-0.24461,-1.6314,0.49039,1.4323,3.3386,2.3695,3
3.6245,2.6462,5.3398,2.9513,7.2252,6.9458,-1.3185,4.6689,2
1.3927,-1.9968,-0.55919,1.2931,-1.3408,7.3764,-3.2791,-0.34309,3
1.222,-1.3229,-1.6947,3.2514,0.26917,-0.28142,-4.3431,0.32545,1
-1.5729,0.86436,-1.2042,1.953,0.57933,14.959,-2.0579,0.16846,1
-1.7966,2.4503,6.486,0.78597,5,6.0329,-6.6569,5.5516,2
4.9907,-1.3075,2.4532,-0.60991,-0.11889,-1.4108,3.1219,-1.6959,3
2.7909,2.324,6.8054,-0.78847,6.499,9.3207,-1.5928,3.0315,2
3.0641,3.0323,6.4136,-1.1988,6.9298,5.9088,-3.6125,5.3997,2
-1.076,0.37096,2.6129,3.3558,5.2319,-3.0954,4.3272,-0.20595,3
-5.3572,-1.1831,5.7982,-2.4691,6.8034,5.8361,4.3748,5.6839,2
0.39803,2.4616,2.1281,5.2677,9.5478,-1.9918,4.5218,1.4109,3
-0.055982,2.8723,6.2258,3.2993,5.9372,8.0021,4.5261,1.4062,2
-1.8043,-0.96566,3.1235,-0.89551,-0.29726,-2.3995,-0.005144,0.46497,3
0.45632,-1.0646,-1.3079,2.7631,0.50995,-1.9215,4.1637,1.9157,1
-1.5995,-2.8807,-0.69745,-1.434,-1.596,-0.25709,3.9563,-0.52154,1
4.4022,-0.75149,0.94702,0.71617,1.6972,7.7193,-3.5332,2.4126,1
2.2164,0.99406,5.2537,-1.0466,6.7279,-2.5013,4.0598,6.9544,2
-2.3612,0.013766,3.6525,-0.57292,-1.3146,3.0368,0.78232,3.3878,3
-6.7566,-0.42428,6.7433,-2.4819,6.1768,8.3262,-3.4998,2.5959,2
-0.60869,1.3418,-1.4516,1.0263,5.2739,2.0269,5.5278,2.8417,1
-1.8482,2.7322,0.20944,0.97343,0.76806,-2.3195,3.1017,-1.1764,1
-1.9489,2.0307,1.2631,-1.348,2.2257,-2.1247,-3.8215,-0.67267,1
-2.1415,-0.082404,1.8524,-0.8821,0.23591,11.325,10.607,-1.2696,3
-0.007421,-1.4634,3.2873,-1.0811,0.22699,-4.6792,1.2256,5.2426,1
1.8626,2.6527,6.9746,3.6537,5.5089,9.9613,-2.1773,3.5738,2
-0.25141,1.7179,7.3513,3.5837,7.1448,0.13278,-0.48589,0.36719,2
2.2609,-5.7616,5.823,2.5293,3.7382,5.7519,2.9092,4.2105,2
1.2405,4.3814,6.5145,-1.0193,5.2843,7.9768,3.1358,2.1059,3
-1.4719,-0.63276,2.251,0.97916,-1.3599,-2.4155,2.7766,3.0143,3
-0.59229,0.28748,3.0591,4.4354,5.5913,6.5812,3.9033,5.5962,2
3.4788,2.4444,7.0698,0.31989,4.6434,-1.7283,-4.8636,4.4036,2
-1.6537,-2.727,-1.4231,1.5716,-0.48198,6.3882,-2.7126,-0.98516,1
0.58463,0.61633,5.6588,3.8757,4.2144,5.6622,-1.967,7.57,2
1.7401,3.2642,6.1201,2.8085,6.139,4.9714,-1.8275,2.456,2
-2.0753,2.7154,0.081818,-0.94527,-0.13655,13.034,-2.2603,-0.3302,1
4.5587,1.4479,2.7094,-0.47756,1.0586,-1.2673,-2.5855,3.5558,1
1.2193,2.1863,5.9342,1.1685,7.2078,7.3542,5.2338,6.5625,2
-1.0123,-2.1009,1.1479,0.087804,2.8373,-2.3021,0.93046,-0.72079,3
1.0183,-0.17697,1.463,-0.61385,0.36534,3.1638,10.001,1.9778,3
-2.7875,-0.28632,-0.72318,0.007882,2.7964,-1.1346,-2.1417,-0.86867,3
-0.30454,-2.5938,0.46633,0.59616,2.7968,8.051,-2.7704,1.1427,1
-2.6587,1.7264,-0.33331,1.9591,-1.3176,2.3961,4.0491,-0.9892,3
3.6513,-1.19,1.6204,-0.90352,3.0952,9.1946,5.227,0.64873,3
-0.61135,-1.8344,-1.5219,-0.3542,-0.24664,3.393,-0.65777,0.28162,1
4.5636,4.0165,1.1667,0.34848,0.53391,-1.1555,7.3337,3.5775,3
1.0848,1.2266,5.9831,6.5307,7.0728,3.0449,4.9724,5.2553,2
-0.66447,-1.4212,4.6279,0.50538,5.7672,3.5991,-0.9699,1.1534,2
3.7904,1.5844,5.1934,-9.4922,4.8353,9.5433,5.1787,0.47948,2
-0.028074,3.3721,1.8127,1.719,1.4193,5.3583,10.4,-0.94519,3
6.6737,-0.33646,5.3647,-0.61424,0.17243,-1.6655,-4.5583,-1.5329,3
2.0237,-0.054485,3.3946,1.1136,7.609,-6.8741,1.0787,7.167,2
-0.66016,2.665,4.0397,-0.92016,4.5477,8.064,0.015468,7.1122,2
-3.135,1.6394,2.9909,3.9337,2.1952,10.076,1.7645,6.8744,2
-2.1116,-1.9675,-0.50341,-0.59412,-1.3896,4.1835,-4.6514,3.3493,3
1.0444,4.0821,2.1195,0.49343,-0.43915,-4.0629,3.7559,1.4018,3
-0.47095,-2.3564,3.755,5.073,0.8794,12.665,-1.3453,5.135,1
5.9619,-0.60471,-0.35694,-0.19157,-0.96884,-1.6867,7.8521,-0.005236,3
0.1442,1.3173,-1.0189,-0.085165,2.2323,1.6568,11.007,0.26468,1
4.9907,-1.3075,2.4532,-0.60991,-0.11889,-1.4108,3.1219,-1.6959,1
-0.97031,0.93776,2.7071,4.5224,6.4257,4.5076,3.0159,5.7254,2
-0.84007,1.2819,5.2175,-0.4396,-0.31952,7.426,2.812,5.3706,2
-0.61598,2.3142,7.3719,0.76945,4.5354,5.3408,3.0491,3.0725,2
0.89485,0.8058,-1.4433,0.96693,-1.4225,4.0504,-0.36334,1.599,1
1.8143,2.8864,7.3502,0.26202,4.5218,-4.3623,2.8623,5.7614,2
-0.5234,-1.551,-0.008459,2.9529,-1.2054,-0.2819,0.75756,-1.0258,1
2.8607,-0.55814,2.5473,3.8976,7.5183,9.7876,-3.9285,0.11361,2
-0.54675,2.8135,3.9529,-3.3453,5.7742,8.2342,1.3236,5.486,2
2.4284,1.8336,4.8829,-0.45813,6.6656,4.5892,-0.72375,5.2952,2
-1.4008,1.6078,-0.96252,0.57559,0.68218,-0.070807,1.9556,3.3383,1
0.84072,-3.2401,6.0906,-6.0743,3.2667,1.9671,-3.3809,7.4349,2
0.93601,0.7935,1.0904,-0.33956,1.074,8.0098,2.7574,1.9596,3
1.8324,0.47965,6.1833,3.9384,3.1156,-3.8398,-1.9591,2.0303,2
3.7263,-0.67622,5.3011,4.8635,6.8526,7.4948,2.2908,6.5931,2
-0.91512,-0.23462,3.9624,-1.101,1.5814,5.8968,1.1407,0.20538,3
1.1334,-1.4691,-0.16281,0.57831,1.1383,-0.80553,-3.0849,3.9305,1
2.1591,2.6005,2.825,-2.0957,0.56902,5.697,3.716,5.5915,2
-0.26206,2.5618,4.2418,2.6363,5.1168,4.7555,3.0689,3.3761,2
4.5111,1.8139,1.7398,-0.46022,1.1656,3.4751,-3.5428,-1.2618,3
2.7356,2.6252,4.2852,-1.604,2.0677,8.3529,3.7394,3.7608,2
-1.3753,2.3848,6.9761,-0.88763,5.9081,3.0187,4.3141,6.7286,2
-1.9886,3.2254,-1.1057,0.53641,-0.29789,-1.3655,-3.2153,0.86594,3
1.6361,2.5152,6.4919,2.6277,1.6635,10.201,1.6593,1.9445,2
-0.13999,2.1742,-1.1701,-0.97414,-1.8989,-3.7719,15.342,-0.58781,3
3.9334,3.3415,-1.2258,-0.5153,0.037969,-4.0776,3.9085,1.3161,1
2.8414,-0.57185,1.4432,0.11529,5.6761,-2.2369,11.296,0.12914,3
1.2365,-0.75124,1.2294,2.7798,-0.31423,2.2617,0.85863,0.027914,3
0.52359,2.7272,1.7875,-1.71,-1.1409,-1.5087,-3.3167,-0.38588,3
1.75,1.9742,7.9998,4.5905,6.2548,-5.308,-2.7733,5.5076,2
0.59182,2.2954,-0.10691,1.2156,3.1294,-2.2022,-1.9765,2.4126,1
-1.2014,-0.69887,2.927,-0.88052,7.2636,-2.6451,0.2156,1.6381,1
1.4527,1.5861,5.4656,-1.1228,-1.365,-2.8298,-0.21624,3.2717,3
0.75956,0.74839,7.5382,1.2589,1.8055,5.0766,2.9981,2.3595,2
2.5851,-4.1424,6.1728,4.7997,4.9621,4.133,-2.8647,2.6283,2
-2.4148,-2.224,0.56831,-0.66549,4.1371,0.14984,5.9075,0.28174,1
0.091669,0.33629,-1.5886,-1.1039,6.9071,0.21399,-2.3831,0.79163,1
1.9002,1.1048,0.059791,1.5295,0.9778,3.1402,-4.0445,2.8416,3
-1.633,-1.5353,-1.0549,0.72304,4.6933,-0.70245,-2.4305,6.4684,1
0.4422,0.37941,2.0607,3.2182,1.1639,1.473,7.0313,1.7242,3
-0.46276,1.0822,-0.9557,5.3823,-0.36242,-2.1768,-1.4499,0.23222,1
2.4826,-1.6231,3.635,-0.055413,2.5806,4.5542,3.5923,0.42069,1
1.7612,-0.58051,4.112,5.338,7.14,8.9637,-0.75428,4.6905,2
-2.4697,-1.8655,7.9367,0.33989,-1.5545,4.9868,-2.1367,0.008499,3
-2.0782,-1.2914,-0.052913,3.4527,-0.88023,2.5611,1.9147,0.54456,1
-1.27,2.8304,-0.001694,1.0176,1.9034,1.0802,0.005062,2.2326,3
3.1455,2.8892,5.9847,5.4007,6.2041,2.9623,1.1766,6.9269,2
-0.31247,0.62782,-1.3357,-0.62693,0.81499,-3.6088,2.6753,2.4616,1
-2.9047,-0.080874,1.0314,3.8835,-1.1011,0.49177,5.9905,2.4502,1
0.78588,3.5285,1.8286,-2.0833,6.4883,6.1235,-3.2309,3.3351,2
0.57526,-0.83419,4.4277,2.0549,1.1977,3.7312,6.6825,0.94955,3
0.72025,3.4212,5.9602,1.1511,5.5923,-1.3635,-9.9218,6.1938,2
4.2983,-0.59526,0.72412,-0.26082,3.2304,-1.1523,3.627,2.0131,3
1.3278,-0.58724,0.22592,-0.083015,0.18136,-1.4632,9.0274,4.662,1
0.20829,0.32858,-0.67482,1.7138,1.1209,3.5161,-4.8977,1.6139,1
2.3979,2.4364,-0.95239,0.21713,4.3728,0.38099,-0.7392,-0.61592,1
0.094851,-2.4687,2.5044,0.22941,-0.3045,-1.2516,-4.4997,2.9903,1
-0.00771,0.54147,5.7248,-0.6178,1.1879,0.65731,1.1377,6.8795,2
-2.1703,-1.7493,-0.52846,1.0819,-0.10792,-0.52429,2.1289,0.31789,3
0.75416,2.6246,2.7316,0.016764,1.9127,-2.0217,-2.135,-1.4923,3
-0.90157,-0.27498,0.13313,5.7482,0.7272,2.1749,1.146,-1.0167,3
2.6293,-1.3688,5.7109,-0.79492,-0.70979,0.24237,-3.6217,8.0688,1
-1.3688,-0.14111,3.9078,-1.1939,0.60708,-1.4602,-0.69584,-1.0444,3
-0.24332,1.3313,1.79,5.8692,1.4475,2.206,2.8341,6.2232,2
3.2356,0.82242,-1.6441,-0.041379,-0.44827,8.2204,15.207,-1.0933,3
1.3937,-1.0767,-1.6376,-0.23366,1.4898,0.95739,2.6747,1.9297,3
2.9475,-2.4114,-0.75889,-0.97319,1.5135,5.4395,-4.2121,-0.19029,3
-1.4518,1.9422,-0.058821,-0.55255,-1.7136,-2.341,-3.1858,-1.768,1
3.4911,2.1243,-0.5319,-0.39705,1.8866,-1.4005,2.1145,-0.20587,3
3.8857,2.8639,6.2369,4.6226,5.4639,7.8859,-3.5289,5.0097,2
3.2234,1.4163,6.2578,5.2812,6.8319,5.9025,1.0538,7.6165,2
1.3193,-1.2075,-1.6744,0.95463,-0.58058,22.87,-3.383,-0.6796,3
0.76238,3.6665,1.5829,-0.37042,3.1098,1.5162,0.16806,2.5607,3
-1.3482,-2.8781,2.2827,-1.4015,1.8584,-2.3846,8.5442,0.15067,3
-0.98459,2.1465,3.0879,1.4327,-0.7462,4.7814,-0.377,2.7071,1
-1.6048,-1.3858,3.5208,-1.7228,-1.107,0.24342,-0.06104,1.7004,1
-0.13536,0.99911,0.81895,-0.16002,-1.6768,11.142,0.17513,-1.1749,1
2.0009,-0.97948,0.37898,-1.0897,-0.26756,-2.5695,16.2,-0.45931,3
-4.6652,-1.1255,4.6103,-2.121,5.8667,6.9222,1.421,6.9796,2
1.8641,7.0813,5.9437,4.5233,2.7047,6.9471,-4.0959,-1.2516,3
-2.2044,-1.5355,4.1616,2.0111,4.6421,-4.4628,-3.937,-1.4667,3
1.1806,0.09068,6.7081,-1.9238,1.8732,7.7977,0.12232,3.5208,2
-0.35148,-0.96136,2.8917,-0.058954,4.0101,8.6296,-3.0547,7.5747,2
-1.7272,-0.33148,-0.51682,3.2822,-1.0263,1.5405,0.29756,1.0446,3
2.13,0.34849,0.20858,0.28628,0.30755,-0.44959,7.2881,-1.1576,1
2.3403,-1.3244,6.0018,3.8466,6.8918,7.2492,4.2306,1.3034,2
1.0671,-2.58,1.1087,1.1135,1.7439,4.8928,9.4332,1.8027,3
0.58701,1.6136,4.7188,4.688,7.727,0.81187,1.6168,5.3857,2
-0.57333,-0.96253,0.43489,-3.2735,3.9551,8.0513,-0.29514,3.2021,2
2.5809,-0.21574,6.6255,2.2115,-0.96389,-2.9391,0.66477,1.9086,1
-2.8551,0.7082,-0.10806,-1.461,1.8122,0.17182,1.9499,-0.77987,3
-0.048547,-2.3614,0.82121,1.6607,1.4352,0.26777,-1.2831,2.1502,3
3.8592,-0.20721,0.16129,1.0978,-0.83276,4.4268,-1.3131,-1.7878,1
-2.8797,-0.68084,-0.023353,-0.20556,0.15193,4.6912,6.7228,1.0863,1
-0.28197,3.0026,4.9233,0.56363,4.9021,8.675,2.9104,5.423,2
-1.7858,-2.3157,2.913,2.6505,-1.7022,-0.48997,2.1981,0.48879,1
-1.5245,0.96398,3.6581,1.0041,-1.5098,4.6132,-2.1549,2.6393,3
-5.5227,0.070911,4.3939,5.0642,6.2514,7.0996,-4.5977,1.145,2
-3.7365,1.4412,5.6344,1.5411,5.7762,5.6231,2.0189,6.5216,2
0.19973,1.7805,5.7047,-0.35857,6.0905,8.9472,4.5863,6.5983,2
-1.5694,1.6117,2.2558,1.4232,4.082,1.9565,-1.2166,-1.5799,3
-1.9432,-0.44075,-0.62418,3.3572,3.2877,0.52267,2.888,0.37876,1
0.24746,2.9517,-0.1229,2.2683,-1.5793,5.1306,2.4213,4.1228,3
-0.97513,1.1027,5.4381,5.9741,5.9753,2.4116,2.3922,3.1747,2
-3.2057,2.015,6.7622,4.2521,5.7932,5.9829,3.6282,4.769,2
2.7512,-1.7903,1.7154,-0.16354,1.138,6.7455,-1.0421,-0.54436,1
-0.26985,0.86479,0.86381,0.21088,1.5128,4.2695,3.0472,-0.13534,1
-0.021773,-1.1736,0.33267,-0.086997,1.0069,1.5037,3.2575,1.5484,1
-1.8098,-2.3452,-0.72138,-0.020808,2.7157,-2.4011,2.6151,-1.3086,1
-1.4162,-2.1152,-0.63032,2.5975,3.2781,-0.65235,-0.40419,-0.94262,3
3.1454,0.64007,6.7902,-0.3326,7.8931,10.035,2.1397,5.0819,2
-1.3584,-2.1354,-0.34172,-0.27976,-0.61836,11.792,6.6536,-0.93495,1
0.38827,0.016268,2.0648,2.201,4.3035,5.5436,-1.6338,2.3861,1
1.7134,0.95294,5.9013,-6.9641,7.4169,0.84542,-3.9012,2.5735,2
2.4419,2.5758,6.9841,4.3593,7.0207,4.0644,3.5737,5.797,2
-1.8247,-2.6983,1.1967,-0.35994,0.70907,-0.55516,2.02,5.0706,3
-0.24018,-1.2587,0.72499,-1.6785,6.2329,-0.40716,4.6105,0.50125,1
-2.2159,-1.2359,-0.035813,4.1281,-0.12306,9.3415,-2.7116,-1.3235,3
-1.6729,-2.3319,3.1733,-0.2237,-1.1285,0.064803,-1.9575,-1.2677,1
2.2685,0.52277,7.3987,0.04496,3.9197,1.6894,0.23488,5.2459,2
2.8528,-1.1173,2.2404,2.6887,2.0592,1.6737,8.5675,-0.51667,3
2.9743,3.5983,6.9565,5.2682,5.0145,3.6715,-3.6212,6.7799,2
4.725,-1.3269,0.60816,2.2781,0.46215,-2.6261,-2.9151,1.6355,3
-2.7281,2.566,3.6886,2.8308,-0.11669,-2.3964,2.9041,-0.65273,1
0.80756,6.0096,-0.056416,-1.4058,-1.7682,-1.5542,2.7657,-1.2627,3
2.1337,-1.986,2.5533,3.5642,4.7343,4.6988,4.7885,6.1095,2
2.5139,-0.74907,4.7001,3.9636,3.1677,-1.7964,4.7007,2.3503,2
2.8684,-0.88139,1.135,1.0477,-1.9548,-2.7969,0.19241,-1.8227,3
0.55533,-1.544,3.0933,2.6702,0.36581,0.063321,5.6558,0.38383,1
0.30015,3.2088,2.5108,-0.91969,-1.7142,0.93035,-1.0881,0.42467,1
-1.4499,0.35802,0.30326,0.68457,2.7573,9.5194,0.15147,-0.57015,3
-0.56377,-1.8023,-0.4658,3.0194,-1.019,-2.3203,-4.1721,-0.28419,1
-2.6122,-1.37,1.6777,-0.22384,4.2795,2.2326,-3.2047,-0.45828,1
0.26301,0.35126,3.139,5.433,-1.2965,1.7745,-3.5847,0.051386,3
-1.7388,-2.133,4.2165,-0.029139,0.63338,-1.6801,2.3925,-1.5339,1
-1.3682,-1.3392,-0.47914,1.8595,0.41965,0.081069,0.51147,2.7006,3
1.5076,-0.36328,-0.61308,0.54367,-0.26154,-0.73042,3.4758,-0.62163,3
-2.0327,1.0606,7.5613,-12.22,3.8389,5.5692,2.3623,3.1871,2
1.1502,5.1242,4.8978,4.6735,-0.85993,3.6132,6.682,-0.076812,3
-2.9553,-0.57395,-1.4855,-1.958,3.8441,-1.2093,7.88,4.9224,1
-0.63247,-1.1314,-1.4195,0.87214,3.1698,7.073,-2.4131,1.2685,1
-2.5899,-0.30838,1.3419,1.0008,0.64626,3.8092,2.8924,5.1934,3
-2.2856,-1.6582,6.5697,-0.94084,4.6513,3.193,3.3495,6.2735,2
-2.0592,1.0891,3.6573,-0.18806,0.51894,2.1997,4.5773,-1.3478,3
-2.4341,1.9984,3.5263,0.96768,0.14885,4.0267,2.6826,3.1871,3
2.4676,3.6638,7.0237,1.0782,5.5984,9.144,2.8241,2.56,2
1.035,0.33163,6.6192,4.8962,6.6179,5.3447,2.7882,6.7663,2
0.59785,0.43322,5.7442,-9.2759,5.8352,5.7591,-5.7152,5.1403,2
1.5177,0.87291,-0.26132,3.3554,1.6792,-2.1023,1.1722,1.9761,3
3.5227,-2.325,0.37197,4.9441,2.1014,-3.3835,1.7438,1.0869,3
3.2392,1.6105,5.2299,0.84405,1.6339,4.9605,-3.4288,1.0067,3
-1.0787,4.4892,-1.236,3.1283,-1.0256,-2.1238,-1.618,-0.63275,1
0.023408,-1.1421,2.8855,1.649,2.8889,2.5702,-2.579,1.1299,3
-3.6992,1.6024,6.4318,-7.6828,1.8078,1.382,5.3871,5.6015,2
-1.4848,-0.50765,0.75319,-0.22162,0.79608,6.2382,5.947,1.4117,1
0.41285,0.63345,0.076604,-1.0943,-1.3929,1.2036,-0.71852,3.0591,1
-1.6784,0.82826,0.96392,-1.699,2.4323,5.7806,3.0648,1.4506,3
-4.242,-1.3053,5.4712,2.2275,5.7785,5.5724,3.0482,1.8103,2
1.0985,-3.5691,5.0835,-3.869,3.2477,10.431,3.2513,6.6592,2
-0.96625,-1.7125,2.1378,3.4597,-1.0088,4.2198,-4.6504,3.3084,3
-2.0875,-0.35984,0.7722,2.9221,-0.78867,1.6977,-2.5154,2.4785,3
0.9932,0.028413,6.9712,4.4038,7.3755,8.1541,1.6129,3.4926,2
-1.4874,-1.0585,0.084443,1.9726,3.04,8.9364,-4.573,-1.9784,3
0.64677,0.20122,1.5459,3.9736,1.2462,6.9189,-1.1359,1.6893,3
-0.41876,1.0193,-1.066,0.62643,2.6848,-3.9972,-0.38298,3.0978,3
3.5428,1.0418,6.3893,1.14,6.0619,7.0793,5.0523,4.2129,2
-1.2944,-0.21889,0.81528,1.8403,0.55001,3.6186,4.2829,1.4305,3
0.21969,-1.987,6.6705,0.12753,0.41226,-0.44559,-2.8468,0.91049,1
-1.9042,-0.61377,1.1314,0.7362,-0.28624,-1.4256,-3.3833,3.519,3
-1.2294,-0.40677,3.3399,3.3422,-0.030572,0.51231,-1.7744,-1.3273,3
3.5023,-0.64423,4.0945,-0.92241,-1.0051,1.0531,1.4869,0.063418,3
-2.4858,2.0359,5.4232,-1.0934,7.1288,-0.96844,0.68774,5.3327,2
3.8933,-3.8451,5.9164,0.17887,5.2059,6.802,2.4336,7.7098,2
3.2859,-0.21221,4.159,-0.67114,-0.66594,-1.4298,0.29669,10.382,1
-0.41812,1.6993,7.2217,-3.8725,0.4562,9.1398,3.1407,5.8923,2
-2.0965,3.9997,1.9878,3.361,-0.12669,-2.4126,3.9784,1.5256,1
-1.8934,1.6658,7.0475,3.9548,6.782,0.79247,2.375,6.4747,2
2.9566,3.2242,6.5029,0.70038,4.4178,7.9765,4.4184,6.0145,2
0.0909,-0.374,-1.3072,1.4153,2.8917,2.0593,6.7411,-1.0792,3
-1.9808,0.057943,4.6071,-2.2083,2.6818,3.247,0.74547,0.70801,2
-0.99692,0.74003,7.5338,-2.894,4.8016,0.16039,1.7477,5.2722,2
-2.0299,2.7851,-0.66102,0.53322,0.2996,-3.4586,-3.8902,0.39754,1
0.64437,3.948,7.7593,-5.5387,4.451,9.9272,-3.8745,5.3908,2
0.80444,3.0326,4.7637,-1.1024,1.2027,1.7663,6.9499,1.288,1
2.5414,-2.0644,-0.75886,1.1016,-0.55947,-0.004583,3.3439,2.4552,3
1.0416,0.55022,5.1172,3.1689,3.082,9.0729,-1.3251,4.4723,2
-0.61431,-0.25976,1.9631,1.4098,2.3014,-1.6098,-0.25999,2.1666,1
-1.803,-0.67161,-0.80171,0.75381,-0.53466,4.3911,-3.4133,1.7114,3
-1.8876,1.524,2.8557,-1.9494,-0.67752,0.45335,9.044,3.7591,3
1.3134,2.5365,0.3663,-0.8162,3.8345,1.6039,-0.52428,1.9763,3
1.5483,0.76411,2.1747,0.22453,5.7353,-0.63576,-6.2296,6.4664,2
-1.8764,-1.4545,2.0725,-0.28177,-0.98854,5.895,0.6849,2.2482,3
0.069318,1.885,-0.86609,2.6127,-1.1759,1.7571,-0.81623,-0.028201,3
-2.0232,-6.0775,7.8775,2.9546,6.0676,4.4555,5.3195,3.4812,2
2.1768,-1.2119,2.4425,1.2241,0.098959,3.2328,1.0931,2.2953,1
-1.5394,-2.3161,2.898,1.544,1.7607,10.351,-0.31171,0.37158,1
-0.81615,-1.8797,-0.14976,8.4249,2.7321,1.1077,1.7736,1.9436,3
0.52827,-0.33797,1.3409,0.025789,1.8108,0.25671,2.4688,0.43596,3
-1.9557,3.3711,5.8732,5.686,7.6633,6.4897,3.4548,6.4721,2
-1.8764,-1.4545,2.0725,-0.28177,-0.98854,5.895,0.6849,2.2482,1
0.33315,-0.57308,5.6522,6.4602,7.777,3.1572,3.0495,5.7782,2
2.8452,-0.15224,0.69425,-0.16459,-0.67583,6.3547,7.9607,0.87871,1
3.294,-1.3352,-0.49849,-0.2304,-0.44377,4.8813,0.38585,-1.944,1
-0.18307,0.26534,3.8147,-1.2857,0.14718,-1.3315,7.5168,0.48109,3
-2.886,0.7198,2.0813,-0.012689,-1.8599,-4.4697,-0.11092,0.70411,3
-0.37694,1.0001,-0.62762,0.25754,-1.674,1.929,5.7535,2.3153,3
2.0947,1.7938,1.4784,4.2559,7.7738,7.6232,0.69943,7.2433,2
-0.18162,0.29143,-0.32673,-1.3631,4.1145,3.3161,6.9671,-1.0647,1
-1.2821,-1.0912,0.30433,5.0125,0.6451,1.4656,4.3007,1.4118,3
0.15049,1.6442,5.1841,1.8354,3.9053,9.1243,3.3698,5.251,2
0.55499,0.3028,1.3978,0.2831,2.4336,-0.91485,2.2828,1.9997,3
-2.9459,2.7101,-0.91899,0.23411,0.39132,-3.62,-1.7865,0.001274,1
0.09195,2.2201,7.6797,5.3814,4.908,7.3149,0.56619,6.4618,2
-0.18162,0.29143,-0.32673,-1.3631,4.1145,3.3161,6.9671,-1.0647,3
1.5693,-0.90879,7.3028,1.9965,6.5331,-1.8149,-8.6151,4.9124,2
-1.5569,4.1796,5.2431,0.68951,-0.88667,7.8912,3.5057,1.0827,3
1.4594,-2.0106,0.69255,-0.24119,4.2698,-3.1912,2.7679,-0.59277,3
1.6849,1.8287,-0.1609,1.7579,-0.83582,-1.8649,-3.3616,4.373,3
-1.0585,-6.6705,3.1088,4.4008,4.5781,7.7582,1.6481,4.9859,2
3.1721,3.3773,6.9215,1.3879,6.018,6.0979,-1.27,4.5997,2
-1.2676,-0.073225,1.6596,0.021256,-0.56398,-1.7254,4.3713,4.8576,3
-0.77015,-1.7552,-0.53427,0.96788,-0.63466,1.0652,6.3376,0.16586,3
-1.5547,-0.83203,-1.9628,-0.80647,2.1431,-1.4106,-0.86725,1.1383,3
2.4601,-1.4913,7.4896,5.9691,4.6613,7.8953,4.1714,3.2695,2
5.8927,2.5566,-0.47362,1.5498,0.37682,3.542,-1.0372,-0.79183,1
3.1595,3.0016,6.6825,1.0874,6.1983,8.1888,3.6208,5.8846,2
-2.5747,7.917,-1.3543,7.0598,0.3254,-2.6415,-4.3833,0.29344,1
-4.3037,1.5158,5.301,5.6023,0.62954,8.2524,3.2998,6.2663,2
-2.2836,-2.669,0.98382,-1.3978,1.0302,-2.2406,2.5933,2.0298,3
3.4545,2.011,4.3664,-3.9777,3.4712,4.1909,5.2376,6.0805,2
-2.1305,-2.3992,3.64,-0.28339,0.6132,-2.8248,-0.73742,0.69034,1
0.53957,-1.0882,1.7913,-1.6273,3.6083,-4.302,-4.4328,2.4425,3
-2.5939,2.5151,6.7742,-0.56341,6.8031,7.876,-4.0783,5.3438,2
3.7953,-2.3084,-0.36939,0.6096,6.0988,-2.929,2.9472,3.0597,1
-2.8543,-2.0127,0.98134,-1.6698,-1.3007,5.2591,-3.3759,1.4314,1
-0.51242,2.0656,7.0431,0.76363,4.1303,4.7631,1.3435,3.0843,2
2.0336,0.41687,4.9202,0.30719,3.4927,-1.689,4.4519,3.3001,1
-0.39363,-0.88684,5.3534,4.0031,0.32763,-2.1067,-1.2668,-1.362,3
-2.1422,0.94637,8.0417,4.6822,0.48723,-1.2256,-2.0962,0.6435,3
1.9657,-1.445,0.69274,-0.37631,-0.047172,-0.22432,8.3225,1.1652,3
-0.77844,0.64255,0.42561,-0.10632,-0.47446,5.0138,5.8983,1.5007,1
-1.2684,1.6329,0.46046,-1.3904,3.8785,-0.9362,-1.7744,0.081017,1
1.604,0.16348,5.7189,1.3162,7.1734,8.4934,3.0427,1.5295,2
2.0826,-1.3353,7.7519,1.391,6.544,5.2757,4.7786,3.9837,2
-0.99821,-1.6717,-0.42284,0.20658,1.3313,7.6151,-3.734,1.165,3
-0.84651,-0.77408,-0.58072,0.639,0.35429,4.7031,5.9828,3.3746,3
-0.059507,-1.048,-0.7346,0.82232,-0.97065,4.865,-1.9037,-0.16306,1
2.3957,1.6718,1.3629,-0.13107,-0.61823,2.8195,-4.253,1.6289,3
0.088641,-2.3308,2.1823,-0.18209,0.37495,-1.6359,2.3649,-1.0309,1
-1.3234,-2.3845,-0.7372,2.758,-0.064316,-1.6903,1.7484,-0.33576,3
2.0023,3.3588,5.726,0.31423,2.9203,8.963,3.2735,7.6435,2
-0.31046,-1.3744,0.47732,-1.8497,3.7757,-1.9005,-3.0368,-0.002105,1
3.4715,0.26966,2.3187,4.4192,-0.87609,2.4872,11.01,-0.31364,1
-2.2724,-0.59461,1.2345,1.279,7.3974,2.4385,-1.768,-0.41968,1
-1.621,-1.4623,3.5759,6.9694,-1.3876,-2.2345,-1.2784,3.7006,1
-2.5359,-2.3209,2.5423,-0.1394,-0.27526,3.0382,3.8204,2.1774,3
-0.22958,-0.69842,-1.6981,-1.0977,-1.3362,5.7394,0.90951,-1.0264,1
-1.8921,1.0017,5.8199,1.8311,6.4795,-0.36349,0.2006,4.6567,2
-0.33989,-1.3973,-1.0325,1.2428,-0.52459,-2.099,-3.6834,0.34464,1
-1.843,-1.1358,1.6128,0.53573,0.12049,3.0567,4.6869,0.83496,3
-0.050636,-2.0399,0.94703,-0.67041,2.3381,-1.9987,6.0649,3.8008,1
-0.37427,1.2284,0.70656,1.2943,4.8556,1.0174,0.075741,2.0946,3
-0.78773,-2.6849,4.3818,4.9614,3.2167,1.1226,6.7534,2.8276,3
2.7105,3.3299,7.1928,-1.3341,6.5259,0.98703,3.0498,6.4727,2
0.95998,-2.8715,1.2053,6.7388,6.4556,-0.14171,0.83268,2.8012,2
3.0383,-0.032797,5.7494,2.7708,6.3582,-0.54111,4.4527,1.1235,2
0.49403,0.49764,-1.2638,0.68551,-0.79506,-3.5281,9.4032,-0.091009,1
1.2454,-2.5009,-1.9756,-1.0187,3.4352,2.6117,0.79231,-0.82733,1
-1.5071,-0.68248,3.1324,5.9385,4.4049,9.4634,5.4614,5.7794,2
0.000586,-1.1864,-0.59193,0.50424,0.56036,2.441,-3.5454,1.5164,3
-2.6541,-1.0842,2.3135,4.6115,1.0436,3.356,3.2373,1.9151,1
2.0968,2.3977,6.9046,5.3475,1.7389,10.236,2.6589,6.0195,2
-0.02518,-1.6224,4.9879,4.4971,6.217,5.932,4.5515,7.3326,2
-2.4471,-5.0786,3.6751,1.5195,6.0812,4.1824,0.63058,3.1468,2
-0.57221,-1.4982,2.7118,-1.3823,1.222,-2.8393,3.4204,2.5248,3
0.18572,0.71718,4.5656,-2.6817,4.9021,-2.4374,4.865,6.7949,2
1.4491,2.5438,5.6391,3.0277,6.4384,1.2923,-2.0534,3.3984,2
2.9279,3.1376,4.6813,3.311,6.0667,7.0682,2.0424,4.6517,2
2.8472,2.7977,6.305,1.3865,-0.20211,1.9471,7.9187,1.8994,3
2.0816,3.1767,5.9639,1.0069,5.4905,0.30436,2.985,2.1713,2
2.6998,-1.4305,2.7163,0.75543,4.3438,7.98,-0.77684,3.4653,1
-0.12112,0.71219,1.5986,-0.54289,3.7043,0.31697,-1.6044,3.6411,3
-2.6004,-0.62081,2.786,-1.2532,-0.70426,-1.4481,-0.57235,-1.8663,1
3.5499,-1.6517,-0.98336,-1.0026,0.31154,-2.6798,6.4238,-1.2768,3
-0.71652,3.2891,5.6406,0.30229,4.0773,7.7429,0.081789,5.4803,2
1.05,-1.3306,1.3583,1.3487,-0.89408,-2.5976,3.3769,-1.0853,3
-2.1559,-2.7464,0.088165,-0.57284,-1.0323,0.664,-3.839,1.9758,3
-0.14377,-0.022367,0.30241,1.334,1.208,4.902,2.1466,0.58362,3
-1.6713,0.61527,-1.6828,1.619,1.0616,-1.0333,4.5302,0.27581,1
-0.45861,0.00708,5.1459,2.995,-0.37911,1.2557,-4.8441,-1.1661,3
1.0507,1.3653,4.8019,-0.31576,6.7564,10.218,0.4966,1.4638,2
-1.1031,-2.572,4.453,1.8263,0.77105,0.013112,6.785,0.49734,1
-0.77647,-1.2419,5.2113,6.9036,-0.082192,-2.9866,3.1535,1.818,3
2.3226,0.4265,2.1623,-0.99431,2.2469,2.1892,0.78263,1.4491,1
1.5036,-2.8942,2.0248,5.2932,6.3012,9.5274,3.3961,6.3584,2
-0.86866,-1.7817,1.9566,-1.6537,-0.21674,1.3527,-0.88183,1.4563,1
3.5897,1.0491,7.3871,3.0763,6.8271,8.6567,2.9294,6.4325,2
-0.69069,-0.34947,0.34918,2.5256,1.9505,-2.2454,-0.17759,2.2127,3
-0.7339,-1.0542,0.22487,0.30998,0.18066,-1.1255,-1.6721,2.617,1
-1.1991,-0.70508,2.0687,-1.2756,1.7283,-0.36966,0.036766,4.8321,3
-2.52,-0.13386,-0.28711,-0.022719,-1.0948,-1.8932,0.87534,0.1825,1
2.6961,2.5886,3.6924,0.4193,3.4065,5.1219,4.2829,7.6768,2
0.15527,-2.1939,0.54083,-0.69745,-0.59355,7.3941,2.1924,0.92909,1
-1.6229,0.055802,5.8175,-1.5096,-0.058022,1.2508,3.8361,2.9648,3
1.3669,-1.1457,6.2755,4.6844,5.9195,7.1705,-3.6192,6.4007,2
3.1803,0.20184,6.8088,3.0588,6.8378,9.608,-2.6788,6.166,2
-1.2023,1.1524,-1.1998,3.8824,3.2663,-1.1363,9.7688,0.32558,3
-1.6206,1.6938,0.59122,-0.060276,4.698,-1.0761,6.7359,4.8921,3
4.5222,-0.11597,-1.0772,3.9732,4.5587,1.3285,-2.8261,0.082823,3
3.1739,0.4317,5.4138,-3.7342,4.9829,7.3109,-0.61353,5.5162,2
2.3293,-2.3008,2.8722,7.0238,3.7331,2.6853,-0.52152,-1.3678,1
-2.1645,2.5985,-0.623,1.7349,3.5107,-1.4329,-1.6125,2.7045,3
-2.6588,0.36774,-1.3811,-0.5856,3.8061,4.2367,-0.72342,-0.86887,1
-0.73525,-0.87794,1.7639,-0.39554,3.8608,-1.3385,3.5234,2.0607,3
2.1618,0.46837,5.8642,-0.96114,7.0612,4.8231,4.575,3.7986,2
0.40159,-2.4192,-0.09941,0.85691,-0.89851,-4.5795,-0.029955,4.5792,1
-0.75108,-1.1812,3.6922,2.7446,-0.4421,9.1092,-8.9673,7.0993,2
-0.24344,-0.99329,8.5016,-0.70421,1.0874,5.7555,4.3885,-0.89182,3
-1.3036,3.3998,-1.2917,1.9461,-1.2049,-4.4625,1.8371,0.96864,1
2.6621,1.44,4.9414,0.65001,4.9991,7.6468,-3.246,4.1849,2
-0.78644,-2.4729,0.88101,0.31343,0.018892,0.85558,0.35008,-1.0851,1
0.057467,-1.8307,1.7812,2.9571,-0.85632,-2.6988,1.6977,2.8448,3
-0.037849,0.19338,5.4634,3.3838,6.4943,0.89218,4.4768,6.4709,2
2.0226,-1.0051,-0.76053,1.4607,2.9466,-1.3749,4.4157,-1.2043,1
-2.5895,-2.0298,-1.2383,1.379,-1.0479,2.7726,-0.71281,7.1819,1
-1.1218,1.4664,5.4951,0.17296,-0.65587,-1.7104,3.3535,2.1202,1
-2.4638,-0.45453,1.1757,0.85222,0.000689,0.76586,-3.1394,-0.5035,1
1.1503,0.2551,-0.7668,-0.69767,2.2624,-3.6466,-1.875,1.1177,3
-1.7444,-0.033905,1.0462,0.6195,0.81496,-1.1141,1.4994,-0.94089,3
3.5462,-7.7027,7.9014,-3.9328,6.0983,9.6559,5.1043,7.2082,2
-8.9179,2.5082,4.3984,-14.009,5.5848,5.6737,4.074,5.5419,2
-0.70872,-1.5004,4.3752,-1.2061,3.5351,1.9917,-1.2781,1.3941,1
2.7107,2.5134,7.0569,0.70677,6.9005,9.9388,-6.6838,6.8091,2
-2.3626,-0.15142,-1.4199,1.7859,2.3256,3.9464,2.2735,0.87438,3
-0.88492,-0.5669,1.0964,-1.7046,10.039,-0.48556,1.1904,-0.80927,1
-2.383,0.89711,2.4336,0.26771,-1.7194,5.5551,3.1793,5.5128,1
1.7714,-0.90779,0.37788,0.77726,0.20454,-3.3778,4.3868,-1.9242,3
0.21216,3.7864,7.1754,1.6701,5.3414,-10.527,3.4111,7.5906,2
-1.2398,-1.6346,4.0359,3.7039,4.7208,8.7416,2.3686,6.8378,2
2.0835,2.3817,6.0324,5.4902,4.4926,1.8396,3.3421,4.2636,2
-2.3657,-0.9963,-1.0316,-0.84002,0.13632,-0.27309,8.4624,-0.39644,1
2.7746,-0.26646,7.416,1.3677,2.4428,5.9723,2.6428,2.5997,2
-2.134,-1.2234,1.4865,1.0166,-0.092771,1.603,1.3291,-0.82788,3
0.95897,2.2256,2.0059,0.19889,5.6775,8.1944,2.2219,5.6421,2
-0.26406,-2.0331,-1.6148,1.9552,3.3536,-1.9175,4.4067,-0.75424,1
0.75798,0.073351,2.0931,0.063597,4.7192,7.9634,4.4569,5.6032,2
2.2707,1.2633,-1.2515,1.0365,5.9842,6.6046,-6.1369,6.9956,2
3.7637,1.5268,0.5152,1.1565,-0.15631,-3.1442,2.0693,-1.3133,3
4.0696,-1.1715,-0.074958,0.59236,1.8409,5.8106,2.5032,2.769,1
-0.50479,-0.42321,0.29068,3.4739,1.8004,8.8146,-2.2647,1.5279,3
-2.2114,-0.21773,-1.3969,5.1117,-1.4642,-0.57652,-1.9234,0.65856,3
-2.1689,-1.3671,2.1701,0.14577,7.0468,-0.2831,1.3899,-0.7424,3
2.8838,-0.22037,4.108,3.7845,5.1054,4.912,-6.0232,4.8797,2
2.344,1.3767,3.9267,1.2839,6.4789,7.8355,1.9967,6.375,2
3.3452,-2.0571,-0.99891,1.3754,3.2903,9.4449,1.2174,2.0306,3
-1.7543,-1.6016,0.28285,4.241,1.4395,-4.3474,0.2866,-1.2798,1
0.69308,3.0119,2.0155,4.2439,3.6191,8.8386,4.2895,6.0469,2
-0.78773,-2.6849,4.3818,4.9614,3.2167,1.1226,6.7534,2.8276,1
1.8238,2.8594,4.8466,-1.1143,6.7736,3.9674,3.9364,4.5937,2
2.7534,0.64737,6.6432,-1.9937,5.3104,3.8055,-5.7679,3.8318,2
-1.1759,-0.5279,3.8016,3.4759,-1.7882,-0.051194,2.7932,-0.39873,3
0.68479,1.5886,8.1356,-0.96248,-0.47957,1.6013,9.2173,-0.14097,3
0.17959,2.3864,-0.96062,1.6809,-0.10436,0.48081,4.5207,0.53015,3
-1.9111,0.79517,2.3063,-1.2506,1.5097,-1.2579,0.97579,3.0111,3
4.3166,0.76636,1.9065,2.2799,-0.94616,7.9172,5.2764,-0.7889,1
2.8893,-0.91473,5.7274,1.9412,6.3699,6.5058,1.2502,7.5034,2
-1.3011,-0.43171,0.042592,-0.91161,1.1024,12.53,6.6359,2.9511,1
0.11139,2.4167,-0.87726,-1.4247,-0.92813,-0.30486,-3.6175,2.4362,1
1.5818,-0.83156,6.1435,2.9779,2.1549,0.48911,3.42,6.2195,2
2.6175,2.9881,3.8469,2.5476,3.6363,6.8779,-2.0531,6.2396,2
-1.0539,-2.3345,2.4565,5.2791,7.3146,6.8818,3.8125,5.0486,2
-0.84651,-0.77408,-0.58072,0.639,0.35429,4.7031,5.9828,3.3746,1
1.9231,-0.093874,6.0058,-8.4956,1.7601,10.588,2.4947,6.56,2
1.4226,-4.5675,6.7072,-0.30478,5.1289,4.8744,-1.7679,4.9257,2
-1.5583,2.7205,3.4168,-1.5546,4.2767,1.1745,5.7551,-1.839,3
-0.52274,5.6987,4.6515,-0.69145,4.1423,6.4333,-1.9104,0.19907,1
0.91188,-0.8634,2.0226,-0.24973,-0.55484,1.8025,0.36601,-0.42913,1
2.8723,-2.738,4.1554,2.9058,6.7774,7.1683,-0.54474,7.1433,2
-2.5937,-1.7404,2.4099,1.2256,-1.2064,0.018518,-1.2288,-0.68972,1
0.008213,2.0426,0.93423,3.1773,0.39537,5.1453,9.3697,3.3706,3
-2.511,0.84196,1.6897,0.23819,-0.52652,1.4775,1.8284,-0.36376,1
-0.41516,-0.59138,2.5749,0.76489,1.5389,2.5576,3.9854,-1.333,1
-2.2382,-0.32895,1.1283,0.9767,3.0305,2.3281,-2.8621,4.7975,1
0.49825,1.2531,3.8758,-1.715,-1.2015,-1.6021,6.3348,-0.44915,1
2.8319,2.6377,4.9698,0.21164,2.8295,-1.5153,3.0654,1.2669,2
1.0471,1.9193,6.817,-5.6389,5.8002,5.3224,1.9131,6.5449,2
0.81713,-0.1649,0.20347,2.5962,-1.1025,0.72834,-2.8752,2.3094,3
2.5138,-2.3778,0.46872,-0.76189,-1.8929,-0.98735,16.707,3.6216,3
3.7466,-0.015305,4.5884,5.627,4.2445,4.2937,-5.2423,4.8443,2
2.4017,0.077889,-0.2759,-0.67712,1.0093,1.5512,8.2464,-1.2434,3
5.5895,-1.6857,4.0228,1.1179,4.2884,3.3252,2.1715,0.75183,3
3.0519,1.0562,6.4403,2.3979,3.5795,-7.121,0.88559,7.0414,2
1.8618,2.7381,5.4279,1.4742,6.2173,1.0215,3.4318,6.0878,2
-0.95002,0.59831,3.5344,4.3137,5.4891,8.6559,1.4693,6.0994,2
-0.27679,-0.97509,-0.58554,-0.37767,-1.3236,-2.5665,-3.682,0.82596,1
2.2124,0.36819,5.0949,5.195,6.2235,2.3144,2.9407,5.7114,2
0.049822,2.681,4.9355,-9.6968,4.3377,5.561,1.3764,5.7711,2
-0.82305,-2.2371,2.802,1.693,1.594,3.845,-3.4713,-0.9733,3
0.62129,0.52204,1.828,-3.0367,5.1523,9.6695,2.7154,3.3645,2
3.7234,-1.2752,-0.84616,3.4722,1.6987,-1.3663,-3.1875,2.2358,1
1.548,1.5452,4.3316,1.4162,5.3456,7.8759,-0.66227,3.8296,2
0.054071,0.77778,3.4407,0.43434,-1.0365,4.6698,1.0832,3.5092,1
-1.1952,-0.60702,-1.0403,2.5193,-0.057307,-0.35176,-3.8089,0.44039,1
-0.40184,0.74259,-1.2773,3.784,0.94321,-2.72,-0.25716,-1.343,3
-1.2231,-1.9902,0.93206,-0.59626,-0.19755,-1.6032,4.7992,-1.8521,1
3.4041,0.66445,5.6279,5.0182,3.0761,6.6039,-2.5447,5.6002,2
-2.3863,1.3172,4.7973,2.1048,-1.7991,-1.0395,-0.21302,4.4363,3
-2.7514,2.6294,3.9794,0.2902,0.098563,-0.67218,0.019885,2.9224,1
-1.7797,-0.26042,-0.76424,0.6737,-1.3135,0.90975,2.8733,-0.18465,3
0.30096,-2.3702,1.1706,-0.17858,-1.1128,-2.5973,-3.4492,2.1645,1
-1.6992,1.7851,0.52711,-1.1454,2.2911,5.1242,-1.7715,-0.92055,3
-1.3906,-2.1061,-0.20537,-1.8364,-0.98213,5.0939,1.5833,7.5758,1
3.0088,2.416,-0.55823,5.2108,5.0251,9.872,-1.3818,5.396,2
3.0186,-2.295,3.5408,2.2825,-0.038999,-0.90351,3.5112,-0.33155,3
-0.82141,3.3687,0.92917,-0.96138,2.3668,1.1431,2.7338,1.6615,3
1.7708,3.3928,6.8561,-2.6127,3.0225,5.7333,3.9503,7.1263,2
0.078986,-0.22961,0.17599,3.0799,1.3358,1.3737,-2.99,6.0556,3
6.2801,-1.123,-1.5947,2.3893,1.0179,2.1223,0.93746,-1.1129,1
0.82801,1.9084,5.0763,3.6477,3.7329,5.8864,-3.368,1.161,2
-0.15327,1.001,5.4775,-0.15943,5.5748,8.6051,3.1887,7.2359,2
-0.70666,-0.70468,3.1274,-0.7595,-0.61305,8.9932,7.6961,-0.87529,1
-1.7861,-1.5942,3.6282,-0.18302,1.1378,0.59646,6.4359,2.1538,1
2.1262,-2.1912,6.2616,2.0984,2.1881,-1.5643,2.6532,-0.02167,3
3.3324,3.295,2.6972,0.75297,2.8085,-3.0448,-1.0826,6.6577,3
-0.55494,4.3799,0.10905,-0.070529,-1.7055,0.38144,-0.24305,-1.0647,1
-1.091,0.46744,-0.97132,0.77154,0.8,1.2291,0.88027,1.3584,1
2.1759,2.3405,6.5144,3.4433,4.6246,7.0667,4.5345,6.768,2
-2.2513,1.5788,1.3253,2.6601,-1.5764,-1.1132,-1.3321,0.97894,3
-1.3691,-2.2331,-0.27763,0.79057,-1.6992,14.325,0.68288,-0.47178,3
-0.5985,-0.79996,1.189,2.493,-1.7829,-0.91157,0.83749,-0.45499,3
2.45,0.39294,-1.0954,-0.48298,1.0486,12.038,3.4995,-0.095545,3
-0.68906,-0.3031,1.7052,-0.6365,2.3739,-2.6279,-0.78962,0.51654,3
0.81425,-2.7295,3.4399,2.1005,-1.277,0.78813,-1.3952,0.62575,1
3.1308,3.0767,5.7749,5.1977,0.48101,-1.1051,0.80616,6.4117,2
3.098,0.70983,1.9205,-1.3754,0.74254,0.11783,6.6543,-1.5281,3
0.8947,-2.7087,-1.7552,0.91704,-1.3743,2.9515,7.9611,2.7634,1
-0.90325,3.9768,5.3669,2.28,7.1152,6.1491,-5.6375,6.5172,2
1.8062,0.87311,-0.14641,-1.3695,0.57227,3.8417,-3.6751,-1.6915,3
0.47496,-2.5997,-0.014365,0.4034,3.564,8.1628,3.9646,0.37706,3
1.6834,-1.4106,4.4034,-6.0668,3.6756,4.5079,-2.4183,6.9397,2
6.4942,-0.57439,3.7123,2.2098,-1.4625,1.7267,5.4252,3.2687,3
-0.21201,-1.1602,7.3616,4.2499,3.1639,4.3627,9.3516,-1.7893,1
-2.3886,1.0003,0.90978,-0.2896,-1.3433,-1.7205,-4.4672,1.436,1
0.59988,-0.44416,5.3019,-6.5323,3.2525,2.3439,4.9013,6.9341,2
2.2212,0.55394,4.2861,-1.1022,7.6088,3.0918,2.5149,6.9469,2
1.3508,0.81535,3.5027,2.2459,5.1654,8.3704,-3.2835,5.9657,2
1.1114,-1.2009,0.1481,-0.70714,3.8255,4.2645,2.1091,1.5143,3
-2.3343,0.79714,-0.66753,4.2674,0.3728,0.11745,-4.3322,0.85219,1
2.3473,2.1084,5.4528,-0.47916,3.6272,3.0797,1.9161,6.8256,2
2.1254,-0.43572,4.2892,0.71869,4.8175,8.028,1.372,4.0562,2
-1.956,-1.2083,0.22759,-0.53031,3.8976,-0.66452,5.0329,-1.5025,1
-0.21996,5.6284,2.0714,-0.36275,-0.56491,-1.2693,2.388,1.1348,1
1.6149,0.54196,4.1727,0.83469,0.39486,2.2138,-4.8152,0.73343,3
-1.3906,0.091672,-0.97848,0.17352,-1.7405,-3.7153,-0.36168,3.333,1
-1.9309,-2.1648,0.44641,0.12105,-0.088818,-2.8266,1.3034,1.7281,3
-1.6981,3.3744,4.9474,3.6733,4.2239,9.8243,2.2492,5.5967,2
-0.26655,7.5043,-1.5397,1.1093,0.46718,12.323,-4.62,-0.64614,1
0.85725,2.8153,4.7186,-1.6221,6.4079,5.3168,2.677,5.8502,2
3.7351,-2.0302,-0.17013,-0.74437,4.4362,-3.2372,-2.1907,0.33629,3
1.1776,-2.2065,7.2685,1.826,6.3289,5.6799,-2.9455,6.293,2
-0.40971,0.49993,2.6799,1.7891,0.72668,1.5712,3.6494,3.0894,3
0.40196,-1.9339,2.2454,1.9307,0.21036,4.1849,4.3344,0.15366,1
-2.4345,-1.5602,-0.78799,-0.81389,0.71804,0.46848,-1.2101,-1.9014,1
1.0212,1.4353,6.9028,4.1711,7.799,5.0985,1.7425,5.0584,2
0.052319,-1.2733,4.2576,3.4979,5.2944,8.4804,0.22433,4.0528,2
1.2026,2.8302,0.39292,-0.41467,-0.59669,-2.9774,-1.3291,3.1732,3
-1.1086,-0.41061,-1.2734,1.6597,0.52359,1.5421,2.9401,1.5343,3
-1.1691,0.69653,2.6118,1.7291,0.40402,-3.5342,11.625,0.55599,1
-2.0026,1.7999,-1.2472,1.9169,-1.728,-2.8805,6.1809,-0.36967,1
-2.2953,4.0175,2.4625,1.5572,2.1602,-1.2051,-0.73459,-1.0378,3
2.7529,1.9054,3.2183,-2.5976,6.5002,9.52,1.5045,2.0543,2
1.6117,1.9327,7.4667,-3.3863,-1.6314,7.9375,-7.2841,5.2107,2
0.7477,1.6086,0.21229,0.71328,5.8024,8.9846,-1.5893,-1.8758,2
1.9769,-1.225,2.2896,1.9586,5.4891,4.9436,-0.68838,1.3207,1
0.99981,1.8754,6.586,0.17821,7.1008,6.4274,0.90174,2.6203,2
-1.8103,-2.1022,-0.32726,1.0633,3.3922,0.11554,-1.9857,0.5643,1
-1.2759,0.60545,0.50934,4.7729,2.1721,-3.2362,-1.1243,-0.94717,3
-2.2562,-2.03,1.4607,-0.72802,2.127,0.87733,1.2084,1.1872,1
1.6025,0.33675,5.1654,4.3816,2.5499,7.6213,1.0925,3.8968,2
-1.088,-1.5535,4.161,1.1681,1.263,-4.0698,-2.5048,-0.37287,1
-0.6059,-1.593,0.9374,2.1579,-1.307,-2.4326,-0.25871,-0.24618,1
-0.49869,2.5519,6.4579,3.5518,3.9501,7.2626,3.1719,3.8188,2
2.2106,0.36463,6.6168,3.9205,0.95548,7.89,-2.1509,4.7813,2
-2.2503,-1.1454,-0.76163,3.0035,-0.16162,-2.8321,1.045,-1.6454,1
-1.1595,-1.6006,2.3192,0.19858,0.81831,-3.2279,2.3793,-1.9068,1
-1.7801,-1.3819,2.1455,-1.4464,-1.1197,14.589,-1.4186,1.7343,1
0.90966,-1.5942,1.143,5.3629,0.79949,3.2567,4.8129,4.6126,1
3.487,1.4843,2.7272,4.3515,7.1151,1.8519,2.3235,-0.82266,2
-1.5065,-1.4212,-0.53159,-0.004572,-0.75347,-1.1212,-1.5535,0.93809,3
0.5889,-3.3603,6.0156,3.2063,6.957,7.8873,3.1212,7.0621,2
1.5436,-2.14,3.6459,-1.3779,6.9348,5.3095,0.55232,5.2956,2
-1.8319,-1.8183,1.7484,1.2388,-0.38265,4.1304,-1.5487,2.3196,1
-0.90108,-6.0702,5.2764,4.2739,1.9678,-9.8732,3.2396,7.5627,2
-2.4927,-5.5983,3.4127,-6.4177,7.6144,7.0349,-2.6719,2.1516,2
3.7445,1.5517,5.8891,3.3273,-0.47308,9.932,4.768,3.3642,2
0.77914,-1.2335,-1.4083,0.13145,1.853,11.134,6.597,1.0975,1
0.028356,1.9006,1.8264,3.0933,1.3558,1.9253,-2.2895,-1.1986,1
2.9506,-1.3518,8.467,4.8126,-0.10848,5.224,-1.2269,1.1118,3
2.0173,1.061,2.353,0.62739,6.1193,2.7168,-6.8681,6.8657,2
-2.4658,-2.6882,1.2032,-0.18841,-0.97657,-3.0077,-2.7405,4.1124,3
2.4861,2.6192,6.4662,4.7755,-1.5129,-0.52859,-2.886,-0.79858,1
3.8416,4.2217,3.7277,4.315,-1.6452,-1.071,-4.5336,1.4341,1
-0.74238,-2.5323,4.0029,1.1589,6.6726,8.7737,-1.7892,7.7997,2
-0.6869,0.008162,6.1737,2.1053,-0.36348,-0.43961,-2.6987,-0.18948,3
-1.2782,-1.743,2.4063,-0.38136,-0.41491,-2.9015,-0.47247,0.39718,1
-0.96346,3.6472,0.58068,-0.93336,2.8465,3.9957,3.67,8.0398,1
0.99113,-1.7056,6.1217,-0.061485,3.4945,2.306,-0.68758,3.7325,3
-2.206,-0.011748,4.0346,4.5425,-0.20698,1.7866,0.89032,2.1096,1
3.3128,0.63387,6.1142,1.9076,3.9529,4.5,-2.4671,5.2838,2
3.9862,4.9433,-0.061746,0.23921,-1.7794,3.1349,-3.9514,0.51207,3
2.1579,-0.63827,-0.045846,-0.46664,0.25767,-4.0398,-3.4148,-0.40049,3
-1.446,-1.2373,-1.3732,1.3051,1.4105,-1.3298,2.8185,-1.3764,3
2.0009,-0.97948,0.37898,-1.0897,-0.26756,-2.5695,16.2,-0.45931,1
-1.5948,4.0809,0.085659,0.079522,-0.98539,1.0759,4.019,-0.69066,3
1.4735,0.76108,0.76518,-0.11515,4.5599,2.727,11.874,-1.6151,1
-1.8023,0.11786,6.2016,4.157,-0.51375,0.31879,-0.087115,2.26,1
-1.8945,-2.6376,-1.5829,-1.175,4.0451,6.1752,4.5748,0.48427,1
-0.80446,-0.36151,1.354,-0.93614,0.24198,-0.81617,4.3162,4.9111,1
2.6924,1.4464,4.3046,6.0909,5.9582,3.288,4.2291,4.57,2
2.8927,4.1085,0.89066,0.68656,-0.028578,2.9104,5.4212,-0.31608,1
-1.2838,3.2647,2.2082,-0.017382,0.68935,-4.0735,3.5256,1.8168,3
0.61785,0.88379,0.41976,4.106,3.5559,-0.95591,3.4853,1.9297,1
2.3524,1.7127,6.758,3.0417,7.6074,-3.1622,1.4182,5.2126,2
0.4016,2.7872,4.0096,-2.6744,3.2538,-3.2525,-1.2161,-0.50277,2
1.0549,-2.4695,-0.47318,3.3409,4.1671,-4.3346,-3.123,3.7543,3
0.62359,-0.52593,4.3049,-0.12142,4.6791,9.451,2.0534,2.7802,2
2.0316,0.96911,5.4164,0.044683,3.2709,8.5579,1.3252,4.6889,2
-0.20641,-1.8848,3.9817,6.0419,7.407,4.0051,-0.28134,5.6261,2
6.691,-0.50585,0.057819,-0.033643,-0.19107,-1.7439,0.32177,-0.24212,3
-0.48218,2.0042,2.2383,6.3855,0.79577,-3.2102,4.746,0.73398,3
2.4381,-0.87624,0.36611,1.1567,7.051,6.6435,-7.0011,5.892,2
2.456,4.0088,2.5372,2.8264,6.0538,-0.074378,-2.3246,6.4679,2
1.2582,2.606,-1.2504,-0.31315,0.92021,4.2429,-3.4011,7.0999,1
1.7254,-2.1006,0.031056,0.59309,1.921,-1.9698,-0.63466,1.6342,1
2.9872,2.3172,2.5815,2.8428,3.8959,8.2092,-2.9919,5.4199,2
-0.64896,-1.3049,-1.0636,2.4423,3.6833,-0.39257,3.3493,-0.88831,3
1.9585,-1.5691,9.3422,0.57269,1.5433,-0.46366,-2.0463,-0.7412,1
-0.11193,-0.96868,3.6282,-3.2222,5.3017,9.2618,4.0885,6.0518,2
3.2688,0.27006,-0.1762,0.15437,2.6383,6.9948,0.13911,-0.62665,1
1.6548,0.7513,4.2617,4.1651,7.251,10.308,-2.2682,2.8443,2
-0.26799,-0.62236,6.4471,0.85346,7.1907,9.426,4.9716,5.2425,2
-1.3041,-1.9515,-0.40955,-1.3908,0.81703,0.80552,-1.6963,1.0917,1
-0.91825,2.282,-0.66272,1.9798,1.7887,-0.77493,-3.6129,0.031456,3
2.499,2.4778,5.6285,5.0682,4.2461,10.278,3.0621,3.5873,2
-1.1186,0.098053,-1.2638,0.98125,1.1773,-2.3768,6.4176,1.7363,3
-1.9791,1.7448,5.5406,5.0727,6.4395,9.3294,5.2227,7.3438,2
-1.3002,0.21435,2.5924,-7.0614,6.4502,8.3032,0.22056,5.8769,2
0.31177,-0.43708,-1.082,-1.8881,-0.4715,-1.0786,-3.8264,3.3429,1
5.0215,0.12072,2.438,-1.2613,1.6152,-3.639,-3.5837,0.31821,1
1.4452,-2.2952,-0.58376,0.31673,3.5734,-1.9687,-2.2044,1.7656,3
3.4499,-2.0946,7.5288,-1.2968,6.2585,1.1895,-2.9712,3.7395,2
-2.0317,0.26045,0.99356,3.4038,-0.80174,-3.9419,-1.3661,2.0366,3
-1.8236,-0.89392,-1.5316,2.2576,1.798,-2.1952,2.6667,2.05,1
0.72161,-0.79967,-1.5268,0.11171,0.32079,-3.7406,-1.6816,2.0681,3
-2.0376,-2.6816,2.4085,0.61454,0.72248,4.2978,-0.3988,-0.42174,3
-0.86918,-0.76328,-0.052177,-0.93683,-1.1562,3.2008,-4.482,-1.7607,1
3.056,1.826,7.4043,-2.4597,7.2135,2.8912,1.6246,3.8797,2
2.5436,4.8695,-1.1308,-0.6917,0.40612,3.7578,-2.0465,0.51471,3
2.652,-2.1225,1.4921,0.57397,1.6848,3.1778,1.8495,-0.59872,3
-1.3036,0.27458,-0.37777,-0.1823,1.9518,1.9125,1.8274,-0.32476,3
2.9429,-1.6058,0.44277,5.5206,1.1223,-2.4792,1.9675,0.46958,3
1.4043,0.82574,-1.438,-0.78588,2.7338,3.293,-3.3638,0.35165,3
0.64257,0.77951,3.4777,4.822,1.4558,0.096529,3.8726,1.0828,3
-2.464,1.0212,5.8707,-1.844,2.4576,1.4957,-2.7112,1.1806,1
-0.94853,-0.42668,-1.2653,-0.50406,-0.43395,1.3282,5.8067,-0.35172,1
-0.26539,2.7692,0.17803,5.0106,0.93635,0.17265,2.9221,3.0166,1
1.3362,-0.37597,-0.37068,-0.52126,-0.53846,0.2654,5.3302,2.767,1
0.73713,2.1879,5.4566,3.0023,6.0433,0.88988,3.1907,2.2053,2
-0.002872,-0.45517,-0.18461,1.375,0.92968,2.2595,0.096883,3.0562,1
-1.0654,-0.73414,2.1623,-1.4581,0.097272,3.5566,-0.6815,5.3297,3
-0.024059,-1.9273,0.67386,-0.84517,-1.0253,3.3063,1.2593,-1.6876,1
2.5386,-0.048538,-1.2494,1.3013,4.5267,1.0918,0.68561,0.23053,3
2.7567,-0.13866,2.2276,-1.7925,5.0723,9.5103,4.7646,5.5078,2
-1.5335,3.5013,7.2271,3.0363,5.0753,4.7472,4.4299,6.846,2
-0.41054,-0.36143,-1.1365,3.708,-0.012794,-3.2157,3.0403,-0.26856,3
-0.51461,3.0855,5.0912,5.8466,2.3939,0.49155,3.8336,7.1923,2
1.897,3.7594,7.1768,-0.9747,3.5678,3.2515,-1.7346,7.5901,2
-1.0905,-2.3455,1.6987,-0.29268,0.40118,-4.2447,-4.1376,1.9018,1
-0.064742,-1.7768,0.4104,-0.69532,1.912,1.5067,9.1355,1.1239,1
-1.2444,3.268,3.9644,1.6135,2.4947,-1.3355,-0.24759,4.2673,2
0.42759,-0.66497,0.9807,1.2242,1.5095,6.7261,3.2436,-0.078661,1
-0.3383,-2.3976,3.6593,1.7731,-0.34259,0.39411,-2.753,4.0282,3
0.49411,-0.50992,2.6923,-1.2956,3.2686,-0.62543,9.734,5.5246,3
-1.8746,1.0841,-1.297,1.8225,0.65331,-2.6119,1.0805,0.93254,3
-0.45511,-1.1351,0.14782,-1.6689,0.91074,-0.2632,-2.6009,-0.96183,3
0.80371,1.0099,4.4492,-0.47695,0.23608,-1.8284,8.1027,2.0188,1
2.332,2.9592,7.0637,-4.4531,-0.020753,8.3707,4.5189,4.3335,2
0.09203,-1.2124,-0.53118,0.24804,-0.12389,2.1534,-0.93148,0.58508,1
1.1252,2.1157,2.5092,0.38763,0.37838,-3.2325,4.1918,-1.4599,1
3.0213,1.2045,1.4511,0.57944,-0.14325,2.5824,-2.1558,0.98574,1
-0.2716,1.8129,6.2686,3.4279,0.9461,2.3381,0.68673,0.7913,3
-2.6413,-0.28169,0.15277,2.3217,2.5411,-0.09056,2.9623,-0.17863,1
-0.73655,-2.6111,-0.39172,0.82078,0.26415,-1.6232,-1.6641,3.1997,1
3.9708,-2.7571,-0.1431,-1.7992,-0.072228,-4.9611,-4.0104,0.18708,3
0.21993,4.3134,1.9086,1.2548,-0.078988,-2.6749,-2.0609,1.1231,1
1.2771,-1.658,7.0873,0.048057,4.9056,7.4792,4.8935,7.1181,2
-2.8587,-2.7397,-0.43841,-0.28386,-0.76736,-0.95306,0.082161,-1.2353,1
0.54143,1.7247,0.58821,3.2564,-0.8962,1.8782,-3.6155,0.26171,1
3.5654,-1.2017,-0.78888,0.77333,4.4999,2.9757,0.94586,-1.9093,1
1.8987,0.33452,7.6448,-0.15529,6.9019,10.105,-3.0574,4.8959,2
-0.079092,0.52152,4.3281,6.2115,4.7676,4.2268,2.9743,3.2352,2
1.7969,2.413,-1.139,3.5,-1.4273,3.4195,-0.4615,0.10237,1
0.45678,2.8483,4.6801,4.0782,1.9276,8.0853,-1.6656,6.4081,2
1.9224,-0.61146,3.2933,0.24233,0.76458,0.94193,-0.62109,-1.3549,1
4.4835,1.4964,-0.34412,-0.66308,-0.11676,2.6516,0.92426,5.1257,1
-2.8551,0.7082,-0.10806,-1.461,1.8122,0.17182,1.9499,-0.77987,1
-1.9547,1.231,6.0355,0.12924,-0.61198,-2.2854,3.3201,-1.0854,1
-0.63987,-0.59445,2.886,2.6927,-0.88074,1.3387,1.8108,1.4412,1
-1.2895,1.9424,-0.13901,2.6988,3.9849,-2.5583,6.0984,1.728,3
0.35053,2.6256,-2.0493,-1.8035,6.2332,-0.66752,-0.05326,5.2958,2
-2.6408,-1.5342,2.3871,1.2145,1.4356,-0.92513,-4.0008,0.89321,3
-0.80812,-1.3346,-0.13762,1.5303,4.0655,-2.3633,-1.5658,-0.94633,3
0.2175,-0.98671,0.024188,2.4928,3.6705,-2.4261,7.4159,2.2645,1
2.3011,2.418,3.5367,-0.61827,6.4198,3.6855,1.0129,6.0312,2
-2.446,-1.5328,0.67746,2.1328,-0.76756,3.9996,-3.3687,2.0316,1
-0.41201,-0.36052,0.32795,-1.0164,-0.59223,-3.8243,6.4745,1.6242,3
2.8032,-2.735,5.2031,-0.02303,4.4965,4.972,5.421,5.6429,2
1.129,2.3571,-0.34797,3.6025,1.0914,1.8741,-4.3601,2.2026,1
0.49274,3.5434,7.1304,1.9546,6.4994,2.2216,1.3496,7.1148,2
2.4424,-1.426,7.2516,-0.048285,0.97712,-2.4057,1.6625,-0.26675,1
2.8129,0.78999,5.6523,-1.4939,0.099197,0.35438,-1.3246,1.5341,3
3.4257,3.7656,3.7986,-1.3998,5.6463,5.066,4.0311,6.8156,2
0.24176,5.9328,4.0934,-0.052359,-0.2185,0.36016,-0.89034,0.4668,1
0.80811,1.5562,0.89838,-1.4773,0.93689,1.6929,3.5752,-1.4958,3
0.54561,1.1023,1.0629,-0.80724,0.050921,2.5034,-1.0307,-0.35545,3
0.66963,-1.6441,4.1443,-1.0703,1.2918,4.0155,3.3803,-1.4942,3
0.42743,2.7315,1.8415,4.9573,2.2354,0.90386,-1.4689,4.7725,2
-2.3303,2.4099,4.1121,2.4119,5.7852,-4.3229,1.4588,4.2933,2
-2.901,-0.93895,-1.8517,3.0439,0.63811,-4.2748,2.5316,-0.029678,3
1.8128,2.6547,6.7198,1.4329,6.6445,1.7377,2.8995,6.0437,2
3.0733,0.075139,0.59386,3.9401,3.9791,3.8655,2.6887,3.9053,2
4.603,0.79801,-0.54305,-0.84636,3.7688,1.5043,2.5708,-0.62441,3
1.0699,-0.34997,5.0337,1.3791,5.743,5.7195,3.724,3.1238,2
1.2359,-2.5871,0.37201,-1.0323,1.0329,-2.8253,-2.9937,-0.99824,3
-1.4679,-0.47667,-1.4478,-0.59942,1.5946,-2.3655,10.564,-0.69476,3
-0.67781,0.28642,-1.8823,-0.85755,1.2694,4.8454,-0.79483,2.7982,1
-0.9835,0.65292,-0.022137,-1.7985,-1.7848,-0.6883,6.7392,0.76856,1
1.9583,0.095766,6.0825,3.3818,5.6183,5.3618,2.8452,5.83,2
2.6685,-3.2184,5.6309,-0.68457,5.7574,5.3394,-0.19517,6.0168,2
1.9757,-0.06039,7.058,2.2682,5.4085,3.5914,0.8288,6.2956,2
-2.0349,1.7103,-1.4681,0.45862,-1.2391,1.2135,2.2681,-1.661,3
2.4188,1.0749,5.4363,1.8161,6.1558,6.7971,-0.66492,5.5804,2
-1.7284,-0.4788,-1.1902,0.063815,1.3317,7.4643,4.2356,1.0719,1
-0.88596,0.30337,0.81569,-1.4249,2.9752,5.8628,5.6025,2.4519,1
1.6859,-1.8087,3.5134,-1.8956,0.97493,-2.8579,-1.433,1.9665,3
4.1074,-0.2487,-1.3858,-0.62647,2.5379,-0.71928,-4.1959,4.7356,1
-0.56502,0.27846,0.26936,1.2896,-0.6063,-2.8487,-1.8216,3.4352,1
-4.376,0.77914,2.5624,1.4948,7.3246,9.829,2.7512,7.9157,2
-0.70209,-2.2139,1.3618,-0.31589,2.3813,2.043,-3.9248,3.946,3
3.1656,2.1265,6.9456,3.647,6.8913,6.4744,0.44719,7.2118,2
1.1504,-2.7746,7.039,0.74576,-0.32411,13.126,-3.9688,2.6229,3
6.4101,0.23385,1.2082,2.5748,-1.1137,-3.4165,7.4299,0.62543,3
1.6928,-0.68856,0.86842,1.4454,-0.35207,4.4337,-3.4497,-0.72495,3
2.8748,0.25695,5.3749,-15.308,0.67527,7.4736,1.223,3.3388,2
7.9315,0.29149,0.20925,3.5587,-0.43703,-4.0509,-3.5268,2.0331,1
2.627,2.8946,2.3137,3.1898,6.2766,-1.4977,2.5947,4.2338,2
4.6687,1.3142,0.53797,-1.2531,-0.07537,-2.5316,-2.8553,2.0375,1
-1.0181,-2.2025,0.32311,-0.95004,4.6639,0.49564,1.7341,-0.96376,1
0.77463,-0.10758,6.2669,2.8085,-0.79508,1.0908,-2.0895,-0.71506,1
-1.4541,-0.60439,0.81729,0.93004,0.018831,5.7928,4.4578,-0.69456,3
-0.51733,2.9007,0.90185,3.497,7.9388,-4.8483,-4.3957,3.8701,1
-1.6167,3.4773,-0.36328,0.15735,5.507,1.3306,7.3698,0.4704,3
-2.3734,0.70095,-0.42543,-0.94294,1.9112,-1.9977,7.6021,1.8441,1
-1.0957,-0.45706,-0.35484,2.1245,0.097171,0.12202,-2.6468,1.2002,1
0.82867,0.89997,5.0715,5.86,0.97854,7.2601,4.9931,5.8626,2
-1.1111,0.98622,0.28264,1.0913,0.56304,-0.89909,9.0278,-0.68574,1
0.9192,0.029545,4.5307,4.0557,6.199,8.0132,1.7533,6.0682,2
0.94522,-1.6271,3.0784,0.3349,4.084,-1.6949,3.2023,0.13142,1
0.82195,1.4488,0.89377,-0.6598,1.928,-3.8563,-0.6288,2.6003,1
-5.3458,3.6895,-1.1797,6.1197,4.6577,5.245,2.5198,0.89856,2
-2.2418,-0.83242,1.7893,-0.35437,1.4353,4.1517,-2.7604,1.5454,3
-1.9234,0.13444,-1.8385,2.1512,6.7218,5.202,-2.2222,2.5602,3
0.52317,-0.016749,1.8213,-1.3703,0.054052,1.274,9.6811,-0.32963,1
-1.8382,2.844,3.7923,5.8543,3.7681,5.285,4.2222,5.4339,2
1.6286,-0.90344,0.16904,3.9834,-1.4455,0.15549,-2.9649,-0.2452,1
2.895,2.9656,5.9896,6.2101,5.9096,-1.4253,-0.43516,2.1388,2
0.40805,-0.67911,-1.9061,6.8644,4.9179,-0.24135,-0.78338,3.3548,1
0.952,0.33158,1.7539,3.1336,3.7487,5.2002,3.8912,2.2273,2
-0.34272,4.4026,2.4823,0.19958,3.207,0.64085,-1.2147,-1.8082,3
-2.8638,3.4496,6.889,0.7773,5.5787,8.947,4.6483,0.73662,2
0.81789,0.35545,6.723,1.5978,4.7542,6.1085,-1.5232,5.5957,2
-1.4908,-1.1016,2.1764,0.90167,-0.44499,-3.9554,-1.2162,1.3555,3
3.1795,-0.29161,6.4518,5.5082,7.8337,6.2158,1.2727,-0.56089,2
-1.6341,2.101,7.1196,1.9073,6.0996,7.027,4.5923,3.3526,2
2.7474,-4.7626,7.0725,1.9007,4.7529,5.7382,2.9618,5.1517,2
1.7232,0.86546,1.149,-1.6629,3.3938,5.5917,-3.4936,2.6234,1
2.4568,2.6806,3.8793,-2.9929,4.8195,5.9573,-2.4528,6.5762,2
-1.4578,1.1926,-0.062389,0.40011,2.4314,-3.8576,1.6903,4.8896,3
0.21192,-1.194,-0.80826,6.9381,2.4453,-0.8191,-5.0353,1.356,1
-0.92027,-0.80136,-0.19054,-1.7886,-0.43673,5.8488,-4.2014,2.3851,3
1.8631,2.1473,6.454,2.6487,6.3737,8.9637,2.2215,3.7803,2
0.2892,-0.62086,4.2926,0.21611,2.1524,1.9254,3.6734,7.7554,2
2.7101,-1.4443,5.7663,-0.16969,-1.2747,2.2208,6.1638,3.575,3
-1.5094,-1.6939,0.44352,-1.2748,1.8199,-0.74244,-3.171,4.6451,3
-1.2078,3.0068,0.92329,0.56677,-0.076731,-4.2376,1.8522,2.8757,3
-1.805,0.19469,-1.4253,3.5367,0.47173,-0.97607,-1.5282,4.1114,3
2.7561,-1.0489,6.5667,-0.48609,5.048,9.3485,-3.7359,5.9214,2
-2.0174,2.5937,5.1872,2.1811,1.1879,4.3019,2.8391,-1.8284,3
0.49839,3.1863,6.4619,4.5529,1.4573,8.8124,2.8168,7.5777,2
-2.6203,-1.4401,2.2658,-0.54025,2.9934,-2.8805,2.8053,0.38655,3
-0.77967,0.98484,1.5805,0.21378,-1.1446,4.3077,-4.8208,0.058704,3
-4.254,1.1539,0.17368,-3.498,6.9884,4.6583,3.634,5.662,2
-1.3987,1.4059,1.3733,3.1405,-0.74675,-3.1595,-0.075543,1.1887,3
0.89806,1.647,6.7264,4.6949,0.62912,-4.522,3.5261,2.173,3
5.0379,-1.9646,2.0284,-1.2214,-0.81647,0.44363,2.1254,1.9342,3
1.458,-0.51449,0.53668,0.53921,-0.073882,5.2548,-1.5761,0.043984,3
-2.2087,-0.88829,-1.3181,0.003884,-1.7064,-3.2957,1.5739,4.8734,3
3.3107,0.8846,6.624,3.5845,-0.99079,6.0705,2.8125,6.4044,2
2.1418,1.7612,4.4908,6.1791,6.8994,-0.19714,-0.84071,-0.67041,2
-1.587,-2.4604,1.3341,-1.3575,-0.78403,-0.86289,4.6772,0.75967,1
-0.44989,1.137,2.8894,5.2338,6.0687,8.1201,3.2113,2.2954,2
0.031067,3.8714,1.9249,1.712,0.82909,-0.13931,-3.2471,-1.3885,1
-1.4096,0.68853,2.5854,1.3241,-0.49864,-4.0094,2.9494,2.3473,3
2.2724,1.0356,2.2533,-4.1946,4.4038,10.487,1.7272,6.1515,2
0.78749,-2.0956,-1.5609,3.8485,0.79277,1.4941,-1.3408,0.53473,1
-0.37097,-2.3993,0.64518,7.3298,-1.4276,-1.4819,-1.1906,3.3256,3
6.6804,4.7239,1.023,3.5904,1.4261,-1.729,4.8592,0.57797,3
3.1161,3.2523,0.28548,0.88059,2.5369,-0.61198,-3.0098,3.6253,3
-1.9538,-1.8537,5.5514,0.50814,2.3194,4.2779,-0.69804,-0.38062,3
-3.0268,-1.7848,3.0966,-1.9588,1.8455,0.24022,-1.2937,4.0114,3
-2.9829,1.5179,7.2679,4.4371,6.8418,2.5795,-4.2737,3.1448,2
2.6876,-0.63149,-0.60684,0.9153,2.5173,0.49743,-0.69674,5.0471,3
-1.9573,-0.21557,2.0973,1.0116,0.34107,1.6655,2.4914,0.62737,1
1.3682,0.88123,-0.27041,5.2683,1.6629,-0.95434,0.4923,-0.75238,1
-0.36138,2.8356,3.0176,-3.3309,5.9266,9.4135,-2.4125,6.3253,2
2.1807,1.9574,2.9677,-0.35877,7.3719,7.1883,4.2765,5.7617,2
1.5285,-0.33128,8.9212,-0.69238,-0.21892,-0.55261,2.3127,-0.24276,1
0.49903,6.6393,1.2401,4.2458,3.2332,5.7963,-2.4973,-1.1407,1
3.5937,-1.0605,4.3689,0.42846,6.8291,7.2309,-1.0437,5.0018,2
0.058253,3.0987,5.6903,2.7435,0.18531,2.2517,4.5672,2.8476,2
2.8831,-2.3445,4.3082,-2.5969,2.4266,8.9473,-2.5241,7.6037,2
-0.13933,0.29169,0.66729,1.4489,0.19704,4.9794,1.7824,-1.2943,3
-0.34272,4.4026,2.4823,0.19958,3.207,0.64085,-1.2147,-1.8082,1
2.9097,-1.7221,3.6841,0.88309,5.4028,7.556,1.7506,7.5507,2
-1.9986,4.2416,-1.1911,-1.4678,-0.90938,-1.2677,2.0481,-0.13987,3
-2.2165,-3.0047,2.7699,-0.51441,-0.98714,3.8417,1.431,-0.35959,3
1.762,3.3405,6.7996,0.34956,5.994,2.6794,4.0821,3.1273,2
3.1442,0.18784,4.672,-0.70945,0.5803,-2.9036,0.36772,-1.0988,1
2.8144,-2.0089,0.61499,-1.6406,1.2817,7.4023,7.9439,-0.10302,1
-1.9489,0.89919,-1.7299,2.5055,0.84525,-2.0378,0.44596,2.6802,1
3.9608,2.9791,2.2992,3.9033,6.8872,0.33655,2.0765,6.1723,2
2.2977,1.5067,3.272,-2.5202,5.008,-2.9419,0.21738,6.9488,2
-1.6312,-3.0051,2.0004,1.0927,-0.29052,3.4314,7.3374,1.6599,1
-1.7539,-2.1194,-0.30673,3.8533,-0.27052,-2.0828,3.3906,0.069547,1
0.093893,-2.4259,0.87759,1.0978,1.6945,-0.37535,-3.1156,-1.1639,3
0.88245,1.9981,-1.2058,-2.2198,6.3167,6.6346,0.78465,4.0646,2
4.3518,2.8271,0.52846,-0.27856,4.4121,-0.34747,-0.85103,3.3928,1
-1.9756,-1.5555,2.3264,-0.5622,0.3065,4.2478,-3.7549,-1.391,1
-1.4074,-3.0059,3.591,3.1725,3.0629,-0.089211,4.7529,5.0206,2
0.96702,-1.169,6.0435,-2.2917,7.6616,8.4896,1.885,4.1497,2
2.5079,-1.213,1.154,0.27546,1.7997,10.407,-1.7721,5.7042,2
-1.1679,-0.96019,0.072467,2.52,0.50849,1.6911,4.0948,-0.78582,3
-0.83667,0.98216,4.0638,-0.96538,-0.068269,-2.3919,-4.1524,-1.0473,1
-1.0867,-0.36913,-0.73229,0.30868,-0.03293,-0.63215,-0.86508,1.5328,1
2.5448,-1.2991,0.48864,2.5488,4.778,-2.3474,-0.080018,3.0266,3
4.1694,0.50798,0.55981,5.3487,3.9265,13.283,-0.63878,1.8715,3
1.4203,-2.6583,2.2665,0.2355,3.2522,3.2483,3.8298,-0.56646,3
2.1651,0.45538,6.568,-0.22538,4.5941,7.2754,0.96829,3.5956,2
0.53932,1.1346,4.5162,-0.74537,-0.91104,3.3018,2.527,3.3705,1
2.9788,1.5575,4.8868,4.3171,2.4347,5.5957,-0.63124,5.3285,2
-1.1945,0.46913,3.9946,-0.29544,1.7234,-3.5786,-1.8644,-0.74684,3
-1.9128,0.12936,4.3606,2.9522,-0.36915,0.34219,-2.448,1.769,1
2.5436,4.8695,-1.1308,-0.6917,0.40612,3.7578,-2.0465,0.51471,1
2.9109,-1.6648,-0.96147,0.16025,0.15491,2.6237,2.1487,-0.66495,1
0.28535,0.24272,-1.2079,-0.47854,3.4065,-1.8177,9.6022,0.30349,1
1.2857,-0.24106,5.6491,5.4595,4.8276,5.6056,4.5236,3.384,2
1.1539,-0.11031,1.4911,0.32405,2.0673,-2.3011,10.159,1.0298,3
0.54728,2.1333,3.585,3.4121,1.3513,5.4143,3.5159,4.2544,2
-1.5221,-1.1219,4.0786,-0.30775,-1.5281,0.9807,-0.49392,4.5079,1
-1.3176,0.801,-1.6545,0.20826,-0.33088,7.4642,-0.55119,0.90485,3
0.57277,-2.1889,0.7043,-0.91376,-0.38471,4.7669,-3.586,-0.54676,1
-2.6959,0.089991,-0.49315,-0.24194,6.4927,-2.3264,3.7669,7.148,2
1.9169,2.7498,6.8204,4.543,6.0982,-2.7046,-0.83339,4.9936,2
0.38266,-3.5918,6.2398,5.1377,7.1001,-2.6542,2.4743,5.0937,2
2.1848,-1.4233,5.0276,1.9038,1.4344,-0.17354,1.3332,-0.060822,3
2.3044,-1.8932,4.8502,4.4781,7.1027,3.7884,4.4676,1.0806,2
0.22567,-2.8596,1.1646,3.8056,2.6914,2.5663,1.2815,0.027533,1
-1.3903,-1.3882,2.1853,-1.1573,6.1292,5.601,1.9134,5.7278,2
0.51913,-1.4815,2.1517,1.9921,-1.4902,1.9525,-4.7507,3.7007,3
3.2063,3.1714,3.8159,-3.9878,7.3677,6.9746,2.6664,6.0632,2
3.0934,0.97107,4.7134,3.4507,5.723,-3.5503,4.0576,5.5067,2
0.22417,2.7889,5.442,-5.1703,5.0781,4.2086,0.79346,6.9613,2
-1.5871,0.75924,3.0532,-0.14659,1.262,2.0628,4.9145,0.12558,1
-0.10577,1.0096,-0.92719,0.9295,-1.0941,-0.75113,-1.1389,0.37145,3
-0.19952,-0.46723,0.089837,4.3949,-0.32579,3.2045,4.3158,-0.45565,1
1.806,-2.1103,-1.8973,2.3475,4.8962,1.0629,-0.57375,-0.11634,1
1.8042,-2.478,1.7425,4.4372,6.0875,-1.0527,4.5654,7.2684,2
0.42242,-1.2173,4.1164,0.30136,-0.47491,0.022756,-0.31613,2.2589,1
-0.32658,-2.3088,-0.68612,-1.9425,0.73193,1.2994,0.95849,1.0477,1
-1.7526,2.557,0.61184,-0.68197,4.7164,-1.4027,3.3998,4.511,2
0.1556,-1.0349,3.0537,1.3961,4.6168,8.1001,-3.5692,2.6905,3
-0.75386,-0.36328,5.9186,2.1169,6.9735,-6.0151,3.7183,4.2613,2
0.47478,2.6116,5.1648,-0.45335,1.9538,7.2249,-1.0891,7.6509,2
3.1574,-2.4997,7.6679,5.4776,6.5025,6.6808,-1.8583,5.9222,2
-0.10886,-1.8025,3.8222,2.1485,-1.0839,-1.7229,0.25799,1.643,3
-0.14371,2.5529,-0.73126,0.61712,1.2165,-2.5223,0.57168,0.95471,1
-2.3208,-2.3497,2.1944,2.5002,0.35931,-4.1567,7.5695,-0.51444,3
0.7879,-0.22357,5.9054,4.4085,6.3811,7.4046,1.3769,2.9244,2
-1.9761,1.0157,2.0487,-2.787,6.8551,5.9367,2.3608,6.8639,2
3.6269,1.4787,3.7335,-7.053,2.8878,10.314,-0.085453,3.0564,2
0.035943,-1.6494,-0.15013,1.5419,-0.45945,1.3839,-0.92639,2.5036,1
-0.84571,3.1411,-0.91174,1.4748,-1.1012,0.48357,-3.3003,-1.0825,1
2.1509,-1.7217,-1.238,2.0751,1.4903,3.2212,-0.334,1.4507,3
1.245,1.2374,6.9129,3.8687,5.137,0.090067,3.2332,7.4086,2
-2.059,1.9352,-0.47353,-0.9601,2.3055,-2.5619,2.0595,0.81556,1
2.2608,1.4804,6.3182,-1.0741,4.0486,0.78155,4.1026,6.7109,2
-1.3864,-2.0755,-0.48051,1.8963,4.7392,5.0277,-2.1111,3.6345,1
3.8116,1.326,5.4644,1.0958,-0.29221,2.3303,-4.6501,1.9137,3
-0.56664,-1.8676,0.20506,3.292,2.3071,2.2253,2.8164,-0.71826,1
-1.7549,2.1913,7.1593,3.7826,7.301,1.4455,0.67889,2.6355,2
-1.4409,-1.3791,-0.68786,0.65863,-1.6092,0.40189,10.477,-1.2093,1
0.71983,2.7762,-0.54181,1.6678,-0.38061,1.7844,11.675,-0.98676,3
0.64096,-0.22534,1.1053,-1.486,1.7528,-4.1125,-4.4729,1.5579,3
-0.18283,1.2942,1.5859,2.4463,2.5483,-4.4179,2.1444,-0.81036,1
0.094339,-0.22346,-1.6021,-1.5382,-1.844,-4.14,-3.182,-0.53286,1
-1.0653,1.519,-0.98144,2.9125,3.9783,9.5801,5.0725,0.19197,1
0.28832,-0.97497,2.1199,2.9159,5.2051,8.1896,-0.9045,2.4563,1
1.3522,0.10789,-1.5703,-0.97386,1.7039,2.1357,-3.2591,-0.030309,3
-1.3594,-1.0607,7.6721,3.1146,7.7886,8.0478,5.259,7.5683,2
-2.2989,-2.8188,3.7822,2.9708,0.386,1.1732,4.9445,-1.2181,3
3.1042,-0.25356,5.4177,-2.4584,6.0994,8.7132,1.4908,5.5132,2
2.005,1.0305,1.8063,-1.2786,0.47885,-4.4078,6.1466,1.1625,3
-0.20739,1.1373,3.0671,3.0145,1.8449,2.5293,-2.4591,-0.065149,1
3.0339,-0.76366,6.6184,6.0753,3.8549,2.922,4.1604,6.3158,2
-0.15901,1.3743,2.6762,-0.52627,1.0919,2.7968,0.89339,0.69515,3
-2.0783,-2.607,-1.1449,0.65452,-0.10063,-0.20233,-2.6316,1.3972,1
-2.0899,-0.24524,0.97731,4.9864,3.9029,0.50375,-4.3874,0.39755,3
-1.0071,-1.3421,3.4365,-0.94041,0.37732,10.551,3.8974,0.36153,3
-2.167,1.0214,4.2598,5.1291,4.3892,8.0565,3.8976,2.2532,3
2.8378,0.49301,6.6863,5.0994,6.8893,9.4828,1.6267,4.605,2
3.2391,-3.333,5.0766,-12.569,7.0711,0.81752,0.48727,5.6232,2
-0.008894,-0.55251,1.4489,-0.98875,-1.2837,4.954,-2.0725,-0.78878,1
0.95613,-0.094238,4.8554,3.0733,4.4934,3.6765,1.4899,6.6194,2
-2.3264,-1.3694,0.26953,-1.362,0.94554,2.944,-2.9491,4.9842,3
1.308,-1.5293,0.70434,3.3926,-0.53119,-1.2698,-3.6806,2.568,1
-2.4109,-1.1585,2.3984,-0.37276,2.6168,-1.9338,13.683,2.2339,1
-1.6223,-1.7929,0.22848,3.9259,-0.62185,1.454,-0.83378,-0.39235,3
-0.42452,-2.7213,2.4663,0.085747,-0.97489,2.1491,10.486,2.1544,3
-0.031996,-2.0541,5.5928,-0.23797,6.804,9.1203,-3.8798,5.677,2
-0.15222,0.97155,1.4051,-0.013155,-0.93138,9.3097,1.716,2.4641,1
-0.77453,-2.0003,-1.0728,-0.92714,3.7606,-1.1449,-2.684,0.10977,1
5.4084,6.491,0.10463,9.2319,0.87023,5.013,6.0637,-1.1918,3
0.98629,0.94509,4.9304,-0.37048,0.91949,-2.6295,5.0832,1.7602,3
0.92775,0.23296,-1.036,1.1707,0.13123,-4.3202,0.32925,0.086692,1
-3.9565,0.44296,0.92575,3.4887,6.7347,8.4872,-0.85345,5.1696,2
-2.1571,-0.060294,-0.24061,-0.26696,2.4593,11.987,0.2381,-1.6805,1
0.86228,2.3777,7.562,-6.1625,7.3254,6.8001,-0.31863,4.4574,2
-2.2673,2.8765,-0.62843,-0.5002,0.40564,-0.21752,3.6658,-0.14773,3
2.7411,-0.5815,6.8511,-3.1867,4.1908,4.2759,4.504,6.6397,2
-2.1968,-2.8232,0.85318,-0.28745,-0.5345,-0.96944,-2.0764,1.0947,1
0.21534,3.332,4.6195,-6.0407,5.9048,7.1204,2.6211,4.425,2
-0.13372,-2.2357,1.1638,-1.0107,8.0482,1.4874,1.963,3.5896,3
-2.5414,2.5413,0.60949,2.9722,0.041033,-0.28364,-2.7513,-0.20507,3
-1.4279,-2.483,0.745,0.43933,4.21,-2.9628,10.125,0.15894,3
-0.090545,-1.6401,1.5381,0.30235,1.0616,0.78965,2.6952,11.72,3
2.6388,-0.91559,2.4047,0.34915,2.5548,3.2989,6.6728,4.284,3
0.91853,3.2627,2.4791,6.8681,0.25682,0.7655,13.052,1.1737,3
-1.1552,-0.75352,3.0701,3.1918,3.9543,-2.3787,-0.24879,-0.78953,3
3.9703,1.842,0.66189,-0.59597,-1.4351,2.1234,3.4351,-0.97905,3
0.31957,0.402,1.6314,0.82957,2.6809,0.17519,1.1627,-0.14463,1
0.74103,3.4665,4.6998,5.9984,6.9323,3.4786,-2.2658,5.3709,2
3.1625,0.50974,5.6465,1.9951,-0.81873,4.351,-3.749,6.8338,2
2.161,-2.6575,1.8573,3.2608,0.32136,9.4159,5.0795,0.31999,1
-0.084261,-0.33847,4.1398,1.0074,3.5627,-2.6271,9.611,-1.0244,1
-0.16295,0.42013,-0.48464,1.147,0.88397,4.3861,-0.5382,-0.1164,3
4.1369,-1.4932,0.50632,-1.2808,6.7976,0.4742,7.2661,2.0992,3
0.15884,-1.5075,2.4722,1.3448,-0.92524,-1.5905,2.0951,5.9854,3
2.7409,2.2056,4.5027,2.5505,6.2456,7.7487,5.1263,4.6201,2
1.3355,-2.967,0.17725,-0.83417,3.6877,7.7308,3.2183,-0.10292,1
-1.7596,0.64516,4.8192,3.2172,2.7691,8.643,0.26808,5.9199,2
1.6755,0.89855,-1.6513,-0.22282,-1.2697,8.9087,-3.5893,1.6376,1
2.9081,2.0959,3.3223,-1.8113,6.0775,5.6766,4.7916,6.5771,2
3.0213,1.2045,1.4511,0.57944,-0.14325,2.5824,-2.1558,0.98574,3
1.2315,-1.312,-0.97538,0.73257,-0.25992,7.9609,2.3509,-0.78842,3
0.45449,-1.3336,4.7309,1.6296,-1.3556,3.133,2.5187,3.1406,1
-2.7546,-2.3724,8.2337,2.2952,0.16628,1.1843,0.47744,1.7847,3
1.8084,2.9345,6.7876,2.3499,3.8275,4.6237,-2.8408,5.9729,2
0.70177,3.1161,1.0389,0.68524,-1.7628,-2.5367,3.9997,0.38153,1
1.1944,2.3767,0.80219,-0.41862,-1.6882,-2.4597,-0.89977,0.68204,1
1.8451,-2.0681,5.1983,3.1864,5.3743,4.3487,1.4887,5.702,2
3.2274,-4.4336,4.1264,-1.5786,5.7687,3.1008,3.8135,3.7209,2
-0.26008,-1.4778,0.35291,0.57735,1.2482,-1.3969,11.453,1.5904,3
1.6611,1.3251,4.0113,5.0966,6.8931,4.6883,-1.8211,4.8973,2
1.9665,-5.1464,3.3056,-1.9083,6.44,3.6545,2.4458,3.2676,2
0.68967,-2.147,0.19676,1.7168,4.5207,-0.79952,-3.3954,-0.795,1
2.5993,2.9066,5.0712,-2.6865,0.9797,-1.9713,5.0851,2.7922,2
6.4884,-0.47275,2.0884,-1.6086,2.3221,1.1382,-3.3884,1.4225,1
2.0882,-2.5971,4.8807,5.5634,4.7718,-0.82585,2.0624,6.9278,2
-2.2694,-2.412,1.5869,1.8677,-0.84655,6.3181,-2.0246,3.4415,3
2.7437,-0.487,5.9532,-5.2923,5.7787,7.502,-0.76321,7.976,2
-1.261,-2.4707,2.5705,0.44402,3.0822,-0.25749,0.18,-0.25478,1
-0.42884,-1.1771,4.4295,5.2123,4.119,3.5145,0.052101,5.3976,2
-0.28143,0.38789,2.9174,4.3663,3.1984,-2.4314,0.37877,5.1065,3
0.55316,-1.744,2.2912,2.4317,-0.44839,-1.7742,-2.6663,1.097,1
-2.4351,-0.66393,6.3332,-0.27207,2.3626,-1.5395,-4.2223,1.3174,1
-0.29078,3.2838,5.3394,3.6184,7.1586,7.3566,-0.11521,3.0637,2
0.49671,-1.8962,2.4902,0.85548,1.5167,-3.7564,1.4308,0.89628,3
-1.0635,0.93633,3.6531,0.29187,-1.8338,1.2618,-2.8345,0.75209,1
-0.57892,0.55626,5.3265,4.3271,3.1762,5.5335,3.6629,0.8063,1
-1.9392,1.3514,2.8041,-1.3864,0.035186,-0.40231,-3.9184,-1.1067,3
0.23034,3.7788,0.66307,1.2229,0.041717,1.7946,-2.6841,3.3744,3
-2.3612,0.013766,3.6525,-0.57292,-1.3146,3.0368,0.78232,3.3878,1
-1.5746,5.6068,-0.13599,-1.1761,1.4957,7.1655,-0.86486,-1.6724,3
-0.29924,-1.1355,1.0678,-1.8019,0.91268,2.3066,0.32236,0.54154,3
2.1019,2.5717,4.5598,6.2697,2.3669,9.8966,4.7101,4.5754,2
4.3519,-0.69187,0.16183,-0.66771,-1.8405,-4.2126,1.8671,-0.13891,1
-1.2515,-1.3017,-1.5663,0.2188,0.77986,7.1831,2.0765,0.38783,3
0.46379,0.73047,0.060041,4.6443,0.43791,3.1452,1.2651,-1.6682,1
2.4902,-0.23576,6.6111,0.99518,7.2072,9.7253,-4.098,7.2232,2
1.0093,-0.81659,0.28673,-0.38932,3.4667,-2.1978,3.668,-1.795,3
-0.68328,-0.50862,5.1584,3.6695,2.2755,-0.078487,3.8688,4.8674,2
-0.7925,-1.6436,1.5925,0.26825,-0.33733,-3.2659,1.1752,-0.78671,3
0.45193,-0.23487,0.10689,0.87366,0.94874,1.4369,3.9957,2.3175,1
-1.6789,0.82656,2.026,0.063779,4.3162,-4.6297,4.1664,0.58508,3
2.7518,-0.10944,6.2844,-6.1689,3.5097,6.7259,4.005,5.6136,2
-0.19591,5.4486,3.1027,3.8447,0.21529,-3.0421,9.3234,-0.86659,3
1.3518,0.16729,-1.7289,1.0097,4.2045,2.5917,-1.8782,3.6693,3
2.683,2.6872,7.1339,0.31724,7.3483,-2.5014,-1.0458,6.564,2
5.9917,0.39058,-1.3735,-0.9686,0.69954,14.229,3.9855,3.1767,1
-0.17714,5.3004,-0.7152,-1.6671,-0.64492,1.8045,-0.63047,1.0549,3
-1.373,2.5039,2.9422,-11.921,5.5366,9.8465,1.5783,7.618,2
1.3007,-0.9723,-1.7078,-1.2961,-0.6068,2.971,-2.2623,2.2589,1
-2.0726,2.6766,0.68533,-0.69534,2.7915,6.6352,4.2651,3.1421,3
-1.3637,0.19498,0.59564,0.57108,2.1393,2.8775,2.3244,1.0166,3
1.3313,0.016895,5.1936,0.013454,3.1843,11.073,-3.4411,4.6754,2
-2.7336,-1.4921,4.3796,1.7583,1.2836,2.8513,0.48207,0.86203,3
-2.5387,-1.3334,1.2919,3.1871,-1.2236,10.371,5.8103,-0.49113,1
0.756,3.5391,6.5193,1.9383,6.5184,4.3965,-2.2207,4.5207,2
-0.45563,-0.8987,-0.6661,-1.071,0.94697,6.9773,5.8038,-1.0712,1
-1.334,-3.0129,-1.1792,3.8075,-0.22662,-3.0511,13.754,-0.8127,3
-0.69811,4.0078,0.4291,-1.414,5.3916,2.5661,3.6124,-1.6713,3
-0.61355,-1.4914,-1.4878,-0.77026,-0.032585,-3.1258,0.46187,4.073,1
1.3428,5.2455,0.025369,1.7923,2.1369,-2.5344,2.0167,-1.2633,1
4.5181,-0.51006,-1.7836,-0.56198,2.4332,4.2674,-3.2945,0.49811,3
-0.23648,-1.1109,0.7119,0.99914,3.0339,-4.7275,-0.71803,1.1644,3
1.5682,1.1557,6.2739,5.5747,5.3825,8.8098,4.318,6.0088,2
3.2199,1.1211,2.9451,0.032495,5.7056,-2.6191,4.1429,5.2744,2
1.0835,-1.0182,2.4942,0.57803,-0.73031,11.31,-0.53119,-0.24271,3
-0.15719,-2.179,0.8053,-0.87662,3.639,-0.1166,-0.80884,1.0353,1
0.64503,1.162,0.42675,2.9464,-0.797,-0.93902,6.9262,3.9496,1
1.6759,1.6185,4.2656,3.7452,5.2382,2.1097,3.8246,4.0589,2
0.34471,0.54789,6.0958,-2.8728,2.2218,5.3152,-1.2721,7.5605,2
1.7884,1.0187,4.9545,3.2321,1.5233,8.6196,4.8468,5.8118,2
-0.97768,-2.7385,4.8816,-1.1437,3.3862,0.4535,-2.779,-0.51585,1
-2.0881,-0.1377,0.77364,4.0057,-1.6672,-0.1866,0.79516,1.8388,1
-1.3262,-1.3785,2.1988,3.1154,2.0898,2.8944,-2.2136,1.1304,3
1.0327,-2.1068,3.89,4.3912,0.16403,-5.009,6.7408,-0.1871,1
1.0803,-2.1298,-1.659,-1.1544,1.8746,2.8919,3.4956,2.8285,1
-0.19898,2.3651,4.2484,2.4019,4.6861,8.8545,1.3239,5.7867,2
-0.82985,-1.3863,4.4951,-1.2203,1.3874,-2.2702,6.4106,4.9312,1
-2.2632,2.698,0.67463,0.43877,5.2217,-0.93161,3.1323,0.74581,3
-0.41898,-0.59353,-0.051299,3.0741,-0.82698,-1.1712,-2.4465,0.44718,3
-0.9867,3.2935,2.6153,-0.50195,4.8188,1.7718,3.825,-1.9494,2
-0.15793,1.1008,-0.33251,1.829,-0.38995,-2.4503,-1.5779,1.2067,1
-2.226,-1.578,0.84699,0.14907,0.47969,0.24935,1.5909,0.26892,1
0.21969,-1.987,6.6705,0.12753,0.41226,-0.44559,-2.8468,0.91049,3
3.6837,0.60283,0.1245,4.5795,-0.11022,-3.2941,-3.8343,0.38508,1
1.0575,2.4935,4.4566,3.5453,1.6812,6.4633,5.2362,5.5593,3
0.34265,0.08578,-1.4947,-0.80802,0.53802,6.9084,4.2456,1.3139,1
-1.6317,-0.6669,3.0903,1.2279,-1.8047,5.282,2.6527,-1.8965,3
2.607,3.4087,5.9645,2.4913,6.5209,1.3734,-4.6694,6.2924,2
-1.7555,4.438,2.5371,0.94073,-0.46343,3.9806,-3.0476,2.517,1
2.9543,-2.1078,3.1328,2.4698,-1.6317,-1.3761,-0.88878,-0.37984,3
-1.3288,-0.77023,-1.6534,1.1594,-0.48808,5.7372,-1.9169,0.26354,3
-0.63744,2.5775,1.0431,1.9043,2.6351,6.3648,-2.843,-0.069243,3
-0.86404,0.88023,-0.18019,0.015155,-0.31619,-1.6246,0.79804,2.1457,1
2.1387,-2.635,-0.90865,-1.1604,2.1072,-0.68193,-3.5541,2.2989,1
-2.5078,-1.4926,-0.78746,-1.8702,6.7658,-0.52652,-2.283,2.0633,1
0.33778,1.3864,4.4117,0.48659,4.1469,9.1606,1.3766,5.212,2
2.0209,3.1436,6.7283,0.73946,6.3533,10.076,-1.1084,3.44,2
3.2613,-2.3873,2.7183,3.9586,3.8352,5.8412,4.8514,3.2717,2
-1.4715,-2.4968,1.7004,3.6505,1.8023,2.0996,-2.0932,-0.73682,1
0.32904,2.1068,4.3815,4.0407,3.5951,6.3757,5.025,6.557,2
-0.75645,-0.29722,2.9485,-1.3784,-0.6338,-0.41643,-0.72849,2.3217,3
8.5615,0.44866,1.9867,-0.74794,1.1115,6.0391,1.7919,4.4176,3
0.46828,0.34488,0.12836,-1.5713,-0.1898,-1.8258,-0.44188,1.2372,1
3.2093,2.4678,6.2239,-2.4066,3.9312,7.1718,4.4388,6.3825,2
0.7162,3.4206,5.675,1.6021,4.8802,-0.27221,4.6054,6.5609,2
0.64438,2.9822,7.2202,-4.8919,3.6449,6.2123,2.226,4.6272,2
1.5323,0.24212,2.1502,1.5427,-1.151,6.654,3.2415,-0.21949,3
-0.13933,0.29169,0.66729,1.4489,0.19704,4.9794,1.7824,-1.2943,1
-2.0465,3.9799,-0.71866,-0.72484,4.1895,8.8671,-2.9485,0.43145,3
3.7754,-0.39498,0.94863,-0.062688,-0.10602,2.3586,-2.7235,-1.3838,3
1.6661,3.069,-1.6561,0.38398,4.071,-2.277,-2.6025,3.9927,3
-1.1005,-0.067604,-0.47677,-0.36785,-1.2651,3.9405,-3.5102,3.7549,1
0.19459,2.5253,-1.8424,3.3264,4.1424,3.125,7.469,0.9309,3
2.3085,-1.8454,2.1776,2.3088,1.7551,-3.3763,-0.99802,1.276,1
2.2114,2.1662,2.9283,1.3741,1.7895,4.8085,-0.63209,2.3565,2
-0.14319,0.58475,1.9095,0.42958,2.5433,0.023342,8.922,-0.20899,3
2.2217,-0.62897,6.0447,-2.8688,2.7143,5.572,0.37499,7.5383,2
1.3449,0.1688,1.9882,2.478,-1.4718,-4.6554,0.52959,-0.83176,1
-3.2469,1.1667,4.3141,3.2816,2.3949,5.0816,4.9553,5.5362,2
-2.3722,-0.40356,2.2869,0.2903,8.6291,-0.20018,2.1509,2.7501,1
-0.95778,2.3311,2.7764,-1.0389,-0.24631,0.18126,2.2654,4.1364,1
5.8796,-1.0332,-1.3841,5.3892,-0.7563,-3.0761,4.3797,0.54127,1
0.94193,3.0347,2.9401,0.24758,6.7064,-0.34146,0.5923,6.4338,2
-2.1351,-2.1624,0.20754,-1.4742,6.1925,7.6632,-1.5692,-1.6524,3
-0.56909,1.5851,-0.80141,2.8435,1.4757,4.5203,0.24783,1.7352,1
-1.2928,0.14971,5.0275,-0.69463,-1.7149,1.4268,-0.67846,6.2523,3
-1.3184,-2.5921,-1.5036,0.97884,-1.1612,0.96715,-3.5115,-0.71143,1
-0.34536,-0.047927,-0.4286,1.5284,1.3867,1.6164,-1.0305,3.3759,3
-0.18477,0.92926,3.179,4.3997,0.32939,0.81901,-0.26338,-0.72471,3
-0.23648,-0.85045,2.7588,-5.6316,5.3827,10.188,4.5694,6.1825,2
2.8129,-0.084198,4.4655,-4.1807,7.3457,6.851,-0.069029,6.3599,2
2.5638,1.5561,0.71793,1.3938,-0.45768,-1.4988,1.8166,-0.81895,3
2.4707,2.5977,-0.85398,-1.2742,-1.8076,0.54571,4.6015,4.7754,3
2.8036,2.8848,1.4387,2.6914,-0.70319,7.6164,1.7366,3.8875,3
2.2595,2.8344,4.8533,1.3266,7.5514,9.9407,2.9195,3.5484,2
-0.21502,0.97342,1.6883,5.665,2.1626,0.5172,3.0379,5.2575,1
-0.64107,2.4647,7.3751,3.4238,6.4226,1.7574,0.40234,4.8579,2
1.3545,3.7187,7.3931,3.3443,2.1218,8.7843,3.3392,4.9003,2
1.4755,-0.12596,0.46742,-0.5934,-0.66879,-2.0925,-3.1365,3.18,3
3.8853,-1.9728,-1.4699,-0.59056,4.6776,-2.0654,-2.7735,0.95865,1
-0.81724,1.394,-0.77924,0.54245,2.5244,8.9873,-1.1521,-0.25938,3
-1.2944,-0.21889,0.81528,1.8403,0.55001,3.6186,4.2829,1.4305,1
1.1999,-0.40425,5.4392,1.9671,5.5847,9.8111,-0.068353,2.7744,2
2.6202,0.51086,1.2341,-0.59137,-1.5338,-3.3582,0.057295,0.62535,3
-0.32188,1.2137,5.5708,-4.6975,5.4025,-3.1615,4.8259,3.1398,2
-0.66662,-2.0816,4.8943,0.42057,-0.51493,0.98136,3.6546,0.26815,1
2.9622,-0.41407,4.9698,3.4276,5.1834,7.8222,2.9719,4.0305,2
3.7082,1.1602,6.8173,1.7336,4.9481,-10.749,-2.2357,7.5198,2
1.5743,0.75353,5.1893,-1.7926,1.5498,-0.40012,-3.306,0.81426,3
3.8098,-2.3081,2.5337,-0.40449,1.4345,-2.4615,8.6352,3.125,3
3.2136,2.1195,1.7127,-0.37797,-1.3168,-4.0161,3.5353,-1.1577,3
-2.0763,-2.4144,0.4962,1.5356,-1.1565,3.472,6.0393,-0.50907,3
-1.0619,-1.8537,2.2396,4.4208,1.7839,-1.1594,-3.8137,1.9595,3
3.9675,1.5197,-0.79875,2.533,4.3043,-4.0011,-3.5639,1.275,1
0.82301,2.9941,5.8279,-7.0663,0.27974,10.55,0.5317,3.1283,2
1.9047,0.64768,5.1098,1.0367,7.4296,9.6982,2.3198,2.9995,2
0.54614,-0.10841,5.9063,2.751,4.8037,4.2326,-5.5198,4.4474,2
1.0224,-2.4994,1.2697,1.974,-0.45318,-3.0564,-2.8949,5.0192,1
-2.3343,-1.6416,-0.89257,0.39528,1.2023,1.4484,-3.3763,-0.07667,1
-0.9303,0.43389,6.1464,5.1858,4.4393,1.8806,-0.85545,-0.39522,2
3.2831,-2.0009,6.7739,-0.79105,3.882,4.9586,3.9911,5.9909,2
-1.0733,-0.44196,2.7566,-1.5708,2.7242,-2.1335,-0.40061,0.67063,1
2.7956,-4.2103,5.9461,-11.722,6.0541,-0.85738,-1.766,2.2923,2
2.1852,-0.25048,3.996,0.74702,2.0238,-3.4594,-0.30019,-0.92536,1
-1.6372,3.5213,5.4409,-7.8172,5.8318,3.1023,-5.0028,3.9762,2
-0.28697,0.64694,2.5535,-5.7271,4.7264,5.4346,4.1402,7.9731,2
0.36617,3.4956,5.4221,1.4303,5.0774,4.4948,4.8555,6.79,2
-2.6071,0.13201,4.0647,3.8292,6.2274,0.59373,-2.0344,7.3872,2
-2.8687,-0.081229,2.7869,0.92905,-0.87853,2.667,0.47438,-1.1355,3
-1.0466,5.642,2.5884,0.52464,0.45477,-0.63289,-0.75898,-0.28317,1
-0.047784,-0.74905,-0.20448,7.199,1.6086,20.876,4.1509,-1.7814,1
-1.0732,-2.0074,1.1419,0.69609,-0.18452,-2.5446,-2.2579,-0.44818,1
-1.3709,-2.2562,1.9655,-0.10104,1.9625,-3.8935,-2.2968,-1.3691,1
-2.2531,-0.8979,-1.0033,4.4709,0.59183,-4.1907,9.4469,-0.88548,3
2.2342,-0.55402,6.8487,1.3821,6.0492,7.6414,0.53162,6.7466,2
-2.7182,0.56238,-1.1785,4.8761,-0.10846,-1.2635,-4.3697,2.3747,3
2.826,2.1046,2.0719,1.1121,4.1726,7.0252,3.5863,7.471,2
1.4289,1.4083,6.2426,-0.21374,5.7982,0.08541,0.95835,7.1396,2
1.1267,-1.3358,1.2228,0.34872,2.6034,4.1114,-2.082,0.59845,3
-1.4827,0.72015,0.63657,1.08,5.4606,3.7684,-3.6888,3.8031,3
-0.17197,-1.6943,0.93102,-0.39529,2.2567,-0.21227,1.601,-1.0144,3
2.1994,-2.8973,-1.0608,3.1649,-1.6547,-3.3367,4.7624,1.9043,1
1.7031,0.047409,5.6518,6.3654,5.4081,1.8961,-4.8956,4.1695,2
3.6849,-2.7712,-0.39124,-0.19524,7.5532,1.2352,1.8988,-0.76552,3
2.8208,-4.0916,3.0394,4.97,3.2757,9.916,3.5484,2.5709,2
1.9752,0.45172,4.4114,4.9531,5.2276,-2.4165,2.8001,4.9579,2
-2.6548,-1.4722,0.24973,0.51021,3.222,-1.2167,-1.2337,3.2152,3
3.6316,0.59631,3.724,-3.5605,5.1142,9.8279,4.8438,6.4652,2
1.0235,1.6486,0.89338,-0.3012,-1.3123,-1.9629,-1.4161,0.56141,3
-0.458,-1.3786,2.828,1.8441,-0.9998,-0.027566,1.4217,3.4762,1
1.1246,-0.86622,-1.2033,2.9094,2.5842,3.8063,-1.8039,-0.1441,3
0.82853,1.7752,4.981,-1.288,0.67593,7.1891,0.9703,0.74983,2
0.2742,-1.5619,-0.90822,-0.34643,-0.50916,2.1862,5.8251,4.3345,3
-1.6317,-0.6669,3.0903,1.2279,-1.8047,5.282,2.6527,-1.8965,1
-0.48087,-1.1163,-1.6375,-0.46303,4.2454,-4.9038,0.35148,4.9737,1
1.9018,-1.0627,2.0815,1.6652,3.0417,-0.85834,-3.7474,3.7497,1
-1.3411,-1.4453,-0.38038,-1.6866,-1.9721,-2.9924,3.5242,-1.8523,3
-2.0979,0.72739,6.856,1.8378,6.3454,1.4708,2.2676,6.7697,2
1.4914,0.59034,-1.1633,4.9077,0.004451,0.38609,-3.3565,2.3066,3
2.3017,2.336,6.5754,3.1195,3.5266,5.8798,0.37583,5.4129,2
-0.18538,0.66357,-0.2698,1.0081,0.46519,3.4133,-1.8339,0.90652,3
-1.4419,-1.2891,3.7463,1.4626,0.45526,-4.6825,-2.2684,1.8256,3
-2.5196,-0.95364,2.7597,-0.26387,0.12083,0.18573,-1.5405,-1.7434,1
0.66883,2.6186,4.9302,1.5331,7.8398,2.1909,-2.3023,3.1036,2
-1.931,-1.7919,-0.56717,4.1701,4.2811,3.1025,-0.53841,-1.0801,3
-1.7581,-2.5526,3.5093,1.1446,0.47922,5.7299,2.4362,0.59523,1
4.2786,2.1513,0.68244,2.5454,3.3049,6.3131,0.81076,-1.4986,1
2.2399,2.7217,7.6962,-1.8141,7.6073,9.5708,1.0596,3.0932,2
-1.2176,-1.6929,0.084962,0.88965,-0.03791,-0.68284,-1.1706,1.4936,3
-2.3494,-2.3633,3.1465,1.067,1.1484,-3.9269,-1.8247,-0.15602,3
5.3574,-1.8416,0.30711,2.5663,-1.4675,-0.058966,-1.1003,4.2722,1
1.8161,-0.74281,7.022,1.7675,5.9068,8.1176,-1.8328,6.747,2
-1.7897,-1.7817,-1.4012,-0.62357,-0.16973,-1.2343,1.9532,-0.81458,1
-0.30744,1.5087,4.9729,3.1691,5.6723,5.0597,-1.1262,6.2827,2
-1.6083,-1.8786,0.87002,0.27535,1.147,2.2898,-4.3292,0.2915,3
-1.5055,-0.31824,2.9303,2.8407,5.259,-0.72578,-1.3824,0.37876,3
-1.8955,-0.74383,1.0922,-1.6035,-0.93038,-0.47301,2.4092,-1.6167,3
-1.7294,2.4369,6.188,-5.0876,4.7651,2.8296,-1.6308,6.0058,2
0.026239,1.6267,5.8409,-3.764,3.0908,8.3979,4.0551,3.9165,2
-0.75553,2.6264,-0.2035,0.10033,0.68388,0.022729,8.0239,0.66201,1
0.51426,-1.229,-0.82982,-0.312,-0.57539,8.3691,3.2259,2.568,3
-0.5232,0.18028,1.3042,-0.76721,-0.88815,6.953,7.9879,-0.32876,3
-2.3555,-2.1631,0.12304,-1.0593,7.6404,-1.7489,0.77557,3.6506,3
0.2037,0.20791,3.7981,-6.7008,4.8753,3.0432,2.8684,2.9459,2
1.4435,0.75213,6.6488,1.2811,-1.2232,5.7357,-1.4801,1.3914,3
0.52843,0.0407,1.3973,1.4582,0.33638,-0.87261,3.7277,-0.65453,3
-0.48366,-1.5965,-1.7844,-1.5908,0.79396,4.3723,2.9005,5.3582,3
0.69512,3.7303,0.2746,1.1176,4.9751,0.007177,4.5636,7.4239,2
-1.7013,-0.85834,-1.2855,-0.91914,2.028,0.97108,0.39318,-1.115,3
-1.6004,0.37985,-1.5874,-0.91932,-1.2126,-3.5425,2.4889,-0.68459,3
2.4952,2.3132,4.1217,3.7728,3.595,8.3532,-2.6277,4.5527,2
1.8818,-0.078341,5.9183,-6.045,-2.3355,1.9318,-0.98215,2.4901,2
-1.3574,3.7775,5.653,2.3632,4.1247,7.262,2.1682,6.3841,2
5.8911,-0.5359,1.5297,-0.54651,-0.21794,3.553,0.26508,-0.79387,1
-0.64695,-1.6664,7.1225,-4.4107,3.7259,0.73019,5.1047,1.9625,2
-0.45908,2.0822,6.2989,-0.44753,-1.6012,4.3876,6.3885,-0.11032,3
0.58203,3.6336,3.5397,-3.8924,4.0531,8.5516,4.3476,3.4117,2
0.51221,-1.297,0.43244,1.7016,2.6888,4.3684,1.2244,3.4592,1
-1.6441,-2.3973,1.0751,1.1628,-0.99629,2.2747,2.7321,0.9183,3
3.5901,-2.8572,0.9078,-1.1787,2.6,3.718,0.83615,0.10617,3
0.39876,0.62629,3.228,-2.2808,4.3156,7.7633,2.0645,5.6798,2
3.4563,-0.030151,-1.7289,-0.43195,-0.56503,-2.4054,9.437,0.077835,3
-1.7854,-2.076,0.60039,-0.44284,1.8788,-4.324,4.4833,-0.60172,3
-4.1167,0.29945,6.6666,3.892,7.3518,3.6164,2.6403,4.7433,2
-0.64147,2.0992,3.9861,-2.0089,1.2222,9.9563,-1.4745,0.38325,2
1.1519,2.731,5.3749,-5.2869,3.5755,2.6943,0.99287,4.0706,2
-0.92108,0.97768,-1.4849,0.36809,1.2358,4.7389,-3.8584,2.6744,3
0.2691,-0.44706,0.43314,2.632,0.27638,-1.5218,-4.1911,0.075199,3
0.41156,3.0399,4.3688,1.7076,4.5101,3.8455,2.9938,3.7514,2
0.64679,-1.8869,-0.51356,0.88426,0.66466,-0.64167,-4.4844,0.21186,3
-0.95427,-1.9114,3.826,4.1627,1.548,-3.3683,0.78009,1.6836,3
-0.15973,3.0422,4.9978,3.1493,1.5144,3.6831,-4.1561,3.4743,3
-0.13992,1.4826,0.54776,-0.65457,0.62761,-0.57893,-4.7293,2.2193,1
-2.2131,0.68825,1.6246,0.93778,0.94634,-2.0159,-3.8677,-1.2247,3
-1.1811,3.2119,-1.9944,0.23236,4.4615,3.4648,6.7131,-1.6577,1
1.0276,0.38745,5.1111,1.2007,3.8026,1.8315,5.541,3.9314,2
-0.66875,0.73865,6.4038,2.0211,7.9569,4.0893,1.9992,5.5969,2
-1.5927,-0.87475,0.89961,0.89094,5.3122,3.3814,5.3859,-1.4515,1
0.63775,1.2922,2.2335,1.2981,3.2667,-3.414,1.647,1.3321,3
3.3667,-2.0618,7.0386,-8.5798,5.4473,7.1484,-1.5908,7.0008,2
-3.1693,-0.2247,3.9072,6.6697,4.0323,7.4908,-1.0778,4.2344,2
0.82788,7.0395,1.3244,4.5297,1.3587,0.39935,0.45633,1.2788,1
-0.96584,-2.034,3.023,-0.51104,-0.14286,-0.93765,3.6051,0.77637,3
-2.3222,-0.89559,-0.78992,2.3997,7.685,-3.9891,2.2409,-1.6491,1
4.1301,1.0666,-1.4949,-0.1269,1.1971,-0.54106,-3.5695,-0.79129,3
1.9854,0.69582,5.4529,-4.9878,5.6268,1.8898,-2.1543,3.2698,2
4.9151,-1.0428,2.3239,-1.4218,-0.10775,1.3546,1.6217,2.7328,3
-4.6657,2.657,7.1663,3.2753,5.592,3.8499,2.193,4.0818,2
-1.0998,-0.79141,2.2349,-0.79144,0.30493,13.977,-0.048194,2.5317,3
2.706,0.50009,0.027304,0.34393,2.6614,6.5692,6.8129,6.1895,1
1.6106,0.35136,5.751,-2.7556,4.5245,6.0842,2.0054,4.3975,2
2.8995,-0.6197,4.7367,-0.64468,0.72708,-3.4117,2.0286,0.000959,3
-0.59633,5.3237,1.4578,-0.61214,-0.053275,-3.3603,-3.6618,-1.4726,1
0.19489,1.7275,4.3447,2.607,1.8468,-4.2506,-3.5168,6.7412,2
-2.6127,-1.2242,-0.24283,-0.27498,0.35708,-4.1229,3.5604,1.2143,3
-2.0739,-2.1402,2.2461,0.51505,-1.2936,4.6895,0.39145,0.38889,1
-2.1428,0.73173,0.79185,2.0457,-1.1019,0.72507,3.2797,0.26654,1
1.6942,0.46498,-0.38884,5.9292,3.1188,8.9962,-2.9739,2.7115,2
-1.676,0.45194,1.3711,-0.33544,0.3557,6.6717,5.9809,3.5319,3
-2.3231,-1.9623,2.9401,-1.4757,0.12384,5.0617,5.0458,0.8966,1
-1.4008,-1.7495,-0.49811,2.0377,1.8098,2.0677,-0.95019,-0.7434,1
-1.5857,-2.5412,-0.38494,1.2228,0.22382,4.341,7.7293,-0.088527,1
3.7489,-0.1127,3.2567,3.6018,6.54,7.6879,-1.7884,5.2616,2
0.29779,-2.357,0.13672,1.7161,0.34831,4.714,-2.9354,0.82924,3
3.3415,3.8156,4.4502,4.7618,4.7466,8.5446,2.9506,7.4538,2
0.71985,1.2791,6.0097,6.25,0.70747,6.2734,0.98288,6.0265,2
5.3536,-0.092703,-0.11628,5.2538,0.92669,-3.8749,-2.1656,0.34589,1
0.89433,-1.586,0.65453,0.095177,0.43657,-4.6016,0.48341,-0.28457,1
-1.3269,1.9061,-1.7229,-0.54802,1.5338,7.7949,-1.9524,5.0489,1
-1.3691,7.2673,4.0135,2.956,0.37122,-0.62721,4.9173,2.4087,3
-1.4117,-1.9445,0.21896,2.0827,-1.3907,0.67717,-3.2598,-0.046361,3
-2.1536,-2.4958,2.5794,-0.7621,-0.56518,-3.674,3.1266,-1.0295,3
-1.348,-1.1365,-0.65675,0.2999,-0.11598,-2.1843,4.3665,3.0054,1
3.0553,1.5608,3.2379,-0.49756,-0.71618,-2.0233,12.514,0.7431,3
-1.1448,-2.1144,-0.74226,-0.9783,3.4319,5.2971,-2.2773,5.8166,3
-5.0836,-5.7456,6.4623,-1.769,4.4847,8.8042,1.6854,7.6882,2
0.79645,-0.14319,-0.41834,1.6556,-0.11504,3.8145,-0.10974,3.2279,1
2.9691,-0.25675,4.8682,-2.9046,2.488,7.1028,-1.0989,2.2299,2
-0.14812,2.5869,6.915,-6.0655,7.4549,8.1007,2.5878,4.154,2
4.1365,-1.0554,1.9713,0.79658,1.5671,-2.3892,10.266,1.0061,1
0.077069,-0.35609,6.0186,5.9401,3.0393,8.253,-1.79,6.3389,2
-1.9341,0.74049,3.1792,1.3981,-1.1081,0.98419,1.1067,-0.02016,3
2.0932,-0.86802,5.4278,1.7729,0.90239,0.72589,0.51272,0.044976,3
1.8517,-0.91831,0.93573,5.2146,5.7462,-0.27971,1.5408,5.0123,2
1.5878,-4.3471,7.4859,6.6486,6.3911,3.9179,1.7178,4.3881,2
-2.3368,1.4091,-0.31831,4.6836,0.001984,6.3747,-3.1735,4.4787,1
2.0594,1.2035,6.0367,3.8373,5.5745,6.7658,-2.8575,3.3097,2
-2.9748,4.5701,3.2701,1.7807,2.0681,7.6689,-2.5449,-1.4173,1
0.46651,1.7058,-0.036222,-6.7548,-1.6432,7.6913,1.9287,4.801,2
1.5374,-0.4963,2.1348,1.3723,0.005878,-2.0557,0.49073,-0.99525,3
2.3042,-2.8925,-0.56754,1.9378,1.5719,1.3884,7.9597,4.056,3
-2.4059,1.6383,-0.19247,-1.9494,0.99292,3.3244,-2.0727,0.80486,3
-2.0321,1.8542,-1.2876,-0.54203,0.5461,0.76629,-3.4518,4.3402,1
0.34578,-2.6792,5.9805,-0.50739,6.3013,-5.9515,4.003,6.085,2
-3.7352,-2.9943,4.9683,0.70621,6.919,0.29617,3.0056,7.031,2
-2.3444,1.5613,0.41305,1.7343,0.32754,-1.819,7.1638,2.5126,1
-1.656,-1.4967,-0.73033,4.4479,3.1286,9.7248,3.8248,-1.0854,3
-0.36122,-0.082568,1.118,-1.464,-0.81898,-2.7891,3.9395,3.536,3
2.7069,-2.1119,-1.4567,2.504,-0.68881,2.0199,1.1894,1.1543,1
2.9733,-2.9358,3.7385,-3.4337,4.4798,9.2196,3.0785,6.412,2
-0.64207,2.8929,7.7207,2.8485,6.8981,-0.41131,5.4465,5.2193,2
-0.24729,-0.37979,-0.87343,-0.82532,0.22775,-0.95609,4.6435,1.6401,3
-1.4117,-1.9445,0.21896,2.0827,-1.3907,0.67717,-3.2598,-0.046361,1
1.6895,3.9884,1.2719,1.8635,2.521,-2.3931,-1.4295,2.6426,3
-1.5239,2.6902,4.4822,-1.6247,-1.0051,6.294,4.5463,7.7888,2
2.2611,0.9157,5.485,0.80172,3.9707,-2.879,4.1176,4.9423,2
0.20582,-0.80088,-1.0782,2.8737,0.24344,4.5458,-2.9093,-0.010022,3
1.4733,3.2564,4.6982,5.2192,2.5081,0.88324,-2.6058,1.3594,2
2.6919,2.1015,5.2682,-0.23848,6.5412,6.4491,0.4389,6.7593,2
0.45515,-0.37317,3.2185,-3.0694,3.5005,7.7091,-0.59956,6.2886,2
-1.4134,-2.2501,2.1678,0.68253,-0.21458,2.4039,-2.1793,-0.23402,3
1.5419,0.3115,-1.4416,5.4747,-1.7106,0.79085,0.62084,-0.74133,1
2.7812,-2.1178,6.4937,4.3583,3.0507,4.7693,-1.7596,3.3763,2
1.1873,2.0445,5.0719,4.0372,7.4824,7.2205,-0.66948,4.8627,2
-2.1571,-0.060294,-0.24061,-0.26696,2.4593,11.987,0.2381,-1.6805,3
0.8364,0.1237,-0.78242,0.29251,-0.42692,-2.4945,-2.0414,-1.397,3
-1.7495,-0.93163,1.3282,3.4826,-1.2839,2.6173,-2.3336,4.3549,1
2.5789,2.9987,5.924,0.83988,7.1396,0.77916,-1.4368,6.5544,2
2.5536,-2.6516,0.027165,-0.50274,-1.8813,-1.5122,-0.54118,-0.90651,1
-0.99477,-1.8516,3.4374,-1.2157,3.3365,-3.6385,-0.30407,0.15927,1
-1.3166,5.1314,1.0836,-1.456,-0.45152,-1.8819,-3.2764,2.9109,3
2.0159,-1.2021,3.749,1.7428,-1.2897,-1.2834,1.6339,3.7369,1
1.3194,-2.0039,3.6375,3.31,-1.0157,0.30656,-1.4694,-0.20956,3
1.2618,0.14615,-1.3347,-1.0237,-0.8356,3.6282,0.26002,-0.45202,1
-0.45634,0.29348,-0.73984,0.77896,4.508,-0.23023,-2.225,1.4007,1
-2.1587,-0.34135,-0.43871,0.87942,3.0376,-2.696,8.4864,2.536,1
-0.001145,3.0055,4.1994,-6.1595,5.4576,7.781,0.42117,5.5682,2
-1.9338,0.35395,1.0462,5.0221,-0.61947,-1.8839,-1.0466,0.10146,3
-1.1948,-0.021405,3.0162,-0.40299,-0.13051,-1.6402,14.305,5.7075,1
2.9199,-2.8771,1.9506,-1.1714,-1.4404,-0.7552,2.3811,0.14318,1
-0.5415,-0.44675,-0.92819,1.4268,1.4214,0.07729,0.54847,1.0033,3
0.45254,-0.4732,0.21792,2.9179,1.7331,-2.4162,7.4569,1.2437,3
4.8381,2.7083,1.3687,2.9844,-0.28558,3.6486,5.1337,0.90122,1
1.5285,-0.33128,8.9212,-0.69238,-0.21892,-0.55261,2.3127,-0.24276,3
5.2668,0.29029,-0.56879,3.661,-0.28225,-2.8313,0.2114,3.8894,3
-0.020667,-1.29,6.4803,3.8685,2.4351,6.1716,3.9689,7.3863,2
-3.5949,2.31,4.612,2.799,0.98452,2.5867,2.3325,7.4161,2
1.4096,0.43152,-0.97354,1.2923,1.0325,-3.3248,-1.365,-1.0364,1
0.088693,1.8513,5.5344,4.1372,6.7013,6.5184,-2.2004,6.6193,2
2.2731,3.0451,3.3486,3.5581,7.2872,5.4252,1.7523,7.2547,2
-0.43192,3.2604,5.3072,-2.3671,4.6288,5.8022,-3.7295,7.0731,2
2.8147,1.2453,3.3961,-20.823,5.8179,3.9271,-3.9226,-0.49443,2
0.42605,2.8544,1.3153,1.0667,0.64734,8.4321,5.6622,0.36594,3
2.6104,-0.38558,4.3145,-1.3535,3.4543,6.8468,4.1559,3.4869,2
4.9075,-1.1122,-0.13238,-0.001775,1.2482,1.702,-1.8743,-0.093987,3
-0.88293,1.0611,1.7214,-0.014518,1.8227,-2.1301,-3.4143,2.0293,3
0.18705,-1.5691,1.041,-1.5043,0.22356,-0.46178,-1.1867,1.3608,1
2.8828,2.1002,7.042,-0.43845,7.2566,4.7238,5.019,6.5044,2
1.2792,1.9912,3.6828,3.8536,7.2888,-6.0898,-3.5674,7.1282,2
2.6708,5.1471,6.9793,2.1339,1.0213,-4.6578,-0.47223,1.6566,3
-1.7698,-1.3566,0.85392,-0.13335,0.63205,7.9648,-3.9693,0.16583,1
3.3691,-0.22473,6.2386,-6.9236,7.5152,8.625,4.4294,6.2247,2
1.2766,-2.2345,2.1043,-0.65256,-0.067067,5.7288,-2.4189,-0.097504,1
0.96165,-0.50694,5.671,2.0331,5.7576,-0.94448,-0.43014,7.5388,2
4.091,-0.97292,-0.59261,-0.025865,-0.62106,14.423,2.6446,3.5527,3
-2.0481,2.2988,-0.51171,-0.16058,0.36133,-2.1235,-0.52847,-1.0891,1
3.0677,-2.178,3.2964,1.6635,2.2441,7.2935,-4.6867,6.2583,3
1.4634,1.6966,3.0019,-0.28636,-0.18076,3.2559,6.0942,-0.30308,3
-2.5881,8.6216,0.18192,3.6972,0.74315,-1.8985,0.29899,1.8555,1
-3.628,-0.82835,5.4724,5.3678,1.373,3.4517,1.4656,5.6303,2
2.9417,1.025,3.7339,1.7659,2.3882,6.0144,-4.6909,2.9766,2
-0.85353,1.8463,-0.57119,2.9147,-1.2446,-4.3018,0.7371,6.0366,3
1.1502,5.1242,4.8978,4.6735,-0.85993,3.6132,6.682,-0.076812,1
-0.5936,0.14575,-0.18465,4.7632,1.2835,-1.7505,1.3545,2.5127,1
-2.3696,-2.3004,-0.88295,3.5428,1.3677,3.3024,-2.1143,0.053298,3
2.1046,-2.2775,1.6476,-1.3718,1.7281,2.6631,2.3004,2.2928,3
0.27972,-2.6785,2.1785,7.3277,-1.6389,-0.077179,7.4421,-0.87406,1
1.5619,2.955,0.26403,5.612,4.6659,6.2998,-2.3777,5.2683,2
1.6619,1.8945,4.3327,6.2499,2.8364,7.7727,2.5752,5.256,2
4.1217,1.4764,-0.77457,6.1694,2.4037,2.4258,-2.6648,0.46532,3
-2.0178,3.9804,1.1007,0.71384,0.28338,-4.4437,1.7767,0.5569,1
-1.3928,1.3495,-0.41103,-1.3654,-1.0942,0.86275,-0.23974,1.2563,3
0.93401,2.6868,3.0222,4.2893,6.8823,7.4103,0.25186,7.2178,2
-2.4348,-1.2941,-1.0441,0.31836,-1.6041,2.0813,6.2654,0.93592,3
-2.4961,-2.6818,2.4731,2.8714,0.49105,1.8009,0.77533,-1.0361,3
1.632,2.3967,6.3189,5.403,2.0187,2.4977,-5.742,4.4412,2
3.3398,-3.5044,4.8485,2.3997,3.1556,-0.10896,2.1687,7.4204,2
3.0422,0.25091,7.3646,-3.2071,6.5146,3.9008,2.0481,4.8372,2
-1.66,-0.36433,6.1013,-0.22119,2.6518,-2.0719,-3.9828,-0.041934,1
0.20946,0.94329,-1.0454,-1.5768,0.74522,-1.6278,2.2453,-0.6139,3
-0.14376,-0.29712,-0.89847,0.7565,0.86724,0.18074,-3.7022,0.49162,1
-1.4375,0.072539,6.9225,-10.122,7.2343,8.5045,-3.3155,4.7289,2
-0.74519,0.8593,-0.6495,-1.5749,2.9204,-3.7204,6.669,-0.91512,3
3.4618,3.8757,5.963,3.9988,7.3747,5.5819,0.63011,3.1544,2
1.7245,0.01742,1.1569,-0.39579,-0.11115,5.5835,-2.4552,-1.4006,1
-2.3446,2.4964,5.1091,4.1601,5.422,10.243,0.53281,6.0582,2
1.6558,-2.2936,0.45337,-0.31662,-0.56232,10.426,0.92512,0.37811,3
-0.064742,-1.7768,0.4104,-0.69532,1.912,1.5067,9.1355,1.1239,3
-2.1229,-1.9248,2.7931,-1.8187,-0.12918,0.78654,-3.0139,1.2979,3
-1.6162,3.6279,0.12223,2.3439,-0.055285,1.5992,-0.93556,3.5294,3
1.28,0.25913,7.6963,1.2816,2.106,-0.44486,2.1407,2.6709,2
-0.27096,4.1903,3.0438,-0.69307,-0.53123,-1.7434,-1.4849,-1.1863,1
-1.8859,1.3031,2.5229,0.57301,0.37385,7.4045,3.4556,2.2216,1
-1.5779,2.0572,1.8712,1.7506,1.0539,4.2421,-1.4993,0.10584,1
-0.21376,-2.539,1.539,-0.71719,-0.93976,-0.86268,-4.1075,-0.68667,3
1.9403,2.6587,4.5831,2.4485,4.1616,3.0026,0.81298,2.3511,2
-1.9036,-1.4925,1.2512,0.98014,-1.4046,6.2794,-3.2622,3.692,1
-1.5475,-1.1679,2.1486,0.73305,3.5662,-2.0507,0.76316,3.2347,1
-1.1286,-1.9581,1.3536,0.74912,3.231,1.4042,2.4026,1.9535,1
3.0983,0.002262,4.2112,4.7753,5.507,5.1289,4.8431,4.6856,2
-0.31062,-2.6374,2.9953,5.2251,0.47102,-2.7905,4.1959,-0.3227,1
0.45631,1.202,2.151,5.3228,6.5733,3.6038,-3.7656,0.53278,2
1.0649,-2.3997,3.8694,-1.9201,6.3073,6.7053,0.36168,4.617,2
-1.4219,-0.097769,-0.14755,-1.3551,-1.1457,1.5395,-1.4679,0.70685,3
-0.87531,-2.4191,-1.7245,-1.7504,1.9632,1.9079,3.1127,-0.41841,1
1.3845,-2.4946,3.0434,2.585,0.45575,-1.2964,-2.7514,0.59845,3
-2.167,1.0214,4.2598,5.1291,4.3892,8.0565,3.8976,2.2532,1
1.6115,-1.6266,4.5113,1.5195,4.7469,5.4191,4.3847,2.2954,2
-1.7516,3.7746,1.3949,-0.84561,2.3272,1.1122,2.1978,3.7367,1
-1.1783,1.6084,1.7273,1.1155,2.6637,-2.209,1.611,4.8183,3
-0.86021,-1.297,6.2569,1.3763,4.975,-5.7431,0.75926,1.1284,2
-0.28542,0.90685,6.2336,-3.0348,5.8011,7.3913,-2.2691,6.8328,2
0.34959,1.1517,5.0464,-1.6708,5.8837,2.7813,2.5323,6.7608,2
0.75864,-1.1763,4.6601,4.0085,2.4954,1.4913,3.2276,3.0626,3
-1.9951,0.92804,0.64254,-1.7505,1.9407,0.43229,1.6178,-0.024984,3
-0.62494,-0.4584,1.1178,1.8471,-0.48209,0.79024,10.142,2.0193,1
-1.1976,-2.0216,2.5458,0.21499,-1.0063,7.7829,-1.3453,3.8411,3
2.3819,0.29229,5.8954,-0.57037,1.1965,4.6128,2.7712,0.32495,1
-1.9093,-1.588,2.8006,8.1544,5.7393,0.074064,15.751,1.9942,3
0.69615,2.6376,0.27522,1.2283,-0.91118,3.7631,1.6774,0.55171,3
-0.8787,4.2732,0.17306,0.95814,-1.4305,-4.1397,-0.14868,1.5403,3
0.53895,2.5487,-1.5312,2.0997,-0.58781,0.79947,-1.472,-1.5041,3
1.3783,-2.5173,-0.93348,-0.78914,-0.36995,7.885,-1.8351,4.1054,3
-0.055073,3.2337,0.49893,1.3653,1.3861,1.5762,0.25952,1.5538,3
1.7185,2.9192,7.6706,2.6986,5.3146,9.8855,2.1629,5.3933,2
-2.4784,-1.171,3.0226,-1.501,1.12,6.7887,-0.16444,3.6386,3
-2.0855,5.283,-1.8748,5.971,-0.047575,-4.8491,-0.46202,-1.5064,1
-1.0585,0.40833,1.6445,1.8186,1.2816,2.5933,-2.5855,0.074182,3
-1.6106,3.0046,7.2298,6.6471,6.994,-0.002989,3.1896,6.9874,2
-1.6028,3.9745,2.3959,-0.24802,1.5108,7.3063,-1.4682,-0.89843,3
-1.9107,2.0893,0.10466,-1.1966,2.5881,4.8111,-4.1955,-0.9202,3
-0.07096,0.06444,6.1413,-1.369,4.321,2.0456,-3.7913,5.5471,2
-2.4989,-0.76974,-0.40333,2.3725,3.3494,5.6427,7.8798,2.4819,3
3.2775,1.3293,5.152,0.51336,7.3114,8.609,4.1554,5.5957,2
0.46628,3.4154,6.1597,1.6123,5.7832,8.2369,4.7529,7.9893,2
-0.18283,1.2942,1.5859,2.4463,2.5483,-4.4179,2.1444,-0.81036,3
1.7888,-1.0301,3.7746,0.88893,4.7592,0.63828,-1.6552,5.2468,2
-1.7751,-1.1044,1.5847,3.0133,-1.2041,1.1837,-2.8544,-0.87937,3
-0.053616,2.4271,-0.14116,0.31235,-0.34066,1.3452,-1.7815,-1.5154,3
3.895,-2.1482,3.3986,0.76864,0.35624,1.758,2.1478,-0.66796,1
-2.1134,3.591,5.2176,0.55089,3.1881,2.6682,2.0314,6.6588,2
-1.7897,-1.7817,-1.4012,-0.62357,-0.16973,-1.2343,1.9532,-0.81458,3
0.5328,1.4358,1.5341,4.2045,-0.65534,-1.8484,-2.7708,5.255,3
2.8075,-2.6492,-0.58044,-1.8538,2.185,-3.8433,-0.49188,5.4384,3
-2.1912,4.0561,3.7999,3.0814,1.6183,1.0466,3.3972,1.9894,3
-1.9074,-1.7311,0.54505,0.09726,0.022657,-1.2721,-2.4135,0.06723,3
2.1081,-2.0061,0.84479,2.5374,-0.66695,-4.0984,-0.11386,5.0523,3
2.9016,1.7498,6.9037,0.66192,1.8643,1.3428,-1.7361,0.45388,3
-0.03001,0.29417,3.0202,1.466,-1.6224,15.131,1.6809,-0.38654,3
3.781,-1.7865,-0.87423,-0.42509,0.90557,13.811,-0.91716,-0.40358,1
0.82788,7.0395,1.3244,4.5297,1.3587,0.39935,0.45633,1.2788,3
-0.11785,-0.54853,2.4041,-1.3465,4.6586,-4.0605,-0.28786,1.3555,3
3.3303,-1.3004,0.92835,2.5868,1.4678,-0.87097,-1.7936,5.312,3
-0.47986,2.3388,4.2754,2.6618,0.19474,7.3946,-0.99697,-0.26637,3
-0.64555,-0.3845,1.6045,0.71149,0.42767,-2.5766,-1.315,0.9561,1
0.75558,0.089055,4.4028,-1.229,1.2757,9.618,3.1242,-0.86289,3
-2.3444,-2.9432,4.0166,-1.2933,1.1805,-0.56435,2.7923,0.35799,3
-0.77453,-2.0003,-1.0728,-0.92714,3.7606,-1.1449,-2.684,0.10977,3
-0.31043,-2.6012,-1.2821,-1.0589,-0.13407,3.7033,0.00629,1.8909,3
2.804,-0.93486,7.255,-1.8051,3.2409,3.1158,-1.3049,7.004,2
3.1399,-0.38574,7.4162,5.9407,6.2316,8.0665,0.1392,5.9723,2
2.7261,-0.2892,-0.20509,0.69814,-0.29681,-2.26,-1.8172,0.20428,3
2.3788,3.7641,-2.8742,0.44558,7.0793,7.2467,-0.97339,2.0577,2
-1.5896,-1.6161,-0.12432,4.0636,5.7164,6.6434,14.839,1.834,1
2.3369,3.0406,7.1371,-11.443,2.2699,10.381,4.9623,5.1247,2
-2.6031,-0.022483,-0.15771,1.6133,-0.5923,11.177,5.9465,1.7007,1
-0.17764,0.70111,6.9668,3.1866,5.7714,2.4122,2.8208,5.3119,2
-2.3343,0.79714,-0.66753,4.2674,0.3728,0.11745,-4.3322,0.85219,3
-0.43219,1.4835,4.8317,6.1936,0.17865,-4.1091,2.0992,3.4766,2
0.30443,0.19505,6.7226,6.3459,5.678,6.537,1.5291,5.468,2
2.7066,-0.91332,-0.93675,0.7834,4.066,0.34631,1.3036,1.1228,1
-0.071998,0.53495,-0.32075,1.8466,0.66401,-4.1717,-2.8052,4.2078,1
-0.26121,3.5513,6.3064,2.852,7.1199,8.3287,5.0525,6.7319,2
1.901,-1.5073,5.4011,5.0748,4.3683,3.6415,0.51347,3.2039,2
-2.235,1.259,0.92838,0.94725,-0.22508,-3.2818,-0.91444,-0.42293,1
2.5671,1.4909,-0.37017,5.7664,2.4287,-3.2145,11.544,-1.3169,3
2.6837,0.77977,4.5217,3.2508,4.2724,8.697,2.0066,5.075,2
2.3822,2.6721,3.8087,3.4818,0.74388,-3.6546,-2.1952,1.0091,3
-1.0968,-2.1481,-0.83861,7.9869,3.0671,2.7039,-0.71818,6.0247,3
2.6463,0.223,4.0485,0.45637,-0.035976,9.3606,-0.17029,4.9767,2
-1.3864,-2.0755,-0.48051,1.8963,4.7392,5.0277,-2.1111,3.6345,3
-1.4317,-2.4822,-1.1213,-1.5498,3.9286,3.9189,3.8567,3.5962,3
-1.7535,-2.4704,-1.1014,2.6628,-1.208,-0.97062,6.8209,1.9112,3
-2.1121,-1.2719,0.26535,-1.278,0.35588,-2.4557,-1.2927,1.2077,3
-2.3425,3.4121,0.61642,1.4765,0.97126,4.9172,-2.0687,1.3129,3
1.7535,-2.2694,5.1689,3.7638,4.8656,8.9956,-3.8714,4.9526,2
-2.2166,-0.89297,4.1592,-1.0371,-0.16044,6.3759,1.7128,-0.25112,3
0.68663,1.9121,4.9206,5.5708,3.6839,1.0445,-8.8545,5.9304,2
-0.82216,-1.0579,0.088311,4.4549,1.2548,-0.39641,5.2186,7.812,3
0.71924,-0.21041,0.41725,1.9613,-0.9173,10.885,0.85794,-0.60204,3
1.5005,3.357,0.46677,4.3184,-0.89094,8.4071,-3.0642,-0.715,1
1.7952,3.5458,7.1898,2.0036,5.4181,9.4462,-0.81893,4.0577,2
-0.99117,-2.4264,-1.1639,-0.31962,2.1982,-2.3127,-0.65876,1.3115,3
-0.46099,-0.63011,6.163,-0.22565,0.05705,1.4534,-3.4699,2.2178,1
-3.0396,-2.9176,6.0733,5.1044,7.675,-2.563,-0.26306,4.0959,2
-0.18193,-1.0277,-0.30755,1.5531,1.2297,-0.08292,7.5433,1.0716,3
-2.3387,2.4553,0.42029,-0.55337,4.1657,-0.7835,4.6444,-1.1572,3
-1.4454,5.1649,-0.57644,-1.3219,0.53534,-2.8174,2.0693,1.9857,1
1.9769,-1.225,2.2896,1.9586,5.4891,4.9436,-0.68838,1.3207,3
-0.76878,-1.7955,0.4848,2.8585,-1.1058,10.227,-0.87306,-0.12585,1
4.8373,-2.7754,2.0388,5.9674,0.492,-2.0885,10.617,1.5848,3
1.9844,-0.61823,7.6449,4.4087,7.6771,5.3163,0.20729,6.9247,2
-1.7051,4.4281,0.99204,1.0799,-1.1314,7.4296,1.851,3.2429,3
1.3713,2.5917,7.5309,1.4166,4.4713,7.9663,-3.4056,1.5064,2
-2.552,-2.2811,0.95592,3.5518,1.6284,-1.5893,0.22214,2.6117,1
4.6109,10.208,0.97013,0.73701,-0.19678,0.30752,1.3364,-0.92798,1
-0.45348,1.7968,6.7968,-1.3035,6.511,4.6854,4.3388,5.3876,2
0.34869,-1.2289,-0.63662,1.4393,2.6679,-1.718,1.9567,1.0505,3
2.4927,2.6555,6.2938,-1.774,7.2173,3.0226,1.2883,4.9285,2
1.9532,0.67429,6.2115,-3.6306,6.8227,-0.3437,1.5471,6.7217,2
-1.0181,-2.2025,0.32311,-0.95004,4.6639,0.49564,1.7341,-0.96376,3
-1.2177,-1.7888,-0.82496,0.27984,-0.22283,-3.1529,0.66009,3.7148,3
-1.9272,1.8175,4.8527,-0.93268,3.4571,5.1464,1.3356,0.81566,3
3.1243,3.045,7.0021,3.3781,3.7721,-5.8109,2.0085,6.5726,2
-1.8771,-1.0969,5.8671,-11.64,7.8297,3.5004,-0.62927,6.0112,2
-0.34779,2.8459,-0.94854,3.0954,1.3269,-1.2685,-3.4648,1.3228,1
1.5082,1.2867,-1.8229,1.7703,-0.50866,-0.57386,-1.389,-1.3956,1
2.4653,2.9182,7.2498,6.0768,1.4489,9.7094,3.8535,7.77,2
0.14408,2.9463,5.7701,0.48132,0.15371,-0.93398,-0.33096,3.5742,1
2.5962,-0.29789,2.545,-3.4445,3.9879,10.588,1.8789,7.8368,2
3.5553,3.9129,-1.6738,-0.077984,0.90282,3.5023,-3.4472,1.1286,1
2.9767,-0.29905,5.4438,4.9547,6.0884,6.4255,1.3308,5.4074,2
-1.8592,-2.7844,2.2729,2.306,-0.24933,-3.9027,-0.90315,1.1623,3
-0.93302,-0.065356,2.3516,-0.99129,1.1933,5.7783,-0.44631,2.8155,3
-0.94555,3.415,2.499,-15.415,5.2878,5.8501,1.2125,5.1787,2
1.0412,-0.47378,0.67092,3.3724,-0.061219,-2.7222,-0.32019,0.27383,1
-3.3179,-0.67359,6.4197,1.992,6.5083,4.7428,0.63334,7.233,2
-2.3977,-0.2672,3.8441,-4.4629,3.7888,5.7059,2.8341,6.9454,2
-0.50741,4.535,0.034234,-0.83171,9.2369,-1.4938,5.723,0.91005,3
1.6134,-1.4462,-1.7063,0.15072,0.51216,0.64592,5.4354,4.7608,1
-2.29,-2.0478,-0.42837,-1.1516,-0.29989,2.5671,-4.2051,2.6572,3
-2.3687,-1.0702,1.6947,-0.98369,-1.1183,-1.1893,1.9178,0.33381,1
0.1729,2.6354,-1.5216,1.1916,0.61272,3.1999,0.41985,3.5416,1
-1.6405,-1.466,0.45328,2.9219,2.9912,5.3401,0.92089,-0.77687,1
1.9828,-0.92305,1.8844,0.31313,-0.23344,3.2857,3.8568,-0.6163,3
1.475,0.92063,3.4899,-6.3487,7.3948,7.3844,2.5975,3.7809,2
3.019,1.7183,7.5348,1.5422,3.2772,5.1132,4.7108,6.1235,2
1.6185,-0.30236,1.9907,4.4811,-0.59379,-1.3662,0.92469,0.35391,1
1.1834,3.5859,7.8656,-0.36529,1.8866,-1.4264,1.6078,6.5879,2
0.26439,1.8036,6.4313,3.7287,4.7172,-4.8015,2.2074,3.0233,2
2.1811,2.0681,7.2366,5.7659,1.7288,7.9938,3.2956,5.8974,2
0.76908,2.9266,8.0106,-8.6694,7.7471,0.14925,1.1574,6.8169,2
-0.85921,1.0647,0.85813,5.9383,0.2544,2.6375,-3.4437,0.51089,1
1.1897,3.2047,3.9166,0.67425,6.8882,4.8629,2.7467,5.0755,2
2.4769,-1.6574,3.8138,-1.0126,-1.3553,-2.6447,4.4598,-0.99386,3
2.0069,0.81162,7.5522,3.4312,4.6003,2.5368,2.0611,4.4226,2
2.4415,3.4641,2.557,-3.2652,1.7099,3.6434,3.3947,5.1526,2
0.71983,2.7762,-0.54181,1.6678,-0.38061,1.7844,11.675,-0.98676,1
1.5186,-1.0653,-0.49763,1.4044,-1.8607,0.56262,0.77397,3.8951,1
-2.1675,-2.4319,-1.6655,2.2958,-0.2732,-1.2689,2.7928,3.6132,1
-1.6247,-2.5171,-1.5523,1.8141,0.66253,-1.2014,10.374,1.1818,1
-2.0359,-2.3512,1.303,4.0585,2.2798,1.2579,1.0681,0.26869,3
-1.0551,-1.5973,7.7421,4.19,7.7852,3.0603,4.0347,2.4482,2
-2.7296,2.0146,1.1831,-0.20025,-0.73658,-4.2098,-4.1062,2.0906,3
-0.41099,-0.45099,-0.17097,2.7766,1.0857,11.214,9.6624,4.1359,3
0.22691,0.051435,1.3877,7.0113,2.3196,-0.83647,3.1611,0.002094,3
1.385,0.51591,-0.37182,0.6713,2.3471,10.844,-1.4839,0.18147,1
3.28,-0.18499,7.2697,5.2726,0.006612,-0.11393,-1.9657,3.6641,2
2.6739,0.70301,0.49973,1.9912,3.6523,8.1913,-3.655,7.25,2
0.068758,2.9159,3.2709,0.44454,7.7264,-1.2813,1.5831,5.3053,2
0.49159,-2.1287,0.053477,3.4748,1.5675,4.175,6.2411,-0.17472,3
-2.3198,4.0751,0.56327,-1.6037,0.043233,10.505,8.9379,1.3792,3
0.47049,2.8859,2.2359,1.7194,1.4119,8.6976,-3.0882,-0.79225,3
-0.51966,1.2109,1.2129,2.1477,1.4577,-1.692,-0.94196,0.91981,1
-1.4054,-0.30839,-1.1072,4.1686,1.5509,1.2542,0.39497,-1.1048,3
-1.1173,3.8612,-0.96213,-1.4239,1.083,-0.16418,-0.80408,2.5634,1
-0.67753,2.7326,0.28207,4.5673,1.2363,1.5762,0.016849,-0.07306,3
0.14567,-0.091617,0.32624,1.3614,-1.4647,-1.0714,6.8378,-0.97431,1
-1.9168,1.9921,6.9107,1.0267,1.464,5.1963,2.3161,7.6938,2
-0.022939,-0.57637,3.4128,0.40168,0.50896,10.388,5.3361,8.3129,3
-0.67405,-1.0134,3.4539,-0.08046,3.8384,-0.2179,0.59855,8.2799,1
-1.2136,2.0716,-1.124,4.0986,-0.26235,-2.7263,-2.2845,3.3655,3
0.84294,1.4368,1.1706,0.24047,2.3973,0.44644,-2.2027,-0.20761,3
2.3447,1.8059,6.7624,-0.059589,0.89462,2.9714,3.4315,4.0055,2
-0.99673,0.22041,3.9709,0.34463,0.046874,-4.9012,4.0391,3.2245,3
-0.96178,-2.6885,1.0926,1.7277,-0.10745,0.8031,-1.4251,2.1232,1
-0.48695,-0.98653,6.3966,3.2601,4.6222,9.407,-2.6771,6.1989,2
0.053715,0.20599,-0.10417,1.8145,-1.4961,-2.9729,0.46282,1.2561,1
3.2448,-0.54422,2.1608,1.782,-0.14411,9.2608,-2.6777,-0.15967,3
1.4947,3.4244,6.3604,2.0539,5.4267,7.4463,2.0061,-0.40147,2
2.6882,1.834,6.8703,2.3539,4.5463,5.6715,5.4557,2.8979,2
4.5535,1.6591,3.3333,3.9634,1.3734,0.72783,3.3958,5.0273,3
1.3542,0.20569,4.5044,-1.7303,5.326,6.433,-0.98952,5.6921,2
2.2333,-4.0031,5.0484,3.9325,1.7158,2.3504,-2.8697,5.7606,2
-2.1873,-0.95606,-0.48321,0.6654,-0.63848,-1.1442,8.2785,2.2571,1
-1.9964,1.1454,1.4038,2.6193,-0.39795,7.4473,0.17511,6.4241,1
2.7055,1.1398,5.7485,0.1242,3.7363,8.2957,1.2173,1.8013,2
-1.4294,-2.449,-0.97938,0.45056,-1.2664,-0.73351,-3.954,0.70132,3
-1.0196,4.5594,-1.4156,-1.2421,-1.5597,0.5604,-1.3233,-0.36733,1
2.0031,-0.21218,5.7646,1.5128,5.8668,9.3772,-1.7558,6.8956,2
3.5469,-1.5113,-1.4237,1.5469,0.11552,9.0197,-3.6334,1.6033,1
-1.5055,-2.0097,-0.17908,-0.56189,0.17407,-4.116,0.27513,-0.72691,3
-2.6478,0.47433,1.7325,4.4016,3.1745,-1.5177,-4.4268,-1.126,3
-1.1734,-0.006479,3.3356,0.007614,-0.19364,7.0027,2.5444,0.39656,3
-1.0957,-0.45706,-0.35484,2.1245,0.097171,0.12202,-2.6468,1.2002,3
-0.043155,-0.32759,0.74814,-1.3804,0.9316,-0.079745,2.1324,2.4867,1
-1.6117,-0.25794,2.6142,0.53683,-1.7297,-1.2745,3.9757,0.49043,1
4.2809,-2.2339,2.5464,1.8081,1.4732,0.90794,-0.30593,5.6461,1
-1.7309,3.6995,1.239,1.526,6.1028,5.3702,-3.7717,1.9701,1
-2.0021,-1.6255,0.17786,3.2047,-1.1752,-2.4014,6.8298,-1.0681,1
-0.71643,0.58398,1.8653,0.2078,2.4683,-0.12752,-1.4984,0.93015,3
-0.56713,-1.594,2.7781,0.16744,0.71388,11.836,1.2247,0.33966,3
1.3802,2.918,6.5588,-0.22098,5.3476,1.3926,-4.9561,5.6179,2
2.8826,-1.0789,3.8967,-10.078,3.4322,4.7297,3.1296,7.3168,2
4.9224,-1.4335,0.77562,-0.32854,4.7046,-3.2609,-2.3879,-0.62253,3
-1.2464,-1.7456,1.0197,0.013097,-1.4176,-2.9633,-2.8732,0.88909,3
0.53596,3.482,0.59399,2.6733,5.8398,4.7946,3.8047,5.0015,2
-2.0216,1.4491,0.76803,0.94949,2.5744,-2.1737,1.9808,-0.35286,3
-1.8441,-2.4181,-1.4818,-1.4905,1.8211,-1.4545,1.6823,2.2778,1
-0.32843,-0.49407,4.2278,-1.1928,3.1742,3.0697,2.3563,6.5201,2
-0.68706,1.7559,4.6166,4.2404,-1.4804,5.449,1.9938,4.5871,2
0.74736,0.032431,4.0515,-2.1923,5.4999,3.7863,3.1273,7.508,2
0.24203,-1.984,0.76691,-1.2245,-1.4591,-3.2545,-0.11988,-0.53931,1
3.8134,-1.5176,7.1001,-11.291,-2.3013,6.8364,-2.3171,1.0869,2
-0.3366,0.86788,0.049025,0.055143,2.6843,5.2145,-1.666,1.8619,3
3.147,0.019567,7.1316,4.1124,4.6399,0.55512,2.8244,6.0343,2
2.279,1.1869,7.0912,0.63367,6.7291,1.0129,0.63649,-2.2985,2
-5.2967,2.9341,5.4849,2.2014,5.3778,-1.273,2.033,6.9223,2
2.3188,2.1943,4.9522,-4.2025,6.1294,8.086,2.3844,6.2114,2
3.1233,-1.7971,4.9952,5.0663,1.0396,7.0809,1.3799,2.9707,2
-8.4639,1.5019,-0.60187,-1.7402,4.5516,1.609,3.4531,5.9503,2
-1.0606,1.708,2.3546,1.5101,3.0987,1.02,-4.5276,0.45568,3
-0.067993,1.5411,2.1672,0.7243,3.1827,-1.0758,10.002,2.2622,1
0.11416,0.81728,2.0381,3.4902,-1.5209,4.5067,3.5508,0.22505,3
-2.263,3.549,4.9806,0.051958,6.8706,10.423,5.1698,5.6758,2
0.21908,-0.4681,1.802,1.7539,3.7603,0.74724,-3.1965,0.30981,1
1.6956,-1.8996,3.4174,1.759,-0.22347,0.99074,-3.1256,1.1452,1
-1.5475,-1.1679,2.1486,0.73305,3.5662,-2.0507,0.76316,3.2347,3
-1.1221,2.887,5.1817,3.1994,-0.010216,1.2035,1.3452,1.7347,3
1.214,-2.5997,0.15154,-1.0641,2.0841,-3.325,-0.46057,3.6283,1
-2.6276,-2.2216,1.7851,-0.60875,3.3298,-3.8215,-3.9181,-0.22856,3
2.635,1.7486,7.0471,0.26911,5.1315,10.495,2.7311,6.1506,2
2.3957,1.6718,1.3629,-0.13107,-0.61823,2.8195,-4.253,1.6289,1
1.4585,-1.9665,3.8952,-0.52574,2.4032,-2.7673,5.7963,0.37303,1
-0.56139,1.441,1.6006,1.2724,-0.13968,-0.1037,1.8264,-1.0561,1
3.0522,2.3745,7.4298,-0.66454,4.8198,-5.3426,1.5515,6.3468,2
2.1282,0.47259,-0.94245,-0.3716,2.2926,-3.4039,0.94653,2.4694,1
6.3203,-2.1548,8.2905,0.8531,1.8298,-0.88228,-3.3018,-1.5975,3
2.1153,0.79116,7.6479,0.71829,5.3839,4.7786,4.746,5.824,2
2.963,1.6897,7.3113,4.1197,4.2363,8.7906,-3.2432,5.9344,2
-2.206,-0.011748,4.0346,4.5425,-0.20698,1.7866,0.89032,2.1096,3
-2.8582,7.147,6.086,1.4058,-1.6488,14.584,-4.5536,-0.53219,3
2.878,3.464,5.064,-2.3825,1.7171,7.3441,3.2975,5.3176,2
-1,-0.87755,-0.37034,-0.13514,1.8951,-1.1492,4.8575,1.4669,1
-1.4227,1.3786,-0.28654,-0.29756,0.72623,8.619,5.6869,-0.67212,3
-1.4352,-1.8118,1.7611,-0.31927,-0.66961,3.0733,-1.5566,1.1802,3
-1.111,1.515,0.11646,5.6118,1.281,4.3956,-0.30241,4.2915,1
-0.5985,-0.79996,1.189,2.493,-1.7829,-0.91157,0.83749,-0.45499,1
0.97862,3.0562,0.40824,4.053,3.819,5.9311,2.5426,1.4214,3
-2.9733,1.1261,-1.3434,3.585,-1.8245,-0.22152,4.5808,0.16772,1
0.54869,0.11824,8.2856,1.5002,3.5847,-0.85814,7.8394,6.2709,3
0.47589,-1.0721,-0.42313,-0.9418,0.45081,-2.0399,-0.47099,1.5713,3
0.65888,-1.1996,-0.1901,4.4913,1.4247,-0.36255,-1.6145,-1.3179,1
-1.4914,-3.7237,3.366,0.19606,6.8643,-6.7429,3.4555,1.7769,2
0.56444,1.1301,1.1178,2.0214,0.070056,-1.4402,-3.3138,-0.36214,3
2.142,-2.5181,-0.51393,-1.1838,3.1289,9.9099,-0.20894,-0.51984,1
-1.984,0.58922,5.8213,1.0435,3.1117,-4.139,6.0241,3.8561,1
-1.9977,3.9157,0.18707,-0.6698,-0.090768,-3.4172,1.1731,1.9276,1
2.5162,1.1455,-1.7638,-0.65115,-0.81046,0.48443,0.92988,-1.5085,1
3.2668,-1.5719,5.3001,2.0883,2.1815,-3.4062,2.1164,6.62,2
0.34869,-1.2289,-0.63662,1.4393,2.6679,-1.718,1.9567,1.0505,1
2.5221,-2.0154,6.5687,3.2838,1.8744,-6.635,-5.2338,1.612,2
1.6987,-3.4802,5.7425,0.81561,5.1124,7.375,-8.1088,6.8582,2
1.7678,2.5028,6.2209,-1.438,6.2212,4.6918,3.0251,6.3931,2
-0.70872,-1.5004,4.3752,-1.2061,3.5351,1.9917,-1.2781,1.3941,3
1.7299,-0.49693,5.5456,-2.9001,7.5137,1.8549,-0.90843,7.2998,2
3.9641,-1.9747,2.622,1.5422,0.61045,-4.0205,-1.3933,2.2427,3
2.2233,1.8659,3.1009,3.3885,3.9555,4.9031,-2.1043,4.4618,2
-0.44075,0.41221,-0.95366,0.4624,1.3345,-4.3449,4.5052,4.6162,1
1.0939,1.0656,-0.11707,-0.74574,3.7897,-4.124,1.2704,-0.20104,3
-0.15518,-0.53099,-1.6752,1.6754,4.3831,-1.6526,-0.66056,0.025175,3
3.8228,-2.15,-1.9413,-1.6987,1.5233,-3.7656,-1.4914,0.36642,1
-1.5642,-2.6392,-0.41597,1.9026,0.77591,8.6422,11.625,-1.4746,1
1.1292,-1.8914,7.0971,4.4771,4.1291,5.1401,0.95379,4.6299,2
-0.43193,1.872,4.2767,-3.2609,5.657,8.4027,-0.66073,5.6478,2
-2.845,3.8422,7.0567,-11.968,7.204,-4.368,1.6244,4.5077,2
-1.9055,0.45697,-0.88397,-0.38342,0.19382,-0.96541,10.262,8.5909,3
-1.5813,-0.53971,5.264,-1.5019,0.20886,-3.7678,-0.31735,3.8588,3
-0.92615,-1.3896,-0.80937,-0.70789,1.2146,-1.1037,2.8478,-0.4256,3
1.1366,1.1448,5.8943,4.1572,3.5307,-4.7261,1.0297,3.6983,2
2.6967,-3.0833,0.38835,3.9176,7.0869,6.4951,3.2709,5.9915,2
1.9378,-2.0025,1.497,4.2184,-0.55459,-0.5345,1.4663,0.5457,1
1.7037,-1.1794,0.10341,-0.98517,3.8198,-2.9114,2.1153,0.89513,1
0.94455,2.8277,2.5167,4.9614,7.7816,6.1528,3.9848,6.5485,2
-1.9803,1.2228,-0.73409,-1.6504,-0.71384,-0.61714,-1.9865,-0.02724,1
-0.95056,-2.165,8.0107,0.021071,0.35528,1.3661,1.0067,-0.61569,1
0.38338,4.4013,2.6658,2.915,1.1332,-4.028,-0.98994,-0.53564,1
-0.82749,0.040205,2.1133,1.1033,-1.2799,-1.7396,-3.0928,4.7638,1
-1.2012,1.0132,-1.5303,1.552,5.0268,-2.5833,4.9894,-0.41969,1
-2.0378,-1.0507,1.2941,-0.18814,0.25415,0.70506,4.3219,0.9405,1
1.6041,0.85529,6.8467,2.3856,6.0437,6.6972,1.889,3.0994,2
0.079769,-1.1886,4.1591,4.9941,1.4429,-1.9073,-3.1971,0.10227,1
1.4189,-1.8531,3.2378,0.46098,0.32552,3.8447,1.2187,4.9784,3
-1.6627,-1.74,-0.43723,2.2376,2.7549,1.7345,4.8168,-0.67434,1
2.8077,1.7611,5.5095,2.5612,7.9063,6.1469,3.6074,4.4011,2
-2.0071,2.7255,0.70878,1.3914,1.5615,-0.5955,1.0349,0.5681,3
-0.60529,1.7306,0.17081,-0.16477,0.59713,7.5009,-1.4449,2.1431,1
0.39008,3.8543,6.4641,4.4264,5.4163,-0.98638,2.6792,6.9711,2
-1.6587,-0.9605,2.2059,1.1303,-1.4196,1.1998,-1.496,4.6151,3
-0.21531,-0.72482,1.498,4.0219,-0.33858,-1.2103,-3.4116,-1.6454,3
-1.8945,-2.6376,-1.5829,-1.175,4.0451,6.1752,4.5748,0.48427,3
0.91495,1.0416,5.6958,4.3512,-1.2264,1.0772,-4.5508,5.7882,2
2.0809,2.4982,5.5012,-3.805,7.1812,1.9539,4.5027,7.3238,2
-1.9128,0.12936,4.3606,2.9522,-0.36915,0.34219,-2.448,1.769,3
-2.0385,-1.6066,0.97951,-1.2339,-0.56682,-2.1418,-1.9095,-0.86255,3
2.9139,1.7157,6.9648,5.822,6.4892,4.5725,-1.6777,5.8488,2
-0.99099,0.49971,0.035865,-0.54966,-1.4013,-1.6984,-1.0743,1.6292,1
1.6149,1.2698,7.6639,3.1931,6.6521,7.7487,2.618,6.5999,2
5.2427,-1.4081,0.58759,1.9338,-0.002694,-1.2101,0.76795,-1.1828,1
-0.70258,9.2957,-1.4855,-1.9426,-0.94449,-3.6294,-1.7583,0.77664,3
0.12045,-1.0497,4.5721,2.0516,5.0326,8.1993,-2.0226,4.8352,2
1.0659,1.2981,-0.64425,-0.29692,0.36826,0.064152,-3.2291,-0.18869,3
0.72161,-0.79967,-1.5268,0.11171,0.32079,-3.7406,-1.6816,2.0681,1
-3.8104,3.3263,5.4261,-3.075,5.1295,7.4976,-3.7238,1.7961,2
-1.8231,-0.53025,2.0233,-1.4273,3.2024,-0.67196,-2.7398,-0.30645,3
3.8657,0.051693,2.51,5.346,1.077,5.5672,1.714,5.07,2
2.1727,-1.5154,2.2963,0.45105,-0.027668,0.27528,-0.11501,1.1206,1
-1.446,0.72745,0.26773,-0.29095,5.4955,3.0943,4.3789,6.4308,2
1.0458,-2.0639,-0.44988,-0.33156,5.2207,-1.7058,-0.82258,-0.65574,1
4.2417,-1.2242,1.3628,3.1528,-0.61175,-4.3183,-0.56517,-0.63497,1
1.8028,-2.0996,-0.031863,0.374,2.6961,6.0404,-2.2377,4.9657,3
1.6433,0.94137,3.941,-1.863,-0.32202,-2.1108,6.7585,-1.1303,1
-2.5672,-0.93756,-0.7414,0.63077,0.11018,-3.0833,-2.5727,2.8785,3
3.5548,-1.2657,2.0664,0.63557,-1.2418,-0.23211,3.3305,-1.2774,1
2.2478,2.006,7.5845,3.7214,5.6683,9.3477,1.6607,6.0416,2
0.81989,1.0748,-0.40353,3.8425,1.1487,6.4267,-1.9789,-0.028854,1
3.184,2.7435,-1.4911,1.5428,-0.24062,-1.9755,1.9821,2.2354,1
-1.2965,-2.1435,3.81,-1.1715,0.39695,2.5433,-1.3204,5.441,1
-0.87314,-0.24571,-1.7648,-1.6412,1.0698,-1.3488,0.12912,-1.3378,3
1.0586,2.2423,4.1367,3.652,3.127,0.89564,-0.76369,6.4766,2
0.78656,-2.4074,1.0364,-1.7379,3.4393,-4.2078,-4.0574,1.643,1
2.6317,0.074929,2.8878,5.5194,5.4538,9.8968,3.2875,6.9141,2
-0.070896,3.7996,7.8954,4.1967,6.3432,8.4186,-0.41715,0.26858,2
0.28363,-2.3598,1.7653,-1.2732,-1.4216,1.2901,-0.37572,-1.0463,3
-0.97377,3.2737,7.4209,-0.73305,5.6597,7.7724,-2.3426,6.7127,2
-1.2708,-2.0693,0.63427,3.6707,-1.1291,-4.5416,2.0925,7.3169,1
3.3023,1.8331,6.8197,-4.4758,5.565,0.35709,-2.4873,5.6766,2
1.8852,-1.7616,1.9196,0.18351,1.6118,-3.0017,6.6523,3.6564,3
0.41096,-0.67069,-0.32661,0.22723,2.2621,-2.2652,6.7933,2.8016,3
-1.014,-1.4259,4.4711,-1.345,1.9552,1.7364,-3.8438,3.182,1
1.2087,0.10188,-0.98745,0.79322,-1.7599,-0.8656,4.293,2.2018,1
-1.5419,4.3973,0.83317,0.25597,5.4974,3.2661,3.272,0.59883,1
0.82879,-1.9459,1.8888,0.83978,-1.0482,-2.0125,-0.67685,0.44733,1
0.48567,-1.1752,-1.4505,-1.3651,-0.7144,-0.12792,-1.1152,6.073,3
0.45273,1.0514,-1.9925,-0.52029,-1.024,5.0825,-1.866,2.4529,1
1.4461,2.6672,5.2592,4.3567,4.2343,8.578,-0.57689,6.3267,2
-1.1701,2.8788,7.2138,-5.9195,7.0456,5.1227,-0.63831,7.0605,2
-1.6315,-2.1201,1.3991,0.91359,3.3296,0.94047,-1.4229,0.88906,3
-0.33384,1.7089,4.8489,-1.3771,3.8895,2.2713,8.9426,-0.38534,1
0.59881,1.1789,-1.0925,2.5523,-1.471,-1.0714,0.2034,2.8167,3
-1.7604,2.4683,5.3774,3.2213,5.2301,5.256,4.6566,7.9254,2
-0.13939,-0.61312,-1.3831,1.0528,-1.1207,0.49188,-2.8393,2.0153,1
2.5912,-4.5844,6.6085,4.9268,6.4302,1.3492,5.4755,7.422,2
-6.6634,3.6303,5.5322,-2.0865,3.8586,3.7475,5.2403,5.3201,2
1.7198,0.92061,-0.93156,0.90415,-0.96544,-1.992,-4.2076,-1.5896,1
0.26289,3.2851,7.497,-0.90213,2.4187,6.1848,1.6846,4.9828,2
-6.22,-0.40625,-4.2754,-6.0665,5.8469,8.3535,3.1839,6.2084,2
-2.0178,3.9804,1.1007,0.71384,0.28338,-4.4437,1.7767,0.5569,3
-0.37723,0.90018,-1.603,-0.17035,-0.83336,4.2638,1.5897,4.9128,1
-0.009485,-1.8337,5.0314,-1.1701,0.37498,-3.3431,6.6559,-1.5392,1
0.84543,3.1893,6.7493,2.4498,3.824,-0.10116,2.3144,7.3288,2
-2.9713,4.2963,1.1473,-1.2883,1.8398,-2.6584,4.0463,6.4196,1
3.4722,1.0136,7.0942,-1.1999,2.9187,9.0293,5.4369,3.2005,2
4.6982,3.807,-1.3768,-1.8765,1.9515,4.0349,-0.019958,0.43359,3
-0.30573,-1.3323,0.19477,0.56057,-0.16355,-4.4471,1.4587,0.94473,3
-2.2226,0.97032,2.2755,-0.56626,1.3102,0.66454,6.5197,1.9129,1
-0.57423,6.3959,1.2913,-0.86693,-1.7654,-2.902,-2.8557,-0.2957,1
1.4909,-0.65012,3.141,2.6638,0.98747,3.6854,7.4129,-0.46346,3
-1.8142,0.19029,1.607,-1.371,0.08163,14.037,-0.13147,3.7338,1
0.73235,-1.4562,-1.6772,-0.23335,-0.4242,2.7585,-2.3393,0.90736,3
2.5386,-0.048538,-1.2494,1.3013,4.5267,1.0918,0.68561,0.23053,1
1.0309,1.9008,0.35101,3.5249,-0.26387,1.7112,9.2391,-0.6328,1
2.0233,1.234,7.5726,3.41,7.4614,8.9175,4.3931,6.9824,2
-0.2,3.5155,-1.5408,-1.3095,-0.80958,2.6676,-0.098306,6.2859,3
1.1115,1.1758,5.9919,-2.6168,5.9511,-2.6351,-0.60399,3.3879,2
2.15,2.2999,4.0244,4.4879,6.7291,9.5136,3.9699,5.4159,2
-2.056,7.5661,0.79468,0.80468,1.734,-3.6723,0.44178,-0.066458,3
-1.2123,-1.5417,2.566,-0.30766,-0.76371,-2.9548,-3.7447,0.25745,1
-0.78961,1.724,-0.87379,1.1747,2.1617,-2.3211,-2.6879,-0.5791,1
-1.4162,-2.1152,-0.63032,2.5975,3.2781,-0.65235,-0.40419,-0.94262,1
-1.7462,0.40031,-1.4627,-1.3085,0.61101,2.1447,-4.1861,-1.0105,3
-2.4622,3.7574,-1.3419,-0.91324,0.263,9.4974,-0.19978,-1.0214,3
-1.421,-0.48754,-1.1459,2.7929,0.8824,4.4732,2.3934,0.75705,1
-1.4953,-0.70392,-1.1483,2.0537,3.236,-0.94462,-1.836,0.028406,1
1.2102,2.941,4.7576,-4.6682,1.5096,10.684,-1.3929,6.7473,2
3.2574,2.8696,4.9347,1.8536,4.5155,-0.052741,0.50703,6.7724,2
-2.3118,2.56,3.8085,0.99219,2.1217,-2.9868,-1.7474,1.5249,1
0.48118,3.3109,5.2149,2.0425,0.66654,0.71663,-3.9021,-1.7518,3
0.2854,4.5455,2.4901,1.0031,-1.7,3.4487,-2.3394,3.3564,3
0.7723,-4.147,4.1769,-6.6454,5.6408,10.006,-6.7521,6.18,2
0.22136,1.0844,1.5672,-0.008799,3.3393,-3.271,3.3996,3.7347,1
-1.2943,-1.0043,7.2223,2.823,0.47928,-4.1845,4.268,4.6485,1
-2.2887,1.1518,2.4585,5.9592,5.361,-10.183,1.3619,6.1136,2
0.49447,3.4875,3.2535,-0.83024,4.8122,10.17,-2.3918,4.4531,2
-0.66957,-1.9193,-0.72225,4.513,0.53514,0.58413,1.5871,0.77726,1
-0.5643,-0.69193,5.3689,1.5728,6.9598,-0.96999,4.1965,3.1107,2
-1.9193,2.1479,0.83282,0.17859,0.85559,-0.20233,-2.1247,-0.32284,1
-2.3703,-0.68976,3.4115,4.2837,0.024768,-0.15791,-0.73762,0.014577,3
-3.271,3.185,3.6432,2.0705,7.6889,-5.728,0.28045,2.1509,2
-2.9937,-1.8088,4.6468,-0.33188,0.60593,-2.2572,-1.786,-1.2257,1
0.14641,1.6711,3.049,-0.65506,3.7692,4.3156,-4.7893,0.82066,3
-1.7766,1.2651,5.9268,1.5164,-1.1202,8.277,-3.4894,1.2281,1
-0.16856,-1.7803,1.2671,2.3882,-1.8348,-0.54579,10.029,1.0074,3
-1.7428,-0.16218,2.8222,-0.24191,0.47896,-3.3644,1.3811,0.99955,1
-2.1695,-2.2721,-1.4037,-0.04899,2.1237,-2.2273,6.047,4.8017,3
-0.39549,-1.1483,0.74442,0.68425,1.65,-1.139,-2.3882,5.9875,3
-1.0275,-2.2695,1.7749,-0.36853,-0.79905,13.659,5.7014,0.70227,1
-1.0249,1.3213,0.97129,1.8938,0.7243,1.2285,-1.0682,-1.649,3
2.9362,1.6238,5.2208,1.87,7.0257,8.685,5.3675,1.9155,2
-0.31104,-2.0307,0.24372,1.603,-0.026016,5.0176,-0.83605,1.5326,3
0.69848,3.9559,-0.56645,0.85768,-1.2478,-3.976,-1.3,-0.7135,1
1.1135,0.77498,6.4954,2.8467,1.9138,-0.18677,5.3995,7.5773,2
2.7112,-1.3554,1.8867,2.6921,0.65247,0.16684,0.21944,0.89378,3
0.20057,2.2343,-1.4166,1.6044,0.29979,0.56615,-2.5858,5.8024,3
0.2667,-0.80376,-1.211,0.070328,0.67957,-2.8585,-3.9726,2.699,3
-0.75609,-2.1791,2.5242,0.93459,0.19037,-1.3877,4.8432,0.66856,3
0.1804,1.6571,3.3204,0.71213,6.2792,7.3355,4.2123,6.4733,2
3.0375,0.19258,7.0908,3.9154,5.2266,7.6559,4.0096,6.2951,2
-0.12504,0.98137,1.6959,2.1007,-0.17191,2.7156,-1.1496,-0.21282,1
2.4264,0.78128,4.6227,0.10321,5.7495,8.3012,-1.7681,2.7565,2
1.0444,4.0821,2.1195,0.49343,-0.43915,-4.0629,3.7559,1.4018,1
-2.4144,1.9361,3.5433,1.8191,-0.29442,1.9588,-3.1084,2.3538,1
0.77445,-0.92488,3.1581,-0.097521,2.1367,8.5134,-2.7553,-0.34831,1
3.8885,2.2789,1.0097,-1.2689,1.432,0.64731,-1.9548,-1.6132,3
-0.74207,-2.1037,1.4464,2.3311,-1.01,6.8609,-2.6359,5.711,3
1.6689,5.0982,-0.19993,0.30673,7.2755,-0.66511,0.20072,2.1335,3
-1.1886,3.7573,-1.0024,3.8712,1.6257,9.7222,6.0659,2.4217,1
2.163,-0.56808,6.4937,-2.4806,-0.5373,9.447,0.91323,5.0699,2
0.060263,-6.131,6.7445,3.0136,6.6006,3.0266,3.7184,6.3648,2
2.1673,-0.60588,4.9538,6.2724,6.6817,9.1069,0.34285,0.86727,2
1.0393,3.0987,4.5951,4.474,4.0889,-1.2651,1.2773,5.7311,2
0.31096,-2.1121,1.5645,-1.7317,3.3631,3.4661,-0.93828,-0.1311,1
0.24129,-0.68435,2.0758,1.4443,0.048662,1.089,1.6727,-1.6887,3
-1.3369,4.788,0.76712,0.061029,8.0792,-0.61327,-4.434,1.3157,3
2.4449,-3.4207,2.6345,5.4635,6.0811,7.1993,-9.2122,1.2434,2
2.3617,0.472,-0.11066,-1.0914,2.8539,-2.0709,-1.6315,2.3511,1
-0.1192,1.1796,3.544,1.2965,-1.99,3.3245,5.5127,5.7202,3
1.7581,-0.13065,0.4702,3.319,3.4591,-4.2989,3.443,6.959,3
-2.0421,-2.77,0.37804,0.97866,1.8827,-0.47305,6.9441,4.8306,3
1.7511,1.7121,1.5365,-2.4112,4.7544,0.23278,4.9476,1.4851,2
0.37404,-0.51527,-1.2575,2.1369,-0.2258,-0.98933,-0.17001,-0.7679,3
-0.98234,-2.5896,0.004404,5.507,3.8011,-0.36316,6.0684,2.1661,1
-1.0717,-4.3791,5.8068,2.5513,7.9676,10.794,0.74649,7.0564,2
2.3201,1.7238,5.0601,4.4086,5.9516,-5.7849,3.2166,1.1489,2
-2.3799,-2.0561,5.362,-0.48494,-1.788,2.3681,-3.8526,6.2549,3
-1.4442,3.2009,4.7093,-1.398,2.5386,-4.4211,4.2481,-0.28914,3
3.1998,0.78044,1.2579,0.29758,2.9493,2.9601,-0.84243,-0.68443,3
-0.071292,-1.4449,3.5835,1.6362,3.8776,-3.9933,4.105,1.4611,2
0.31645,2.7199,4.8412,-1.6738,2.8618,10.066,-0.95738,4.2982,2
0.82749,-1.2554,-1.012,1.2819,1.2473,-2.7421,6.2778,-0.64444,3
3.3192,-0.53214,7.132,4.6788,4.0413,2.1067,-5.1941,5.9498,2
0.34858,4.4661,0.55224,1.2953,0.45365,-0.86322,-3.8381,-0.97673,1
-2.0783,-1.3966,-1.051,4.1835,5.6386,-3.9811,5.6408,1.287,3
0.92913,-2.4693,-0.92779,1.2897,1.9893,-3.1676,-1.2878,-1.2553,3
3.7963,2.3103,5.1631,-5.3051,4.8643,-1.6279,3.4645,1.034,2
0.59718,-0.2247,3.2431,0.67569,-0.58349,1.3529,5.4514,-1.3744,3
-2.7282,-1.7398,0.6863,-1.4088,1.5043,-2.9012,-3.2015,-0.58262,1
-2.1751,-0.45432,3.7915,1.5296,5.0156,-2.6308,2.5504,1.123,3
-2.1381,2.8346,0.063089,1.1764,5.3994,4.3007,-4.1248,-0.9005,1
1.0161,1.6405,5.9733,3.6954,5.0059,5.5086,4.4962,6.1537,2
-0.002138,0.76524,0.9711,1.9049,1.0416,-2.2653,6.8369,1.5724,3
0.28857,1.9414,2.9106,4.2383,4.2208,7.7326,2.7665,4.8818,2
-0.88379,0.88177,-1.2946,2.1852,-1.8877,1.9592,-4.8152,1.6051,1
1.9853,-0.47132,-0.12747,4.6603,1.3876,1.4918,-2.0083,-1.4171,1
3.1115,3.8489,5.5328,0.43854,5.3346,7.7071,1.476,7.4299,2
-5.0176,0.66294,7.6637,2.5491,2.8115,7.4198,2.4174,7.3046,2
1.0908,-2.1996,1.2018,-0.33512,0.41459,-3.8278,-3.4772,-1.2115,1
3.1372,1.0517,5.6025,4.1993,6.477,8.2369,-0.51659,1.801,2
-0.76029,-2.9701,-1.1362,1.2839,1.0661,7.3209,3.0789,2.1364,3
2.5243,3.1036,4.9599,-4.3972,6.1787,7.4033,3.782,3.7479,2
2.3586,-1.7248,-0.12455,2.4861,-1.2796,11.229,-2.4274,1.0473,1
-2.2306,-0.3344,-1.8675,1.3995,0.23281,-0.13856,8.3495,-1.7067,1
6.3501,1.7659,7.0707,-1.5054,-0.52487,0.17408,-0.97321,1.0521,1
-1.6697,-0.73904,-0.093296,0.99152,0.84507,-4.0447,2.9692,-0.90245,1
-0.28499,-1.8617,2.5002,-0.42937,-0.73694,-2.5159,-1.1187,-0.78508,1
1.9034,-0.52906,6.3016,-5.5701,6.8763,3.4144,4.0921,7.4597,2
2.0503,0.30343,0.27181,-1.7672,6.7377,-4.738,-2.8449,-0.29903,3
1.4235,0.26977,0.32389,3.8091,0.2885,8.7231,3.297,2.2263,2
-0.55049,1.8855,6.9552,-3.6212,5.5734,4.3778,-1.1955,4.8362,2
4.0445,1.0304,7.961,-0.97144,5.5921,6.6739,1.5684,5.055,2
6.485,4.4083,-0.36817,-0.55331,2.3565,-0.66476,-1.2026,-0.58903,1
-0.37173,-1.2995,-1.3099,-1.3168,-0.40432,7.9685,10.669,1.4415,1
-0.37762,-0.75535,4.2275,0.85363,-1.2647,4.2387,-0.91085,1.2134,1
-1.6131,-1.733,1.7082,3.1028,-0.48539,-2.2387,1.6045,-0.77515,1
-1.7312,-2.2407,-1.0022,2.4873,1.2924,5.6687,-2.5195,-0.30043,3
2.4333,1.9966,-3.0205,1.3279,-1.9473,6.0653,-0.81083,1.7272,2
0.53658,1.0182,6.9961,4.2311,6.8199,-0.65094,4.1653,6.6877,2
-0.98049,-1.6607,4.1392,4.0431,3.6136,-2.1919,1.3424,3.2432,1
3.2058,2.6711,4.7356,2.2118,4.9995,-6.9329,3.3198,5.1458,2
3.1835,0.37765,7.8787,0.082782,7.0884,-5.9133,3.816,4.4132,2
1.4076,0.23642,2.9778,3.4658,2.8955,5.3356,2.0917,7.6239,2
1.6881,-1.3691,1.1949,2.9724,6.215,1.6438,2.3319,7.1753,2
3.3856,0.8055,6.1564,4.548,4.6953,6.7052,1.8684,4.2786,2
-0.50992,0.88155,5.0558,4.9764,5.0465,9.2881,1.2892,5.1602,2
3.0142,-0.93215,1.3204,-0.01091,0.21798,3.0011,-1.2003,-0.59959,1
-1.3214,-2.6289,0.22348,-0.68099,-0.37118,-3.4583,3.3845,3.8184,3
0.82086,1.7227,2.5775,1.0433,0.11345,-4.529,-4.1858,-1.9066,3
-1.4953,-0.70392,-1.1483,2.0537,3.236,-0.94462,-1.836,0.028406,3
-2.4544,-1.1378,2.0027,1.8199,6.296,12.955,4.3058,2.9159,3
-1.2334,0.55948,-0.65831,3.5453,3.4576,0.98798,-3.84,-0.46331,3
3.6989,2.666,2.2768,6.8543,6.9558,-2.1453,5.2119,6.4139,2
-0.33938,-0.38595,0.069306,0.66451,0.67747,3.9514,-2.5083,2.5564,3
4.616,3.7481,-0.056361,1.0454,1.3886,12.509,2.9943,-1.2296,1
0.069668,-1.9444,1.3539,-0.82983,1.1951,-1.3836,4.4381,-0.72164,1
-1.7792,-1.6318,3.7258,0.51218,-0.52607,1.9709,-1.4414,3.5132,1
-2.1074,0.14676,0.24365,0.49057,-1.839,3.285,4.2467,-0.44638,1
-1.1881,4.6758,6.8995,0.15591,0.67652,-3.0117,-1.7949,-0.50273,3
-2.4361,-2.2619,-1.3389,1.3755,1.5942,0.23852,3.2916,0.51894,3
2.9308,0.15394,5.0787,6.3412,6.0321,10.507,3.2,5.0186,2
-1.7287,-1.6154,-1.3114,-1.8952,2.8198,-2.2731,3.4253,2.2606,3
-0.23777,-0.73609,5.2614,3.8486,5.7711,8.3007,3.1632,2.6304,2
2.9581,1.5519,1.9096,2.907,6.2823,8.6109,5.1377,5.4193,2
3.1706,1.4337,2.641,0.23926,1.036,-3.5167,2.1266,-0.20669,1
1.1754,3.5946,4.6273,3.9066,6.9073,10.297,-0.8203,4.7092,2
-2.3256,-1.068,2.1099,0.44496,4.701,0.67933,-2.2836,0.88629,3
1.9845,-2.0947,-0.67628,4.3048,1.8898,-2.2507,7.4563,4.3129,3
-1.4491,-1.9325,2.9726,-0.17305,-0.47028,-3.6089,-1.9073,1.9442,1
0.11741,-0.78413,1.2595,1.1571,-0.76499,0.3979,6.7644,4.8034,1
2.1025,4.2891,-0.005501,6.2419,-0.72147,-3.8897,-3.6114,-0.12604,3
-0.95802,-2.5056,-0.90929,3.9304,1.5171,3.0201,1.7542,1.1899,1
4.8497,-2.9186,-0.72909,-0.28458,0.17756,0.61128,-2.2265,-0.70294,3
2.5967,-0.5037,6.1005,5.0472,5.1452,0.97542,-2.1902,6.8868,2
-1.8763,-0.46868,0.63752,1.5829,-1.513,6.0243,8.205,0.23875,1
-1.3714,-1.5482,4.0713,3.9323,5.7895,-0.058742,1.4445,4.4896,2
-0.83956,-0.25991,0.74185,-0.05894,2.3403,-3.0341,-2.3857,-0.99607,3
-0.51152,-0.75709,-1.2119,7.3533,5.2703,-3.289,13.971,-1.2865,1
-3.802,-0.054062,6.6617,-11.589,4.9372,8.2582,0.82932,7.5171,2
0.73381,2.7682,5.4624,3.3502,5.9599,8.4053,2.4302,4.3354,2
3.778,-1.0893,0.56235,0.72529,0.11658,1.3571,-1.0874,3.1843,3
-6.9237,3.1047,6.0738,2.028,5.7659,4.424,0.84598,5.8183,2
-2.5045,-1.7659,6.3381,2.88,-0.35597,-1.0215,-1.7627,1.6226,3
3.445,-0.26081,1.7701,1.7034,0.803,-2.2239,0.68766,-1.4367,3
1.341,2.3152,5.3617,4.0533,1.4297,9.229,2.9652,2.8004,2
0.64263,1.6868,0.89982,0.24928,1.1934,8.5502,-2.2879,6.4631,2
2.9875,-2.0009,4.4738,3.9932,0.78458,-0.6274,-2.5119,1.4172,3
-1.7961,3.7641,-0.44589,-0.71701,-1.2265,-4.3619,-0.27065,0.059101,3
-0.51273,2.624,2.8693,-1.477,-1.3625,-2.5277,-3.6065,3.5687,3
5.8688,-1.528,-1.5808,5.2996,2.2556,-3.9136,8.4958,-0.87547,1
-2.8176,-0.3177,-1.2226,-0.26688,5.4174,-2.6009,1.118,1.5461,1
-1.3867,-0.50292,4.1155,4.8002,5.6814,-1.6268,5.1112,7.282,2
3.3999,3.6476,7.5212,3.3052,3.558,7.1611,0.77082,4.779,2
-1.7265,-2.3114,0.7132,1.752,-0.46946,-3.0331,1.5085,-0.60302,1
1.1746,-2.4953,4.9056,-1.9388,6.2242,9.3583,1.2694,5.4504,2
-0.3756,-2.5573,0.48651,0.055281,0.96363,-1.6539,0.23403,1.5848,1
0.59913,-2.4223,3.5291,-1.5375,2.7132,1.6445,-2.7259,-0.60686,1
3.1633,-2.2488,-1.7821,1.6998,-1.3472,-1.5258,-0.1891,1.0493,1
-1.854,-1.7847,-0.41195,2.2993,2.7282,-0.053461,-2.8969,-1.434,1
2.2565,2.8339,4.7802,-8.6104,7.6611,8.5265,1.1838,5.4769,2
3.2707,2.9654,4.9175,-1.7398,5.571,2.9832,3.1277,6.6949,2
-1.5448,6.7152,-1.0776,6.3786,3.2465,-4.6757,-1.4885,4.2276,3
1.4759,3.6392,6.4252,5.4281,5.6768,3.872,1.9063,5.2074,2
0.87448,3.6458,3.5514,3.7578,2.8806,2.1591,3.2779,4.0115,2
3.8501,5.3146,-0.83982,4.5136,-0.92881,3.8183,2.3864,0.076342,1
-1.6166,1.3947,5.2793,5.9754,4.6209,8.7686,0.85362,6.0348,2
5.2528,2.0259,1.5589,-0.89136,0.34434,-0.21177,1.9409,-0.7645,3
0.32891,3.4263,4.6762,3.4609,-0.26145,8.2941,1.936,4.8049,2
-1.0121,0.32859,-1.8376,-1.8355,3.8527,-0.9938,1.6297,-0.17376,3
-1.1757,2.0001,2.1449,-1.2572,0.3216,8.1466,0.85461,2.5005,2
-1.3003,-2.4812,0.074432,4.2938,-1.9643,3.3351,2.4301,-1.1703,1
0.60132,-0.094846,1.8456,-1.681,0.053458,2.327,-1.6834,2.9438,3
-1.066,-2.5297,2.343,2.8265,-0.074961,-2.375,0.92689,-0.66998,1
0.49671,-1.8962,2.4902,0.85548,1.5167,-3.7564,1.4308,0.89628,1
-1.3408,1.7213,0.23089,4.0717,-0.53815,-4.1581,-2.859,0.52693,3
-0.43002,3.7745,-1.3737,-1.5593,-1.3159,-2.5359,4.2766,2.1002,3
-1.5114,2.5385,0.76278,-0.15898,0.64797,6.804,-1.434,-1.722,3
0.18814,-0.2637,3.6318,8.6136,3.2102,-2.2732,-2.6629,3.7046,1
0.90625,4.2142,0.93427,-0.63543,0.89765,-0.51766,0.26084,2.3511,3
-1.5238,0.31746,1.3873,0.3093,4.0076,-2.2806,-3.4602,0.57694,1
2.1867,-2.3636,7.1253,-1.2208,2.9772,0.24179,-1.0078,1.9082,3
2.2739,2.383,-1.1635,-0.80756,-0.30145,-0.81579,6.7785,-0.19693,3
1.9922,-0.70837,4.3237,3.669,2.5664,-1.6336,-1.8277,4.7637,2
2.8586,1.6024,7.0714,3.3272,3.9417,-1.0628,5.5188,4.1955,2
0.67332,-1.6431,0.36699,-1.2625,0.53629,-0.10778,-3.3413,-0.75723,3
3.0203,-0.12057,4.5861,4.1201,3.7233,1.7569,3.1686,0.28015,2
0.87984,-2.5399,0.84898,3.6606,3.0354,1.9871,-3.9918,3.187,2
2.7631,2.6428,0.75176,-1.2517,0.70343,-3.5888,2.1101,1.9378,1
-0.18324,1.6785,0.46422,-0.81957,-0.59667,-0.11975,-0.91255,-0.27756,3
-2.8462,3.0021,4.5369,-1.4441,6.0845,7.5151,3.663,5.4317,2
-0.99087,-0.73247,-1.6268,-1.8752,4.4821,0.27171,4.1848,0.017794,1
-0.40534,-0.002006,-0.43598,1.6473,-0.96304,3.79,-1.819,-0.24628,1
0.59351,-1.0337,0.012319,0.26523,4.4902,2.4807,1.9075,1.6709,1
2.2057,3.5544,6.6288,-0.91703,1.091,7.6166,-2.8975,7.644,2
-2.0893,-0.091318,-0.053751,5.8284,-0.82186,-0.10957,6.2956,7.4198,3
-1.3267,4.2846,-1.9016,2.1963,4.3579,2.9345,-2.2498,6.7549,3
-3.8125,-1.77,7.3605,1.371,6.2333,6.4256,-1.0579,1.3128,2
3.0761,1.5227,4.9639,3.9327,3.8424,8.869,5.4536,5.9799,2
2.0497,4.4713,1.2383,0.67396,2.4122,-2.4715,2.3574,-0.85419,1
2.7977,3.2896,7.0942,5.365,2.6011,4.0828,1.1651,5.4144,2
-1.4833,-2.1925,-0.093394,2.2736,5.0188,-1.6015,4.5347,2.8437,3
-1.2053,-2.1187,-0.80884,-1.8246,-1.5666,-0.60573,0.54573,2.4513,3
1.1497,-1.1948,-0.59947,3.8362,0.83928,-3.7466,-3.1529,0.12891,3
-0.31218,1.4352,3.393,1.8439,7.0631,1.4338,-6.5533,7.3998,2
1.6206,1.4998,7.6525,4.0633,5.5522,5.9343,-1.2373,7.0759,2
2.0893,-2.6809,1.2755,2.5939,2.2928,-2.4378,3.8285,0.60001,1
-2.957,-0.85045,1.4327,-1.1006,4.8035,-3.8523,1.7044,3.5906,3
0.91571,2.6631,4.7902,-5.1114,7.6917,8.8873,-1.0305,2.0783,2
2.8032,-2.3698,-0.22651,3.4835,-0.22506,-0.47036,1.9624,-1.636,1
1.6156,-0.082578,-2.0042,3.4574,-0.61848,6.8312,2.851,-1.6382,3
0.76238,3.6665,1.5829,-0.37042,3.1098,1.5162,0.16806,2.5607,1
-1.3918,-2.8243,1.2455,0.041422,0.84591,13.19,4.6754,0.53968,3
-0.89236,0.024749,-1.7072,-1.5348,-0.016812,0.40209,-1.9552,-1.4459,3
2.6514,-1.2414,0.90263,3.2587,2.5069,1.464,-0.47746,1.5126,1
-1.6164,-2.3106,-1.1988,-1.7681,-0.16768,-1.9587,-3.0749,1.1747,1
-0.10278,0.75631,-0.56076,2.989,1.0837,4.6815,0.18287,-0.7268,3
-0.12716,2.6012,4.2104,0.32958,0.2012,4.6566,-3.5637,1.1405,3
4.7831,1.0094,-1.0894,1.0693,-0.8849,-0.75894,-0.63434,0.20133,1
-0.59572,-1.5332,2.7815,-0.88302,0.13505,-4.0304,3.0662,4.3244,3
-1.1734,-1.8122,0.24424,1.0473,1.6635,0.35793,-1.0116,1.0275,1
-0.53605,1.7907,0.5299,1.597,0.35333,4.5299,0.89528,1.3877,1
2.9359,2.2642,7.0409,-0.003891,6.0582,1.0206,1.8347,6.2279,2
0.77365,0.89418,-0.53565,-0.66375,0.14034,-0.96229,-4.2876,0.8316,3
-0.68693,0.13895,-0.22415,-0.36244,-0.11596,-2.1364,-2.1573,4.0496,1
-0.069163,-0.29129,0.58347,0.43617,2.0569,4.509,-3.0214,1.2537,3
0.19634,0.37863,-0.13847,-0.76744,-1.2661,2.1347,-1.6474,3.4654,1
0.96295,1.9315,0.13157,5.2196,0.97913,7.8333,4.2507,7.5844,2
-0.36551,-1.3,5.6576,-0.4401,7.9573,7.8965,-0.59822,7.3461,2
0.75096,0.73608,-0.074725,-0.23155,0.49702,2.3695,6.7467,0.82252,1
1.0116,-0.23013,5.8578,3.039,4.8133,7.9518,4.376,6.4561,2
0.66636,-1.8293,0.78847,2.8766,1.1228,3.5954,-0.32649,1.1055,3
2.4253,3.1496,0.24079,-1.9028,6.991,6.0209,-5.9265,5.7392,2
0.22479,-2.2214,0.66575,3.3658,0.30831,-1.9623,-3.7249,0.33022,1
-0.70613,0.75222,4.6906,-3.0569,5.8868,4.9161,-0.37796,4.9887,2
1.1419,-0.17575,1.0823,3.1686,9.9779,-0.69479,3.4601,-0.44387,3
2.3354,3.265,-1.0507,0.37635,1.5744,12.316,-2.6951,4.0049,3
1.5754,3.8771,7.2654,2.4993,5.6667,7.4998,4.3084,6.5979,2
1.9679,-2.0345,0.69764,5.8912,1.4522,-0.34535,2.0654,3.9891,3
-0.95928,-1.2568,-0.58678,0.45543,0.046005,11.498,-2.3487,5.4063,3
3.9387,1.8796,7.5435,0.91639,5.4379,3.8565,4.1006,4.0786,2
-2.1195,2.2979,0.30362,-0.93311,-1.6958,6.1163,2.2633,2.72,1
3.6523,1.5548,7.6885,-1.9567,6.2851,-0.56327,3.45,5.5346,2
0.76917,3.2204,4.4392,-0.82799,5.6037,7.1003,-0.66814,7.3677,2
1.0548,-0.24868,2.3135,-0.43125,-0.80473,4.558,-2.013,1.9132,3
3.414,2.814,1.7852,2.4352,7.0832,7.2722,-4.8271,6.1165,2
-0.67297,-1.9895,-0.88206,-1.4693,-1.9567,-3.5022,6.4627,1.7722,1
-1.9085,1.1497,2.8744,-1.5207,-1.2926,4.9028,1.9865,-0.70494,3
1.5332,-0.73528,-0.5339,-0.7314,2.1908,3.3591,6.1149,0.33099,3
-1.3366,-2.5989,1.7649,-1.2941,-0.71402,-0.24988,7.3857,0.29194,1
-2.6666,2.5131,2.9381,-10.102,7.6905,-3.7316,0.31093,3.8953,2
2.0076,-1.5927,0.49933,-0.62089,6.5925,-3.5717,5.2439,1.0231,1
-2.0308,-0.48733,4.2786,0.75306,7.0872,5.7678,4.3277,6.1999,2
3.7107,0.38962,0.99216,0.53671,-0.43097,-2.8681,0.13734,1.7644,1
-1.1605,3.5791,2.9142,5.7901,7.0507,8.5904,1.1178,7.4104,2
1.2445,1.3491,1.6704,2.2431,5.761,3.4535,0.52316,1.6869,2
-1.8381,-1.5467,0.40462,-0.66658,0.22908,0.99151,1.8336,1.0143,1
7.2046,1.5796,1.7816,-1.16,1.2468,6.9184,-2.1304,2.9359,3
3.874,2.5961,1.7778,6.4604,3.6242,5.0085,0.56355,-0.041586,2
-0.60946,0.61942,2.2017,1.318,4.5868,-3.4457,2.3497,2.2866,1
0.73086,5.275,-1.1415,-0.25146,2.4465,0.32696,12.512,-0.17897,3
5.7177,-1.5328,2.2703,2.7269,0.72884,6.9245,3.3201,-1.4618,1
1.6513,1.1288,-1.4704,0.47897,4.2212,4.2996,15.935,1.3367,1
2.4498,3.4964,4.0404,3.8617,6.3452,7.9347,1.7571,-0.92145,2
1.7019,1.7489,4.0855,2.8708,-0.36656,3.6812,3.0936,1.4803,3
3.9049,-1.5314,6.4153,-1.5069,3.3166,8.1737,1.9204,6.7101,2
-1.9376,0.90829,4.848,-4.1337,6.1602,6.2036,1.0531,6.5585,2
1.1334,-1.4691,-0.16281,0.57831,1.1383,-0.80553,-3.0849,3.9305,3
0.15221,-0.52907,0.96285,0.77342,1.207,7.514,-4.1169,1.5571,3
-1.58,0.13888,3.8547,0.010894,0.16946,-1.9077,-1.0887,1.9773,1
-0.83613,-0.60441,-1.0503,0.19508,5.2991,3.4073,2.8883,4.577,2
-2.6084,-2.2331,0.60647,0.69894,-1.2991,-3.8249,9.2407,0.068633,1
2.6768,2.3574,7.4489,2.2029,4.624,5.9696,3.8659,6.7105,2
3.7333,1.4809,-0.9288,6.0593,1.8732,-1.434,-1.4433,0.15154,3
-0.08045,1.17,3.9649,5.2299,7.0941,1.5781,1.5121,7.0091,2
-1.7053,-1.6781,-0.81984,-1.069,-0.57443,4.1908,2.3549,0.41355,3
1.0139,-2.9601,7.7642,4.5432,6.9411,3.4214,1.9608,6.0131,2
-2.779,-2.5544,-0.51508,-0.8474,6.5535,4.7933,-3.6308,0.42326,3
-1.5671,0.21861,-0.66252,-1.5626,0.2979,6.2449,-5.0615,0.85445,3
-0.44211,4.3917,2.8904,1.7203,5.0045,-4.0182,-2.3425,0.79494,3
2.0883,0.58483,0.008318,3.4166,6.5569,7.0365,3.0754,4.2931,2
-0.53771,-0.46783,-0.010229,4.2307,-1.5148,-2.2972,-0.67832,3.2545,3
1.6578,2.1233,6.726,2.6576,7.2586,0.56354,4.7069,6.0763,2
2.1919,-1.4753,6.1611,-1.4913,4.3046,7.6494,-2.7458,7.3245,2
2.4208,3.2393,7.9474,-2.0779,6.5155,2.1321,1.5303,3.0958,2
-0.97079,0.19257,1.9758,-0.4856,-0.24365,-1.4206,-0.84121,-1.5493,1
3.3876,-0.26662,6.8144,-0.48746,5.0012,8.2728,5.284,5.7996,2
3.0669,-0.55137,5.3281,-6.1689,6.1954,3.0604,4.2153,6.9177,2
-3.1302,3.4861,4.8896,-3.5049,7.8689,0.13315,-3.2071,5.3098,2
-1.0148,-0.39379,1.9057,0.78981,-1.6359,-4.3571,2.6815,2.7045,1
-1.45,-1.0117,-1.5727,-1.0489,3.2613,-2.2047,-2.1346,-1.5776,1
2.6632,0.21132,4.8945,6.0725,1.4214,9.0558,2.1343,5.2552,2
0.35974,1.1895,7.0728,5.2228,-1.0726,0.64779,-2.1053,5.6309,2
3.7191,2.2582,5.8801,5.4218,6.5595,9.8037,1.5622,6.6981,2
2.0816,0.074847,5.8764,-0.08728,6.7635,-2.8604,-6.9982,1.4827,2
1.6558,-2.2936,0.45337,-0.31662,-0.56232,10.426,0.92512,0.37811,1
-0.99048,-0.84758,2.6928,-0.0961,0.69507,1.171,-2.6169,-1.0173,1
-0.11901,-2.1039,1.2174,-1.1798,0.041153,-3.1394,0.014357,2.0311,3
2.4355,2.171,7.0145,-3.6631,7.0918,4.5145,4.6232,5.5934,2
2.7348,-2.0376,4.9656,-5.7728,3.4679,8.863,2.6569,2.1469,2
-2.1155,1.2584,0.98669,-0.50363,-1.7299,1.7942,-0.84437,0.51134,1
-1.0691,-0.53949,-0.67156,1.8713,-0.57391,1.6593,-4.4518,3.9133,3
2.7002,-0.1712,0.069683,5.4329,-1.0311,1.5424,-2.2097,0.93036,3
0.7124,-1.2028,1.5823,3.4816,-0.82644,-3.4685,-4.1728,-0.75403,1
4.4804,2.2657,-0.21544,0.35104,-0.82652,-3.066,-3.8496,-1.2772,3
-0.5415,-0.44675,-0.92819,1.4268,1.4214,0.07729,0.54847,1.0033,1
2.5234,-1.6709,-1.1144,1.8564,7.9315,4.3558,7.8863,1.3881,1
3.3648,3.412,5.8372,-2.7079,6.3886,0.65631,-2.6663,4.0245,2
2.7106,-0.63073,4.4666,-1.7472,7.8482,0.17502,1.0357,7.6703,2
1.6034,1.7121,6.3055,-3.3915,5.8615,7.5502,-0.90355,6.8878,2
0.22232,1.1199,7.4164,-2.983,4.7543,9.923,1.88,7.3378,2
-0.31572,-2.4092,-0.57215,-1.3674,-1.4147,0.14663,-2.8206,0.55137,1
1.3189,-0.94957,0.85839,4.1039,3.6895,-2.3016,0.59011,0.42523,3
-1.1987,-0.99954,-0.99595,0.021748,-0.18167,-4.0269,1.0124,7.0763,1
1.5106,2.2439,7.1891,1.8461,2.804,2.1986,2.8615,7.1006,2
-0.45328,2.2795,4.9246,5.962,0.90864,5.5628,0.43081,6.4599,2
2.3702,0.79232,7.1601,2.9901,7.9294,2.9397,-0.088489,4.9167,2
-1.3226,-2.1786,-1.3859,5.8317,-0.82375,5.9994,2.8617,2.6997,1
2.3422,2.2773,7.6303,2.4133,-1.1596,6.6648,2.9035,6.9569,2
2.5674,2.3929,5.396,4.2315,5.9677,7.2981,-1.8862,3.018,2
3.029,1.3059,2.809,0.3076,2.5667,8.9557,4.7701,6.0988,2
-0.13992,1.4826,0.54776,-0.65457,0.62761,-0.57893,-4.7293,2.2193,3
4.1441,-0.59702,0.12038,-0.32343,1.1919,3.7282,2.7175,4.8048,3
-0.70666,3.6329,-1.4568,-0.81751,6.5557,-2.9486,-4.8664,0.38711,3
-1.314,-2.909,0.33566,-1.911,2.1387,0.96415,-4.2798,2.1359,3
-2.5788,-1.2142,0.72223,0.69952,0.89187,14.94,-3.5024,3.7201,3
2.0754,-0.41818,7.63,0.1853,4.5919,10.058,2.1838,4.9285,2
4.6705,-1.7148,6.2995,1.7721,-0.9269,0.96622,-0.19278,1.1674,3
2.7241,2.4719,1.9539,1.3425,-1.1673,0.36403,-2.2609,0.23922,3
1.6292,-1.9773,0.26838,2.6971,4.9717,0.31662,-3.8711,0.12362,1
3.1956,3.1843,5.4016,2.1509,5.4313,-1.2077,4.7582,6.0776,2
-1.5017,-2.1408,0.46578,0.19093,3.8959,5.3347,-3.2927,-0.78217,1
-2.5356,0.60162,-0.5213,0.84161,0.70259,4.782,-1.9498,1.2995,3
1.3927,-2.5896,2.6022,-0.17533,-0.006461,1.9975,-2.5855,-0.93931,3
3.9366,2.2004,3.502,3.3836,0.56252,-3.27,-0.88343,-0.40995,3
0.82439,-1.9152,6.5037,3.1639,3.5854,10.425,-1.469,7.5697,2
-1.9921,-2.4721,-0.59876,2.9817,1.8386,-0.47789,-3.7246,0.71132,1
1.9867,1.3728,5.7091,6.7514,3.1381,7.3017,4.1017,6.5048,2
-1.9184,-2.3342,3.4115,-1.3921,0.284,4.3387,-0.58223,3.4342,3
-1.0684,1.2796,6.2156,6.6259,3.1507,7.9149,4.7709,6.7645,2
1.0786,3.8037,3.1071,4.5078,7.0868,-3.4207,3.5117,6.6833,2
-3.4198,3.255,2.5375,-2.1766,5.3544,7.5843,3.5939,6.6285,2
1.2515,-2.4719,2.7908,1.2685,1.5108,1.4527,-1.3192,-0.73806,1
2.1453,1.1796,7.3381,-0.29008,0.69524,9.4908,-1.5718,3.442,2
-0.9333,2.9425,3.3548,2.8234,3.3005,9.5596,-0.58082,5.419,2
1.6638,3.827,6.911,2.0524,7.1282,-4.9116,-0.31291,0.42138,2
-2.6152,-1.2634,0.090743,-0.98683,-1.2604,6.1917,-3.559,1.3606,1
1.5082,1.2867,-1.8229,1.7703,-0.50866,-0.57386,-1.389,-1.3956,3
-3.8717,-1.0193,4.115,1.9573,3.1845,8.6543,-0.66507,7.8327,2
2.7384,-1.1979,0.14298,2.1937,-1.1151,3.3863,0.60782,-1.2516,1
-2.5223,-0.47422,-0.4628,4.2206,3.9551,-3.4814,-2.5282,0.90113,1
-2.6652,-0.16082,0.41022,4.263,3.4324,-2.2458,-2.5731,-0.94579,3
1.455,-2.3466,2.8888,-0.41968,-0.21357,-3.5007,3.7577,0.98287,1
-2.2698,0.014603,0.008256,1.8909,-1.0637,-1.591,3.8392,2.2214,1
-2.6685,-0.34879,1.1594,-0.73738,1.7111,6.975,1.7344,-1.0914,1
1.0617,2.3386,7.5621,-1.7712,3.9374,7.0844,-2.0385,5.2882,2
-0.63733,1.7447,-1.3635,-1.1372,2.1236,14.314,6.4528,2.447,1
2.6141,2.4509,2.3636,-8.4084,6.5745,9.4389,4.8476,5.4841,2
-0.42832,-0.27693,1.2487,-1.1819,-1.2262,0.17783,8.9781,1.7786,1
3.2692,2.1995,4.5947,0.099948,6.513,6.7328,1.9721,4.8606,2
-1.7516,3.7746,1.3949,-0.84561,2.3272,1.1122,2.1978,3.7367,3
1.2575,-0.34101,-0.24724,-1.1734,-0.30344,-2.7701,-2.7102,-0.17006,1
-1.7481,-2.5412,-1.4507,-1.0647,4.0646,-3.1681,-0.57161,3.0028,3
2.7081,0.83496,1.5034,-7.9539,3.8686,-7.7717,0.30757,3.1511,2
0.77948,1.7711,0.11668,1.4616,5.4718,8.2622,0.2006,3.6886,2
-2.4041,-2.1355,-0.49362,0.015683,-1.8928,2.3433,1.1043,-0.36793,1
-1.0925,-1.9781,-0.030572,0.96493,-0.87062,2.7405,-1.1901,1.727,1
-2.7852,-0.98289,3.0262,-0.30604,-0.61652,5.0266,-1.2357,5.1822,3
-1.7953,-0.6308,-1.0304,3.6229,1.076,1.0166,-1.4025,-0.85342,1
7.9969,-0.33674,0.9372,2.379,-0.058557,0.12342,0.061331,-1.2405,1
-1.4104,0.72638,-0.62022,-1.4545,0.49302,-0.37139,-2.6165,0.99255,1
0.40442,-2.1678,0.58366,2.7266,4.9351,7.9846,-0.62833,7.8138,2
1.6939,2.8421,0.433,5.6661,5.0204,5.2665,4.1928,4.6817,2
0.44648,-1.7034,-0.35263,2.4586,0.46436,0.21736,3.1281,0.84822,3
-2.8098,-2.2785,6.3073,4.3372,3.9213,-1.4789,0.05169,2.4641,3
0.48266,1.0939,-0.92389,1.2832,-0.13863,-2.4159,0.89232,0.23937,3
0.020449,-0.49959,2.346,0.73555,1.4969,-0.97936,1.0357,1.1745,1
1.7434,0.89518,2.0908,4.0537,-0.31786,6.4946,2.2404,0.074804,3
1.1971,4.7463,0.10626,-1.0717,0.24082,-3.7274,-2.5299,1.073,3
4.901,-2.3592,1.2381,-0.49076,0.2573,1.4031,1.396,0.96025,1
3.5951,2.174,7.0554,-1.5381,4.5058,2.5817,4.9008,3.4322,2
-1.6762,-0.66807,-0.049398,-0.61258,-1.6911,3.2776,5.9501,-0.20489,3
1.4665,1.0989,6.9011,-5.2745,1.1696,-0.11745,-4.8434,6.3861,2
-1.7428,-0.16218,2.8222,-0.24191,0.47896,-3.3644,1.3811,0.99955,3
2.8181,2.6543,4.8804,3.6053,6.2711,-1.0247,-3.4573,1.4925,2
1.3539,3.5693,5.6293,-0.22269,6.4957,7.1569,3.6917,5.7186,2
-0.55853,0.2943,1.4824,1.4122,1.2817,0.72774,-0.28599,-1.6523,1
0.65972,-2.6624,4.0788,2.7344,1.9152,-3.2148,-3.0201,1.4799,3
-2.5167,-1.5225,0.89296,2.2127,-0.022654,2.2387,-4.8524,1.56,3
1.6728,2.9476,1.5354,3.5661,2.8028,2.6207,0.5151,7.3523,2
-0.87654,1.9688,6.7203,2.4972,1.2597,6.4445,-1.6974,6.1298,2
-0.91969,0.20701,-1.7359,0.80307,-0.32648,5.7636,1.7308,-0.67954,1
2.9857,2.8758,6.6652,-1.5984,5.7609,-0.42511,3.2549,7.4152,2
2.1619,4.5672,-0.002534,-0.28499,-1.8149,-3.9124,1.32,-1.3709,3
1.9342,-2.9484,1.9191,1.8099,0.54527,-3.1502,-3.0311,0.17036,1
-0.91712,1.3079,6.7011,1.0991,-0.17831,0.69488,13.02,-0.39678,3
2.1461,2.073,5.9004,1.0317,5.6778,0.83817,2.7551,5.4957,2
-0.15466,2.6596,5.3797,1.1514,7.3615,3.7911,1.517,6.0657,2
-2.522,-0.25435,0.29125,-0.51022,0.54352,4.0861,-1.6461,-0.87643,1
0.93717,-2.7789,0.46209,-0.23039,8.3648,-4.1929,2.3235,0.97121,1
2.9543,-2.1078,3.1328,2.4698,-1.6317,-1.3761,-0.88878,-0.37984,1
0.3553,0.50828,5.2569,3.9977,6.1127,5.5404,3.7236,6.1541,2
-2.2562,-2.03,1.4607,-0.72802,2.127,0.87733,1.2084,1.1872,3
-1.1172,-1.3724,1.385,0.96938,1.8639,-1.7508,5.3939,1.0562,3
-1.2313,0.1845,3.9314,4.7912,3.7642,4.0392,4.2917,6.9024,2
-1.2877,3.1551,-0.17887,1.0747,1.9348,-3.6848,1.2349,-1.8378,3
4.2621,-1.451,1.6243,1.9952,-1.3042,-1.0304,4.4098,0.93919,1
0.96123,-1.2116,2.2994,4.4508,0.26318,2.5958,-3.0879,-0.8128,3
3.4692,-0.42499,3.0745,-0.19843,-0.63024,-1.9713,15.384,3.1353,3
-0.71345,-0.67108,1.1338,-0.45772,-0.14437,-3.1201,-1.4509,-0.004782,3
2.7921,2.7664,6.5824,-0.65576,6.5646,8.0191,4.6823,4.921,2
0.53347,-1.5028,0.51988,0.57634,4.5039,-1.8667,6.5862,0.83422,3
-1.8136,-1.2957,1.8122,4.4546,-1.1753,-4.204,-0.46088,2.7508,1
-0.026198,-2.6205,-0.36882,-0.60683,1.3384,-1.6965,6.6173,0.82938,1
-1.2177,-2.6605,1.2066,-0.86942,-1.0672,5.1104,-2.5441,2.6475,1
-1.4119,1.1408,1.8169,6.4124,4.3637,10.425,4.5599,5.2944,2
0.7753,0.7603,-0.22473,1.4871,-0.40329,1.8878,0.040682,1.4265,1
0.64624,1.9921,0.98633,1.5308,3.684,-1.756,2.0355,1.2217,1
2.7821,-2.3053,2.887,-0.75052,-0.77984,2.9075,2.3517,-0.66713,1
-0.11356,2.8027,1.5384,0.91722,-1.2423,8.6677,-1.1399,6.39,1
-1.4647,-0.31211,-1.3713,-1.3372,1.0409,-1.6545,-0.91307,2.6291,1
1.3365,-0.39636,3.4223,-1.48,2.262,6.8127,4.8448,0.48289,1
2.7347,1.3395,7.0116,-0.44671,4.7027,7.9187,0.79369,6.3746,2
4.0667,0.51719,-1.1535,4.9871,-0.68509,-3.9223,2.2546,1.601,1
0.7418,3.1768,3.3243,3.0392,5.5916,4.3895,-4.3746,3.6683,2
-1.0536,2.2515,-0.97165,0.54017,0.13522,2.9449,-3.6896,5.1896,1
-2.1326,1.7732,-0.64701,-1.7553,0.72312,-1.1554,0.74296,-1.1326,1
0.22433,-1.181,1.8816,0.93127,-0.50308,-1.6054,1.8793,0.88383,3
-2.1768,5.0874,0.63291,1.942,1.7709,-0.89767,5.6892,-0.42331,1
1.9695,1.615,1.6698,3.3047,7.6465,5.1086,-6.0875,4.5251,2
-3.3497,1.3449,3.2536,-2.3429,2.5816,-0.70315,-0.046081,5.8457,2
-1.9969,-1.6191,-0.044221,0.47817,-0.33726,-2.1228,-0.055198,2.0279,3
-0.17098,-0.76114,-0.41169,-0.7121,0.17415,-1.3803,5.5155,-0.30401,1
3.7988,-0.18969,2.107,4.6013,6.0159,9.2199,-1.9813,3.2212,2
-2.4016,1.2125,1.8067,0.51157,-0.39471,-3.5415,-3.9383,-1.3033,1
3.9916,-2.5375,1.8368,0.85855,-1.2263,-3.0356,-1.44,0.61856,3
1.8156,-0.16408,2.7083,-0.48538,-0.046986,-3.2977,12.806,0.9402,3
1.1506,1.5699,0.076305,2.0376,1.7536,-2.9967,-2.1592,2.4207,3
0.85239,0.67342,5.1828,2.414,6.1022,10.138,-0.46427,3.0022,2
-1.428,-1.9522,-0.1171,0.58154,-0.83227,-0.73956,7.7432,2.1058,3
-2.5636,-0.51031,-0.48788,-0.79875,5.0509,6.07,6.2024,-0.7082,3
0.016687,4.5324,-0.71903,-0.35503,1.2756,0.81231,-4.3826,1.0732,3
3.7509,3.4392,4.0299,5.9818,5.9267,7.7534,1.3938,6.5144,2
-1.1985,-0.30709,-1.1608,0.91868,-0.90626,4.1075,-4.0315,-1.2859,3
2.3472,2.7576,6.5421,-4.4259,5.109,6.6285,0.15435,7.705,2
0.5458,0.067203,-1.0335,2.9728,0.68774,0.21941,-4.3514,2.9406,3
-0.63349,-1.6835,1.1371,-0.037466,-1.2312,0.53856,1.2159,1.5288,1
0.027711,1.4636,-0.36697,1.578,-0.49845,0.39786,3.9369,-0.616,1
-0.2336,-2.9359,4.1393,0.16972,1.0941,-3.4715,2.0996,3.3221,3
2.3806,-0.39835,-1.6911,7.8015,10.192,0.14241,-0.60433,0.79374,3
2.6348,0.41227,4.9655,-9.6294,4.5039,9.2186,2.4821,4.8438,2
0.96395,-0.99775,1.2961,0.19356,1.1586,3.594,-1.4855,1.8636,3
0.83661,1.342,6.3394,6.0557,4.2531,10.95,1.2349,5.9466,2
-2.5755,-2.1008,2.1053,1.1942,6.2575,0.6564,2.3776,5.0818,2
0.56593,4.1616,4.5203,3.0331,5.67,2.9751,8.5073,2.2766,3
1.7624,0.96871,6.6946,-3.5889,7.3315,10.827,-1.9096,2.779,2
0.87322,-0.56631,5.4777,6.3428,2.4486,3.386,-4.8333,7.1077,2
3.0081,1.9756,6.5615,-6.929,4.0318,3.8201,4.9728,7.7132,2
3.0827,-0.93365,4.1563,-2.2698,5.3799,5.6443,4.7023,5.751,2
0.69966,1.1295,1.9714,0.69114,5.5576,6.0816,-0.22141,5.1625,2
1.4177,2.4263,7.0559,0.18753,6.3808,2.7742,3.3006,6.5116,2
3.2491,-1.453,4.2532,5.7157,3.6948,4.9647,0.51565,2.7452,2
0.71186,-2.3684,2.1202,2.9273,2.2149,-0.71523,-1.8827,-1.2235,3
-1.1151,-1.3125,-2.0981,0.97689,7.6074,7.3512,-1.1858,6.0288,2
5.0767,-2.153,1.4806,-0.79649,1.2551,0.67131,-1.5876,0.52208,1
-1.9154,0.001164,0.84367,2.5221,1.5682,-2.0464,-3.0395,2.5719,3
-0.39841,3.324,-0.87139,-1.5342,-1.0083,0.41848,3.6994,0.15322,3
-0.71751,-0.54809,-1.1618,1.516,-0.66683,3.7827,0.60947,-1.1524,1
0.15837,-1.5974,1.5174,2.6131,1.8765,8.9823,0.65873,3.5927,1
-1.5485,0.011218,0.58627,0.93831,-0.83179,-0.1298,0.35837,1.1035,3
-0.92066,-1.8445,-0.99626,-0.63464,-0.65423,0.55792,1.7501,6.0234,3
-1.4475,1.9,2.512,2.6289,2.631,-2.1731,-3.4973,0.51703,3
-4.8604,2.399,7.0211,6.6781,7.9353,9.6431,2.3499,4.2784,2
-2.1955,-2.4733,-0.46958,-0.19041,0.65582,-2.0744,-3.0606,5.8434,3
0.77421,0.50869,0.5563,0.084669,-1.5771,0.26585,0.68726,0.1914,3
-0.068252,1.8432,0.83355,-4.0376,4.853,2.7852,-3.2753,3.8162,2
2.737,1.3493,3.8142,-1.7178,-0.082461,-1.0666,-1.9723,-1.7405,3
-1.7854,-2.0235,-1.106,0.58569,0.89662,7.7213,-3.7215,-1.7626,3
1.0177,1.9639,0.15271,-0.73674,1.5299,4.9696,2.4811,0.24381,1
-1.629,-1.8936,-1.1808,3.8086,7.6373,-0.23868,-2.2722,-0.95583,1
-1.7181,1.2772,-1.7496,-1.7922,0.016992,0.060486,1.3432,0.023768,3
2.5328,2.1926,3.3513,1.4745,7.3802,10.311,2.9221,6.0169,2
1.9715,1.4648,7.2822,3.9282,5.4881,1.5296,-0.18945,3.1639,2
0.041469,-1.3149,3.0831,-0.91632,7.6e-05,3.2397,-2.8549,0.19037,1
-1.227,-1.3617,0.99787,2.9015,1.7694,-3.1127,0.084771,-1.6705,1
0.33439,0.018511,-0.023869,-1.2414,3.295,-3.1375,-4.156,-0.27174,1
3.4825,1.2094,5.1889,-1.6225,4.823,4.8693,-4.3414,5.1148,2
-1.0124,-1.9631,7.1176,1.6324,4.5212,-2.2501,-1.6107,3.8142,2
-0.99651,2.579,-0.22295,0.13359,0.054369,-1.6745,2.2823,-0.35916,3
1.8245,2.5055,6.3209,5.2536,6.4481,9.3604,0.44246,6.3657,2
-1.2799,-1.0955,6.8118,-3.2954,7.7263,10.139,1.3183,4.8199,2
3.3795,-0.5677,-0.032276,-0.65073,-1.3213,4.0971,1.869,-1.4452,1
-2.4641,-0.46374,-0.36803,0.47068,1.358,0.99445,-2.9234,6.7627,3
1.1463,-1.0598,0.10586,2.7905,0.181,5.1902,-1.57,1.6606,3
0.062848,0.14866,4.4453,3.6707,4.3806,0.50351,2.7475,6.9057,2
-1.8961,-1.2381,1.4539,1.7741,0.46518,1.1686,-3.1547,-0.14949,3
-1.319,1.5709,-1.3186,4.2536,2.1027,3.3346,1.0897,1.9279,3
0.38557,2.831,5.9742,5.2032,1.9257,4.9858,4.9587,4.3726,2
3.7669,0.42529,0.031932,1.7167,1.5994,4.8287,5.0002,-0.57805,1
-1.9478,-0.55055,1.9471,1.7969,0.7183,3.5802,-1.0607,-0.66074,3
-1.2684,1.6329,0.46046,-1.3904,3.8785,-0.9362,-1.7744,0.081017,3
-2.7518,2.5117,7.9588,5.2467,5.3605,5.9208,1.3638,4.4105,2
-0.15811,1.6984,5.4765,1.6892,4.9601,4.7802,2.065,3.6621,2
-1.2319,-0.85552,0.58524,2.5363,0.51714,6.2658,-1.5738,2.0998,3
-1.6282,3.9389,-1.5867,3.0136,4.9764,-1.5927,-2.4379,-0.00037,1
2.9223,-1.6118,1.086,-1.1236,3.6342,1.4221,-1.3276,-0.77456,1
0.98108,-0.55046,2.6775,-0.39518,4.6318,1.6227,-2.5729,0.38669,1
-1.6144,0.14301,6.298,0.57052,5.2261,4.8029,2.5422,5.4946,2
-1.0114,-1.4889,2.4825,0.27313,0.69011,-3.3547,3.8487,2.068,1
1.2758,3.3483,0.66853,3.4947,-0.86865,0.84938,8.0688,1.6204,3
2.2852,1.8527,3.308,1.6719,4.1219,5.38,1.9523,5.9442,2
3.0392,1.6199,5.2118,-1.3526,6.2318,-0.037752,-1.2139,1.0083,1
-0.6258,1.8406,6.1616,-0.36152,6.8539,4.2125,4.1786,4.7403,2
1.8502,3.6002,5.9888,1.1784,5.4669,7.689,-1.9093,6.3799,2
1.2286,-0.93115,3.0202,1.0217,-1.5435,-4.2612,-0.76944,1.9032,1
-2.1874,0.27438,-0.11031,2.2648,0.67,-2.5282,2.6006,1.7877,1
2.6242,2.176,2.9933,-1.2726,-1.0972,1.86,2.6283,-1.2192,1
-0.19443,1.6807,3.482,6.8055,6.4791,-2.0634,-0.45099,5.3578,2
-1.617,2.3459,3.53,6.1747,6.695,1.1482,2.2535,6.6275,2
0.29631,0.11984,7.6693,4.8591,3.6762,9.6467,1.6385,5.6798,2
-1.4089,3.4445,2.4672,-1.4424,1.8663,11.029,-1.563,5.1503,1
-1.1076,-1.9221,3.5337,5.4486,-0.84193,-3.5836,-1.9759,1.0278,3
-0.96742,-0.24612,3.0911,-1.0122,-0.88339,1.6114,4.1815,2.256,3
0.35423,-4.0335,5.4077,-11.251,4.4106,-2.5684,-6.0494,3.6592,2
3.2657,1.8299,1.6789,4.9225,7.1406,1.9768,2.0575,4.3151,2
0.75083,-1.2737,2.6693,1.0837,2.9252,-2.1499,4.0674,-0.96834,1
-1.7356,-0.46154,1.986,1.8352,0.26643,-4.3993,-2.8405,-1.0582,1
3.6081,3.1975,7.8444,4.6124,4.974,2.7832,-2.228,7.1845,2
-1.9893,3.1308,-0.29954,2.9756,2.1044,-1.5902,-3.77,1.5968,3
2.4349,-1.292,0.72011,3.6054,0.29127,2.2215,-3.9949,0.83506,1
1.4784,-0.69497,2.9847,2.7453,-1.3941,3.0161,-1.6154,-1.5848,1
-0.60672,-1.2752,-0.44205,-1.8195,0.029822,2.7239,4.0504,2.5274,3
-0.322,1.6851,6.1011,3.0048,5.7286,-1.728,2.9284,7.1304,2
1.711,3.4167,7.4346,5.7604,4.803,5.0904,-0.83615,5.0729,2
2.3361,-1.4135,2.8226,4.9222,0.32212,4.7602,-2.1402,-1.8153,3
-1.2569,-2.6192,2.1538,2.4451,0.67267,-3.663,-3.8712,0.15579,1
2.2348,1.8303,3.9328,1.7632,6.6036,2.1716,5.2377,2.5058,2
5.5517,1.6699,2.3131,0.025951,0.098633,3.8596,3.3693,1.5653,3
3.5209,-0.33594,6.5741,4.3236,1.9651,3.2234,2.9739,2.8381,2
2.5234,0.31842,6.3375,0.05822,4.5622,0.58975,-1.2865,4.5178,2
0.75096,0.73608,-0.074725,-0.23155,0.49702,2.3695,6.7467,0.82252,3
2.9123,1.3818,4.2532,-1.0659,7.381,3.033,0.34936,4.1702,2
-0.009869,-1.2567,2.0334,0.095403,1.5751,0.37233,-3.2479,0.77741,1
2.5501,-1.7736,-0.54477,-0.12126,2.1698,1.2163,-0.7236,-1.7322,3
0.47548,1.888,-1.1013,-1.0356,-0.59358,2.1987,-3.4745,-1.9991,3
-0.24844,0.86629,-1.3314,5.3802,-0.18867,-4.5005,0.51409,1.968,1
2.0533,-2.1339,3.9088,2.9274,0.21929,2.4403,-4.8648,3.0458,3
-2.4912,2.2012,-0.86004,1.7241,3.7839,2.2999,-1.0898,1.7686,1
-0.50982,-0.24257,0.33593,1.2332,0.74106,2.4476,-0.52071,-0.63909,1
-1.543,-0.91889,1.7496,-0.58322,0.21307,-3.8838,3.1541,-1.6124,1
1.8189,0.51289,4.7184,-5.8007,4.7291,3.8225,3.6326,-0.66375,2
-2.8339,-0.79148,2.7482,-0.82992,-0.1548,2.2706,-0.30456,1.2515,3
4.9572,2.7165,1.4255,-0.9296,-1.1309,0.96367,-2.0481,0.26408,1
-1.3263,-0.065555,1.5119,5.1356,4.7528,7.9103,4.8476,7.3247,2
3.652,-2.8713,-0.14919,0.57218,-1.2137,2.7101,1.3769,1.4208,3
2.2688,3.5434,-0.70426,-0.29016,0.77559,-2.0831,-0.48467,1.9752,3
-0.64338,1.769,0.54449,0.75846,0.2872,-0.2193,-4.1795,-0.078269,1
0.98118,2.1994,5.6646,-2.8166,6.6168,8.9092,4.5932,6.9719,2
-1.5675,1.8033,2.398,-0.4223,-1.9599,1.0333,0.31855,2.1895,3
-1.0067,2.3596,6.7447,3.6394,7.3743,6.7529,3.7466,6.6248,2
3.83,-1.5912,-0.33548,6.0035,6.7836,7.4429,3.3184,1.8081,2
-2.7295,2.2701,2.7593,1.0989,-0.61091,-4.5703,-1.3682,-0.65747,3
3.467,-1.2023,1.0187,4.2272,0.99619,-1.1102,0.80417,0.28746,1
-0.5554,-0.45695,4.7152,1.7919,0.030274,-2.9926,-3.362,0.8455,1
1.3845,-2.4946,3.0434,2.585,0.45575,-1.2964,-2.7514,0.59845,1
2.879,0.98151,7.667,0.31004,5.7397,4.2855,2.6671,6.2468,2
1.7229,0.91731,6.6394,5.7853,6.8853,6.6532,0.34558,7.566,2
0.027306,-1.0783,1.4628,-0.30986,-0.55608,-0.19935,0.79297,5.4535,3
1.7433,3.4113,7.3617,5.4426,4.3508,4.9955,3.4864,6.0676,2
-1.3604,-0.6884,-0.86696,1.9795,-1.4246,-2.8269,-0.53137,0.74709,1
-2.5356,0.60162,-0.5213,0.84161,0.70259,4.782,-1.9498,1.2995,1
-1.066,-0.74536,1.1543,2.3499,0.53136,6.278,6.7135,-0.8505,3
-1.4116,-1.897,0.91962,7.2271,1.0416,-2.9244,-1.5414,6.2303,3
0.81878,-2.8629,6.8827,-0.4637,6.1803,-6.9343,3.5442,5.838,2
1.1586,-1.418,-0.28635,0.50188,-1.1351,1.2325,1.7387,0.45833,3
-0.056162,1.8648,6.3605,-2.2064,3.5439,-2.8555,-0.68495,2.3703,2
-1.715,-1.1481,0.72257,0.62169,1.0179,9.2451,1.1615,5.5322,2
0.11916,2.9711,2.2686,3.1161,1.0089,4.0577,4.0918,-1.7311,3
2.0812,2.9038,7.3328,5.1769,1.2325,7.1396,1.1574,5.0002,2
-1.0111,-2.2794,6.3111,4.626,5.3041,7.6422,3.8758,6.1906,2
-1.7396,2.5542,2.6,-4.847,7.6865,9.1659,0.11012,5.1243,2
-1.8731,2.3291,-0.41535,2.5406,-0.13783,-3.798,9.7901,0.67668,1
2.3606,2.5366,7.3185,-0.80148,5.4242,6.5629,2.1931,3.0976,2
-0.8251,1.2055,-1.2716,-0.60256,6.4734,-0.62346,-2.3932,1.1295,3
1.9236,2.5296,3.9576,-3.2774,6.0813,4.6199,-2.3858,7.154,2
0.98772,-0.31283,4.3055,6.0168,-0.22531,-2.7106,-4.8931,6.4411,2
-0.68097,-2.2047,3.2164,-0.54341,2.1951,-1.1505,0.66525,-0.33422,1
1.1872,-2.5683,1.1284,-0.49444,3.4135,-3.5132,1.1625,5.122,3
0.71976,2.9644,6.0107,-0.89564,3.582,5.9681,3.6085,6.6687,2
3.8828,0.34841,0.31639,0.48811,-0.63336,2.5671,7.1964,1.2731,1
-0.63106,-1.7744,0.527,-0.18905,-1.7642,4.9728,-0.15204,0.16412,1
2.0984,-0.80485,3.2686,1.5211,3.3467,1.0413,6.3119,1.0079,1
0.52842,1.0199,1.6806,-0.2825,-1.4621,4.4388,-2.8485,1.6744,3
-1.8213,0.6324,4.7696,5.9565,6.1521,9.1846,2.9751,3.4682,2
-1.7654,-1.7285,-0.052621,2.2473,-0.30396,2.1157,-3.1543,4.3556,3
-1.5013,-0.91536,-1.3787,3.9448,3.7427,-3.1287,-0.043486,0.60381,1
1.6818,-2.3916,-1.0219,2.8456,3.6937,-2.9073,-1.9253,2.0129,1
1.865,2.3679,7.3044,4.2526,2.3382,7.1042,0.7198,7.5359,2
3.6662,-1.3026,0.21763,3.5132,4.3046,7.1169,0.38939,7.0674,2
-1.3682,-1.3392,-0.47914,1.8595,0.41965,0.081069,0.51147,2.7006,1
1.577,2.6022,6.9215,-3.2687,0.69749,5.5589,4.5201,6.2454,2
-0.27096,4.1903,3.0438,-0.69307,-0.53123,-1.7434,-1.4849,-1.1863,3
-0.69986,-1.7127,4.3409,-0.79595,1.1652,8.0914,0.99807,5.7729,3
-1.0564,-1.4921,2.2464,4.2548,-0.4138,-2.5813,9.445,1.4294,1
1.6983,2.3046,7.4571,-2.3328,5.0229,1.6046,0.10843,3.5074,2
1.2105,2.8076,6.6565,1.3807,4.0008,7.1466,-1.0525,6.3561,2
0.4429,3.6807,0.042952,2.3449,0.8096,-2.4785,5.9893,0.61622,3
3.3127,-0.80211,4.192,-9.8608,6.9923,6.2845,4.0835,5.2461,2
-0.27725,-0.072527,1.6611,0.47503,1.8514,1.18,-0.14598,-0.33774,1
-0.008894,-0.55251,1.4489,-0.98875,-1.2837,4.954,-2.0725,-0.78878,3
-0.51755,-0.28593,1.0806,2.4062,-1.4115,-0.38888,5.8073,0.61858,3
0.7114,1.7784,4.2135,1.3085,4.7392,3.8844,-2.5971,5.4934,2
-2.1033,-2.5968,-1.3938,0.013189,-0.069186,-1.6689,0.89367,0.36914,1
0.88319,-2.2669,1.2746,-0.50928,-0.88489,3.3595,-0.12818,5.2885,3
3.1753,7.517,1.0856,1.3209,1.3954,-1.9717,1.4025,0.16167,3
0.74292,-1.9874,-1.7341,-0.46277,0.39924,5.5931,-0.55955,-0.19198,1
-1.803,-0.67161,-0.80171,0.75381,-0.53466,4.3911,-3.4133,1.7114,1
-0.86412,1.7682,1.9299,-1.552,6.3226,8.2691,-3.1546,7.8101,2
-2.5392,0.050742,3.0604,2.664,0.13314,0.19859,4.8873,2.993,3
7.1255,-0.73326,0.04923,0.75767,-1.3696,-3.8643,2.5276,2.1557,3
-2.774,-1.9975,4.9492,3.5155,2.6414,-0.66072,-0.96459,6.2863,2
-1.341,-1.98,1.4503,1.7514,1.7168,2.3029,-1.2932,-1.942,1
-2.6944,-1.0154,-1.6798,1.0146,-0.001861,-1.5094,0.81158,4.7659,3
-0.12504,0.98137,1.6959,2.1007,-0.17191,2.7156,-1.1496,-0.21282,3
3.4325,-2.0904,3.1232,1.9656,6.4074,3.3515,1.6975,7.3037,2
2.3465,1.358,0.27731,0.23177,-1.8501,-1.443,0.71697,-0.37715,1
-0.083521,0.62116,1.5524,4.3248,4.714,1.1242,-0.18696,2.5353,2
1.4453,1.1917,7.4925,1.261,3.0112,2.6103,4.3575,3.5014,2
0.80028,-1.642,5.2207,0.7645,4.6696,3.9259,-2.9415,5.9206,2
-0.30971,-2.2293,-0.99846,1.703,2.3395,-2.4021,-2.4133,1.7894,3
-0.3538,3.3452,3.7726,-0.62574,-1.4617,-2.1901,-2.1181,-1.3505,1
-1.7724,-0.69766,1.2758,-0.41417,1.0157,-0.97626,4.6652,-0.48848,3
0.88142,-1.9394,2.4461,-1.5137,-0.31198,5.5193,1.8748,0.19087,3
-2.1891,0.034553,0.30259,0.64972,0.034019,2.6891,1.4939,4.4552,1
-2.1324,1.3563,2.3779,0.15957,1.0834,5.143,-3.3477,-1.7818,1
3.1696,-0.74306,-1.0807,9.6055,-0.72306,-0.10842,-1.4683,-1.0397,3
2.4158,-0.25926,5.6636,-0.19445,7.1986,6.2172,0.23273,3.7796,2
0.98445,2.8537,6.7558,-1.5364,7.1271,5.0778,1.1536,6.6574,2
-0.15289,-0.30994,-0.27694,2.9123,-0.89113,-4.0889,0.042055,1.1678,1
1.078,1.0551,-0.80899,6.6882,1.0265,-2.0812,-1.3455,1.3142,3
-1.9785,0.017759,4.0736,8.9554,0.40264,-0.11374,2.3717,0.18942,1
3.2617,-2.0996,0.070846,2.9158,-0.27388,-0.87057,-3.4588,0.52861,3
-1.1159,0.85569,5.9525,-1.5828,-0.98806,-0.56554,4.7815,-0.43048,3
2.8807,2.0463,0.29638,-1.0496,5.8425,10.241,2.0959,5.541,2
2.5568,3.0394,3.6371,1.3588,5.6112,4.0513,-0.40107,6.6528,2
-1.4219,-1.0213,-0.61775,0.044765,4.1778,9.3159,-0.50775,-0.058658,3
-0.75052,-2.28,4.1787,1.9456,0.6628,0.33215,-0.088098,-0.008383,3
-2.9667,0.80062,-0.71039,0.44657,0.61965,1.9603,-1.5002,8.6854,3
3.1942,1.825,5.1523,1.2765,-0.47757,-1.1139,2.4887,1.5507,3
0.66191,0.26269,3.0003,0.33182,0.46789,4.8531,5.8987,-0.1544,3
4.4317,0.63378,0.5248,-1.1839,2.3818,6.0411,-0.98357,0.31812,1
1.3194,-2.0039,3.6375,3.31,-1.0157,0.30656,-1.4694,-0.20956,1
-1.0795,-1.3398,-0.27182,1.6256,-0.023596,2.3969,4.2746,4.8565,3
0.24269,-2.3563,-0.02638,0.29569,3.6276,1.8748,7.1569,0.35618,1
-0.82747,0.64885,1.6417,-0.27169,-1.402,-1.5335,-0.010487,1.1811,1
2.5773,0.50412,3.2003,-1.6341,3.1114,-2.8361,5.0519,8.5619,1
-1.9099,1.7902,7.2184,5.8413,-4.1377,8.5477,4.2354,7.2724,2
4.885,2.6444,-1.1827,-1.208,-1.5784,-0.050385,7.7789,1.0128,3
-0.20905,-2.2178,-0.63972,-1.6333,-0.53809,0.55388,9.6224,-1.48,3
0.57382,-0.079425,0.087919,5.9631,0.92153,-3.0936,9.9877,-0.2175,3
-2.83,0.52624,3.206,0.1965,-1.3027,6.8177,10.043,-0.35283,3
-0.16587,-1.139,0.048006,3.1062,2.3225,2.0484,8.068,1.228,1
3.1574,-0.51204,7.315,-2.2769,5.6523,-3.5291,-1.3549,5.4055,2
-0.1772,1.1374,-0.89609,2.3815,0.11527,0.75209,5.7608,0.69288,1
-1.568,0.23355,5.8954,0.97228,2.487,-1.8386,9.3202,4.0281,1
0.99848,1.4607,5.0358,3.6564,3.8087,1.0345,-3.7743,0.37509,3
0.21946,1.6306,0.30824,0.32846,-0.66609,-1.8758,-0.26815,0.70142,3
-1.6406,1.8358,1.8239,6.1455,7.2405,7.6278,5.1162,7.03,2
0.33248,2.0926,6.611,3.7281,6.1394,10.911,3.1016,3.1551,2
-1.149,2.312,-1.3591,0.31713,-1.737,0.21867,4.5115,0.95301,3
-1.4503,2.7221,2.1561,-0.47687,-0.14565,0.50726,4.1037,-1.9228,1
-2.0938,0.90551,6.4715,-4.7832,6.9349,0.2063,-1.9682,2.8841,2
-1.5938,-1.4376,1.2475,2.292,1.9774,-4.2282,-0.50748,5.7045,3
-2.3872,0.7284,0.9489,-0.30726,1.4816,1.5974,-3.9404,2.0326,1
0.26229,-2.1719,1.475,1.5414,0.32376,0.62111,-4.332,-0.23196,1
-1.9285,2.1966,6.0718,4.0418,2.8598,9.3204,5.3936,7.8331,2
3.6933,-2.4004,3.3823,3.4682,7.6688,10.374,-1.5002,5.8271,2
-0.77542,-2.8346,6.31,0.18629,-1.2713,-1.9331,-1.364,-1.7128,3
1.4722,1.6708,0.15905,-0.035486,-0.18396,-1.3311,-1.853,5.2086,3
-2.0328,-2.212,2.1124,4.758,1.7456,-0.29248,-4.2361,2.0919,3
-0.43002,3.7745,-1.3737,-1.5593,-1.3159,-2.5359,4.2766,2.1002,1
3.5279,-1.2658,4.9694,1.9579,3.0559,5.1081,1.676,7.8291,2
-1.3852,1.741,2.9559,5.7897,-0.70356,1.4535,-3.9084,3.2301,3
2.5458,1.8574,5.9554,2.954,7.2446,8.4189,3.3833,7.3734,2
-2.0925,2.9184,0.16071,0.8711,2.1508,-0.85164,-4.625,4.7896,3
-0.67014,-2.6404,1.2507,-0.15927,-1.1432,-2.2701,4.0744,0.85823,3
-4.7378,0.84227,6.7779,-1.0007,6.3562,4.0511,4.4392,-0.34332,2
-0.95942,-1.4458,-0.70412,0.1993,1.1077,0.73682,5.4838,-0.37666,3
2.4845,1.5292,6.1841,3.7588,6.8041,9.0524,4.7039,4.0284,2
0.93407,0.14753,4.0739,-7.2342,2.3792,9.3594,3.9628,2.7544,2
-0.42047,0.65637,-0.627,-0.50922,0.004529,-0.4892,0.75986,-1.1406,1
3.6392,-0.69568,-1.8271,-0.34821,-0.020287,-1.4673,-3.4811,5.8796,1
-0.36136,0.91173,-0.63454,-0.26213,2.9379,0.89975,-3.7754,-0.43994,3
-2.4551,0.98433,-1.1452,3.5242,-0.1649,5.9265,-3.6311,1.3818,3
0.16074,1.8064,4.1084,3.4496,6.0022,7.1188,-1.009,3.7358,2
2.6467,1.3241,-0.53101,0.6953,-0.53383,-1.8616,-3.0604,-1.3437,3
-1.9611,2.478,1.2805,5.6521,2.7808,1.6265,3.6981,-0.64246,1
-2.1108,-1.0705,2.3813,2.6078,1.1474,1.9212,13.557,6.1424,3
-1.2905,0.40037,2.315,2.3818,0.65377,1.5581,7.6042,3.9784,3
0.51938,1.7206,3.3294,-1.3549,0.19549,-1.4099,4.2926,0.18761,1
-1.2922,-1.8492,2.732,1.0276,-0.57555,-2.0487,1.3607,5.2967,3
0.32773,-0.80903,-0.96212,-1.1251,1.7368,-0.94428,-4.9554,2.3558,1
-3.0375,-0.3091,1.9512,-3.4647,6.6491,9.3633,-7.2237,3.1398,2
-0.4636,-1.2495,2.6301,0.36136,-1.9397,7.3826,-2.4831,-1.4068,3
-1.8695,-1.0024,-0.44932,-0.32088,3.5399,-1.4758,0.81644,-1.1067,3
1.6281,-2.4012,2.8091,4.3023,3.3744,0.4509,-3.1527,3.1045,1
-2.0576,0.18073,1.6202,1.0172,-1.4883,6.797,-0.91162,1.2777,3
-1.6028,3.9745,2.3959,-0.24802,1.5108,7.3063,-1.4682,-0.89843,1
2.2287,2.6761,7.1569,4.0122,6.367,5.8567,0.15246,3.444,2
-0.79729,-2.2848,-1.7385,2.8005,2.461,3.6748,-1.9643,1.1672,1
0.64316,-1.6265,0.58303,-1.1966,0.44437,-1.8078,-0.27645,0.59237,1
0.28754,-2.0575,3.6315,-0.26431,1.5371,-3.1383,5.1717,2.1071,3
-0.6676,2.4542,4.9248,4.1741,2.4909,1.1328,3.6623,1.5278,2
-1.764,-0.11784,2.0132,0.39223,5.9211,-4.7528,5.5356,3.4343,1
-0.95784,-0.91556,1.2797,1.0981,-0.20444,12.048,6.3474,-0.3424,3
-2.4947,0.55371,7.7847,3.058,2.6572,-4.1201,3.5541,-1.602,1
0.54942,3.4609,1.6357,2.7835,0.99191,-3.3991,5.3069,-1.7844,3
-2.5427,-1.708,1.6011,0.33328,-0.85562,3.401,-1.8609,1.4759,3
-1.4103,0.78776,4.0263,3.4233,1.6346,0.14864,-1.1215,0.008223,1
1.4137,-2.0205,-1.4253,1.3016,-1.8743,-2.3054,8.8677,2.4064,3
2.3141,3.1042,7.748,1.3116,5.8753,10.246,-0.81933,7.3693,2
1.4742,-0.36537,5.4148,1.6587,6.2142,4.6304,3.6135,7.4012,2
-1.6658,-1.438,0.57598,0.90165,-0.031738,-3.8793,3.8257,-0.62507,1
-2.356,-2.1189,-1.8686,-1.8249,1.2345,14.39,-0.21507,5.9359,3
-2.1114,1.7638,1.2578,-0.5455,7.1586,-4.6836,0.63905,7.4181,2
-2.4076,-0.57197,0.18657,2.248,0.49547,1.3804,-0.79082,0.71905,3
-1.6371,0.18817,1.0299,0.054814,-1.0689,-0.83846,-1.2503,0.84748,1
-0.77415,-0.71385,-0.091894,0.21411,-1.7199,-3.7723,-1.6276,-0.74064,3
-1.2819,0.18034,1.0068,-0.29312,0.77941,3.3665,2.7424,7.3821,3
-5.7981,-3.3746,2.8798,-6.493,6.7824,4.9836,-1.3469,6.6156,2
2.9965,1.8588,2.8011,4.2609,7.8218,6.1405,3.9537,3.8946,2
2.9861,-0.26777,5.4978,6.223,5.5289,7.0987,-1.0635,2.5915,2
-1.569,-2.2756,5.8692,-1.4065,0.88534,2.3625,-3.9789,2.4652,3
1.8989,1.17,4.2111,-1.656,2.8892,10.448,4.0918,7.1299,2
1.89,-0.8664,-1.4145,-0.99901,4.4523,-2.5901,0.44508,-0.27908,3
1.0049,-0.084632,2.5297,0.771,4.2105,5.9191,2.0295,4.6262,2
0.60727,0.051836,-0.31906,3.24,8.7654,3.7501,-1.4766,2.436,1
-0.47489,1.7679,7.7088,3.3467,4.8188,2.6935,3.1202,-0.029592,2
-1.9492,-0.41487,0.039737,1.286,-0.45264,4.4929,-3.8331,3.3145,1
-0.95564,-0.34876,0.948,0.046182,-1.4873,-1.4477,4.1292,6.7651,3
-0.086029,-1.1708,3.5068,1.1783,0.64775,-1.252,-3.0782,0.7823,3
3.4131,1.3965,7.9501,4.263,4.7276,10.459,4.8362,6.7262,2
-1.7218,-0.83412,0.2557,0.26188,-0.35819,1.5175,-0.25832,-0.4836,3
1.2735,1.2025,1.2758,1.0462,-0.14326,-1.6475,1.5745,2.4668,3
2.8158,1.0723,4.5499,3.1202,3.1251,7.368,-5.6566,7.1529,2
6.5783,-1.711,3.5978,1.1653,-0.83683,-3.3621,-3.4572,-1.4391,3
1.9597,0.39073,0.40312,3.7604,0.29514,9.1515,-0.55176,0.30312,3
1.6153,-1.043,-0.24708,0.41678,-1.4612,14.277,-3.1384,3.1383,3
2.3704,-1.7686,3.4693,0.24091,3.5455,0.84951,-1.4524,2.9167,3
1.3377,-0.83189,2.6723,-1.4864,-0.94516,-3.6809,-2.4358,1.7269,1
-1.7028,-1.5584,1.6261,-1.601,3.4342,0.98464,2.3467,5.061,3
2.8691,2.1655,-1.0323,-0.20044,1.4527,-4.4721,-0.019938,-0.29973,1
1.546,3.0267,7.1858,4.3222,7.4416,2.9258,-6.4238,6.8696,2
-0.39723,-2.0168,-0.74002,-0.58995,-0.1551,1.2871,5.1905,0.34157,3
2.1203,-1.799,4.6937,-6.0778,5.8617,9.9073,2.7254,3.7901,2
-0.4465,1.3398,1.1203,0.66897,-1.4057,-3.8446,0.61799,3.3347,3
-0.46604,-0.34473,0.94759,-0.39834,-0.33554,6.7126,4.0044,1.996,1
2.4125,3.1932,7.6038,1.662,6.6239,9.8347,-10.923,5.5211,2
-4.0212,-3.3313,6.3947,-5.2054,7.2339,1.6504,1.4753,4.3354,2
2.7261,-0.2892,-0.20509,0.69814,-0.29681,-2.26,-1.8172,0.20428,1
2.3704,1.2722,5.1865,3.2023,7.7428,5.1609,4.1939,5.9367,2
-2.9915,-1.2793,5.2393,2.697,1.0442,3.0227,3.773,1.2464,1
-1.3411,3.125,-0.85892,-0.77838,-0.69989,0.3741,-1.7617,0.90576,3
1.8316,2.7556,7.0368,3.9729,5.7925,8.6208,1.6621,4.1382,2
-0.95708,-0.94242,-0.35178,1.3663,-0.57511,-0.69476,6.8026,2.1074,3
-0.69339,-1.2,0.18916,1.282,1.8557,-1.2389,0.52056,0.002039,1
-2.5015,0.42923,-1.9209,-0.003676,0.41311,0.18445,-3.5229,1.5233,3
-1.0552,-0.45051,-1.0738,-0.64781,-0.84085,2.5663,4.8827,2.8673,1
3.7507,-2.4883,6.5956,-1.9326,5.583,2.4509,-0.29502,1.9315,2
2.5135,0.16802,3.9588,-2.0226,7.1775,8.8145,0.33202,6.2263,2
2.3883,-2.4429,2.6149,-0.28578,-1.3147,6.8164,19.297,2.43,1
6.591,-1.5588,0.72801,1.9647,0.36091,6.9636,4.0355,5.3625,1
-0.45587,-2.2356,-0.29206,0.14971,-0.302,-0.87371,-0.79046,-0.051473,1
-1.5175,3.2971,-1.7883,0.05426,0.44428,4.1683,3.1456,-1.7759,1
-0.51443,2.8559,1.2903,-0.84161,1.1557,-1.7483,-3.137,2.0296,1
-1.8983,-1.2174,-1.2311,1.078,3.3142,9.8711,0.29097,0.90963,1
3.2509,-5.4753,7.5512,1.9403,6.703,4.7362,5.232,5.5463,2
1.1442,3.2324,2.6291,5.3075,4.4404,5.9039,-3.627,6.0428,2
-0.58627,-1.5929,-0.31688,4.7191,-0.041748,-1.2741,-1.8072,1.6651,3
2.3379,-0.98524,2.5997,0.30991,2.1815,0.26167,5.1833,-0.75518,3
1.8437,1.3623,5.4021,-8.0043,7.0036,5.9881,1.1049,6.913,2
-1.0435,-1.6532,0.58974,2.0276,-0.26943,5.2507,-0.43949,-0.029066,1
-1.2927,0.29621,-0.37375,-0.072695,6.2536,-1.5355,-0.55314,1.0663,1
-2.4559,0.13535,2.3379,1.0961,0.90391,12.344,-0.13538,3.1659,1
2.2725,2.916,6.0103,-0.53317,0.34016,3.4079,2.959,7.0706,2
-0.829,0.68907,6.0464,1.0355,7.3673,10.055,2.7506,7.1586,2
-1.5439,-1.3669,5.6089,3.9924,6.4342,8.1837,3.858,2.089,2
2.6124,-0.13695,2.7258,0.88762,-0.631,-4.584,2.6054,0.22951,3
3.4317,3.6075,4.8339,4.0855,6.1604,-1.6211,5.3805,2.0829,2
0.78269,0.079723,1.7159,1.582,-1.5222,-3.6723,0.023202,3.8774,1
-1.6584,-1.6849,1.1987,2.3289,0.37884,2.8284,-3.5488,-0.9463,3
2.3447,1.2397,4.8268,5.8695,4.2051,1.7334,-3.4727,7.796,2
-0.22043,-1.3262,-0.26593,0.42274,0.13052,-1.8777,-1.1551,-1.7238,1
0.71498,1.1431,-0.69388,-1.5431,0.38113,-4.4141,6.5735,-0.090174,1
-1.0025,-0.096404,5.7699,-3.0388,6.1915,7.7907,3.2694,6.6043,2
-0.95778,2.3311,2.7764,-1.0389,-0.24631,0.18126,2.2654,4.1364,3
1.4043,0.82574,-1.438,-0.78588,2.7338,3.293,-3.3638,0.35165,1
1.9939,2.4544,6.3869,4.443,5.071,10.028,1.3597,4.7669,2
1.279,3.381,5.5806,-2.0036,6.1601,-0.47905,2.1541,5.6736,2
1.6847,-4.2606,3.3906,-1.692,6.8016,3.4514,-1.2278,5.228,2
0.99009,4.6133,7.5252,-0.40374,-0.17504,-2.4264,-0.29472,0.26658,1
1.1251,1.6822,5.7788,0.58614,3.0312,5.4494,3.8833,7.1316,2
1.7929,3.3958,5.4761,-1.0816,2.3597,9.525,3.3305,4.0386,2
-0.043655,0.63309,0.78637,0.3186,5.6453,6.7733,4.228,6.3958,2
-1.8109,-1.8492,-0.28772,1.1361,3.8804,6.5079,-3.9208,-1.0772,3
0.54327,-0.60365,1.4754,0.27349,0.76507,5.6436,-2.9644,-1.1103,3
-0.44876,-0.36837,-1.3526,-0.049305,-1.6305,-4.3637,9.0264,-1.0546,3
2.432,0.8015,5.2702,4.2777,6.2315,2.6192,-0.65492,7.4352,2
0.93778,0.35729,7.0112,-3.6555,3.4216,4.1052,2.5797,1.4502,2
-2.3387,0.97549,0.72002,-0.027541,-0.093592,6.5049,7.6161,5.2895,3
1.6368,2.6327,2.478,2.3592,6.695,6.8494,5.1763,1.5473,2
-0.39658,0.52101,-0.85815,-0.99305,-1.8054,-2.625,-2.3696,-0.43875,1
1.1114,-1.2009,0.1481,-0.70714,3.8255,4.2645,2.1091,1.5143,1
-2.6423,1.1638,5.405,0.61385,-0.80076,-2.8276,1.5028,1.3975,3
-1.676,0.45194,1.3711,-0.33544,0.3557,6.6717,5.9809,3.5319,1
-2.6152,-1.2634,0.090743,-0.98683,-1.2604,6.1917,-3.559,1.3606,3
2.986,2.588,5.9905,0.29353,4.6303,1.6759,-5.5483,6.5799,2
0.92173,0.30737,6.4864,5.3348,5.4454,8.157,-0.90667,7.5681,2
-1.8479,2.9997,5.5894,3.7144,6.2357,-6.381,1.9283,6.3219,2
-1.3197,3.2181,0.60168,-0.71379,0.25143,-2.451,-1.9146,1.1428,3
1.069,2.0884,6.7543,5.528,1.2176,6.5236,-0.98941,5.0331,2
0.026002,-1.8568,0.011566,2.2454,1.6761,-1.5527,0.98118,-0.17077,3
-2.2877,1.3213,7.4906,3.1484,5.5397,8.7447,-6.5729,1.386,2
-1.2027,-0.85664,4.1304,0.53247,5.0709,-4.4766,-2.3904,-0.16075,1
-2.2931,-0.88008,0.93356,-0.43601,0.34773,-4.8284,1.9323,-0.23067,1
0.95669,-2.228,0.90692,6.1112,0.66863,3.9766,5.1329,0.58758,3
-1.7599,-1.3856,0.3306,1.263,-0.55027,1.0364,3.1672,0.029048,3
-2.2685,-0.15958,1.2217,-0.93766,2.9923,5.0172,4.0583,5.2022,3
-4.3202,1.8952,5.1601,-4.5379,4.8103,10.359,-2.201,6.2068,2
3.7219,-3.1175,6.6412,-0.57223,6.9616,6.0243,-0.098785,7.4638,2
1.9416,-0.70839,0.64526,-1.0063,-0.2738,-3.209,11.817,-0.41332,1
0.30942,1.0691,-1.9181,3.8457,-0.48934,-1.5916,-0.89274,1.4876,3
0.069209,-2.2432,-0.8026,-1.2406,-0.84538,4.5443,4.7886,0.8683,1
3.1675,1.7998,1.2279,4.5831,1.8385,1.4657,-1.8604,-0.22006,1
3.7537,2.2859,7.1516,1.1351,6.6303,5.7821,3.2064,5.4096,2
-0.7802,0.29151,0.46546,1.1122,1.6545,0.004742,-0.58268,0.44705,3
1.3542,-0.90868,0.48368,-1.1053,-0.70191,0.14545,3.4814,0.001229,1
1.0735,1.804,5.4581,0.1035,3.7332,4.9951,0.20112,4.3815,2
3.115,-1.4123,3.1951,-1.0315,1.2299,1.7303,5.0353,3.2383,3
0.51163,0.003373,6.5428,0.53844,5.3698,3.5148,0.30105,1.7993,2
7.6059,-0.74416,-0.23584,-1.1199,-0.69907,-1.8232,1.7121,-1.8527,3
-0.85281,1.0514,3.222,-1.1429,7.4793,-1.7509,-3.5629,0.40746,1
0.44659,4.6353,1.2462,0.33454,-0.62503,-4.6727,4.9163,-0.97559,3
-2.2837,1.5904,0.16262,-1.6236,0.39814,0.44588,1.964,2.4805,1
-2.643,-0.161,0.66208,5.483,-1.0473,-2.6238,8.0826,1.9702,1
-2.2199,-1.19,-0.086402,3.1348,0.52167,4.3621,-0.31839,-0.19166,3
-0.7068,1.0998,1.8941,1.1811,1.3885,8.16,4.574,3.6331,1
-1.1988,0.63686,-0.79043,2.319,0.72845,-0.013583,2.3313,1.9926,1
1.4279,-0.20801,2.3769,-0.7643,-0.12719,13.469,-1.8428,0.35374,1
0.87079,3.1732,7.324,3.58,6.3476,2.4156,3.9398,3.788,2
-0.54715,3.1781,1.2274,0.1236,-1.4548,-3.6055,-0.89768,0.26694,3
2.0965,0.66834,3.3887,2.1027,5.0338,4.5592,3.3,3.5852,2
1.9468,0.46803,3.3582,-0.4439,3.6416,1.2882,-2.9102,6.7053,2
-0.099745,-0.90888,6.3551,1.8564,5.8664,3.4466,4.0906,3.3802,2
2.5975,-3.8197,-0.42561,-2.3726,6.3104,8.8824,-0.20732,1.4645,2
5.3891,3.4183,-0.95732,-0.75904,-0.44011,-2.4332,1.1855,0.10659,3
2.4826,-1.6231,3.635,-0.055413,2.5806,4.5542,3.5923,0.42069,3
2.7017,3.1383,4.6678,4.9338,6.5046,7.0258,-1.1987,7.1417,2
-0.73115,-1.3317,0.37389,1.8854,5.0323,-1.2324,-0.44683,2.8737,3
-1.7244,-1.4243,-0.88639,0.19996,0.86124,-2.2675,0.20896,-0.45558,3
-0.75882,6.0188,0.7278,3.1007,-1.6877,-0.35235,-1.7353,2.3051,3
-2.7927,2.0859,-0.042781,1.3206,5.0823,9.6269,-0.72852,1.3555,3
0.96395,-0.99775,1.2961,0.19356,1.1586,3.594,-1.4855,1.8636,1
-1.8432,-0.87216,-1.4907,0.63605,-0.37344,11.485,2.7098,-0.51799,3
1.5703,-1.0709,1.199,0.13495,2.6442,1.7616,7.5949,5.4635,3
-0.14225,-1.2229,3.2831,1.9609,-1.2733,-3.9869,-1.4727,1.3484,3
0.64189,2.3205,5.3166,-0.45241,6.9867,-0.45753,4.9637,4.3733,2
2.3878,3.7632,1.0305,3.9542,4.9573,8.2882,4.9433,5.9864,2
2.3897,0.66157,6.7609,3.0044,4.4893,4.5237,-1.5984,0.34421,2
2.5899,2.9081,6.2447,-7.0011,2.9098,8.0223,2.8608,6.8429,2
-1.3991,2.238,0.13392,-0.39263,0.94248,0.94438,-1.2678,-1.1331,3
-2.1549,-1.3998,-0.87328,4.263,2.4177,-1.0473,-0.16435,-0.12169,3
-1.8255,-2.2574,-0.9671,-1.683,1.318,1.3665,-0.41287,-1.6422,3
-2.641,2.2814,1.2329,0.56326,0.017106,-4.1088,-1.0133,1.3363,3
2.635,1.601,1.7451,-1.6092,-0.054011,0.075142,-0.91646,-1.2174,3
2.697,-2.3518,7.547,5.4701,3.6091,5.1531,3.1326,4.672,2
2.8741,-2.2442,3.9268,-1.6255,1.7276,-1.6834,-3.7984,2.6684,3
3.3547,-0.34076,0.63716,-0.66174,3.7729,-2.0794,-2.6366,0.6908,1
2.1887,3.4419,2.1433,-1.3934,8.2567,3.6424,1.0199,1.8259,3
-0.96567,2.9491,1.4568,0.54198,-1.2223,-4.6563,2.161,2.1512,3
3.0026,1.541,5.7695,1.4543,6.9966,7.2977,0.22221,4.2637,2
-2.6408,-1.5342,2.3871,1.2145,1.4356,-0.92513,-4.0008,0.89321,1
-2.662,-1.1015,-1.6894,0.22012,-0.089851,2.4492,5.5053,2.7663,1
6.1963,-1.0749,2.259,0.48527,-1.6168,-1.7155,0.35051,-0.41396,1
-0.041691,1.9452,6.6984,-6.1315,5.4286,8.2352,3.4226,6.4665,2
2.4769,-1.6574,3.8138,-1.0126,-1.3553,-2.6447,4.4598,-0.99386,1
3.5827,1.7161,6.8851,5.6913,4.7264,4.7674,-7.6189,4.3578,2
-1.3182,2.1111,0.49132,0.82225,-0.82646,0.38299,0.76619,0.024451,1
1.0283,-1.0425,1.2536,2.4134,1.2547,2.9872,0.20153,4.3381,1
1.2114,1.647,0.20123,-2.0011,4.7116,2.102,2.2477,0.92777,1
0.94375,1.0831,3.2755,-0.33499,2.3938,7.436,-4.9074,-0.35261,2
0.34425,0.86571,5.092,-4.1072,4.8251,-0.75875,2.5201,3.386,2
-1.8182,-0.89184,-1.441,5.8717,2.0437,1.3132,-3.4651,4.2436,3
-0.6798,3.4742,4.6771,-0.56986,4.7689,5.2307,1.9656,3.5994,2
-0.58011,-2.5655,0.76992,-0.68539,0.7827,4.1258,-2.2354,0.81186,3
2.1572,-0.38358,5.4156,1.9479,-1.5493,-1.5111,2.7747,7.6209,3
-1.7858,-2.3157,2.913,2.6505,-1.7022,-0.48997,2.1981,0.48879,3
0.89765,-1.1791,1.9739,-0.65929,-1.2848,0.78912,0.7917,-1.5786,1
-0.35146,-2.4295,0.4539,-0.83075,-1.359,2.8344,-1.0307,2.3301,3
1.4944,-1.5041,-1.545,-1.2892,0.58645,-0.43649,4.5582,1.7659,3
0.59793,-1.2932,6.7023,-5.7857,1.8855,10.301,-6.8516,3.1207,2
-1.7443,-2.6035,5.3207,3.2852,-1.773,-1.6385,-3.0206,-0.19026,1
2.1887,-1.0258,-0.92707,5.5906,1.175,-1.0455,5.4978,-0.55146,3
0.50192,-0.095715,3.2589,-1.9035,2.8678,12.994,-1.8572,2.3778,1
1.8404,0.17153,0.40944,2.848,-0.05262,-2.1144,-2.9953,2.0254,3
3.5239,-1.5394,3.8984,2.0233,1.1653,1.7333,7.9859,-0.94485,1
0.69164,0.84828,-0.75533,0.38985,2.6349,2.0827,-2.471,-1.6159,3
2.4527,2.3241,7.0837,3.666,1.9564,-1.8944,3.2949,1.2932,2
0.85434,-0.75772,-1.5099,0.59952,2.0635,-2.7298,1.0895,0.59239,3
0.5992,1.3447,3.1398,2.2451,2.1629,8.9521,1.9557,7.6553,2
1.8218,2.0488,5.988,3.9235,3.1811,4.2807,3.2738,1.5156,2
0.93514,-0.7451,-1.2131,-0.87797,0.53358,13.46,-2.9488,0.72608,3
-0.58813,-2.0802,3.0894,-0.45315,0.000644,-1.211,4.252,-0.3004,1
-2.5422,-0.57564,8.1757,-0.94715,-1.5237,-1.951,-3.6768,3.756,1
0.21718,-1.8668,3.244,-5.3344,-0.98022,7.4652,-3.1468,3.9816,2
1.9292,-2.0281,3.3935,-5.0597,4.377,3.9283,3.1965,1.131,2
-2.5027,2.8585,7.4718,5.9159,6.9759,-1.4497,-0.65702,4.364,2
2.4769,1.9403,-1.3248,0.95422,4.5753,4.5487,-5.4812,3.2935,2
-0.8076,-0.74735,1.3882,3.0209,-0.86239,-0.54976,2.37,2.2444,3
0.75386,2.6908,6.0096,5.0679,6.263,4.9405,1.3247,3.8795,2
-2.1622,-0.064496,-1.5326,0.71627,1.689,0.15186,-2.7442,2.541,1
2.5826,2.9156,7.8655,-2.1571,4.2331,1.2259,2.7477,6.9857,2
-0.28554,1.5995,4.9667,3.1925,-0.63709,0.058265,-2.6576,0.56751,3
-0.70678,-1.7728,1.6377,0.39891,2.4208,-0.48321,-1.6341,-0.45203,3
1.5978,2.0044,4.7353,-2.9243,2.7032,7.4782,-1.7898,1.1407,2
1.2035,1.4547,2.6834,1.2827,0.58077,-3.5858,4.6198,2.4561,1
3.7444,-0.54639,3.8142,4.9874,4.5629,8.3366,2.1487,4.0929,2
-0.33132,3.1215,-1.7101,1.7142,-0.53895,5.24,-3.9395,-1.1459,1
-0.58973,3.9634,1.5051,-0.33699,6.0384,-1.9916,-2.3304,2.8862,1
-0.90463,-1.8143,1.2957,-1.2347,4.2536,3.6795,0.71897,-0.15925,3
3.9337,0.6795,2.4005,5.8045,3.8438,0.1843,-0.79569,-1.859,3
0.41046,-1.9097,0.66567,-1.4533,0.15189,-0.64633,-2.2618,0.3849,3
-2.381,-0.098723,-1.5126,-1.4844,-0.02726,9.4552,4.4852,0.9346,3
-2.3914,0.34652,-1.6134,4.1888,0.73208,0.10429,1.9187,0.46762,1
-1.7854,-2.0235,-1.106,0.58569,0.89662,7.7213,-3.7215,-1.7626,1
-1.2464,-1.7456,1.0197,0.013097,-1.4176,-2.9633,-2.8732,0.88909,1
2.1572,2.2346,4.7612,5.6924,6.6825,4.7284,-0.79818,5.4575,2
-0.21855,2.89,6.1394,-3.1759,1.2088,-3.3115,-0.18591,4.1148,2
1.614,3.4742,6.9855,0.64655,0.81878,1.2174,4.2475,4.5301,2
1.0706,-1.0675,0.55375,1.2643,-0.17729,-2.3254,-0.062498,0.10613,3
-1.7309,-1.295,0.002376,2.896,1.6408,-2.2974,-1.1928,0.06398,1
2.09,3.0942,4.7158,0.68701,7.9212,4.3719,2.9894,4.7238,2
1.1439,3.1886,1.5464,-1.7289,0.61845,-3.7176,-0.38708,2.4567,3
2.8845,2.9674,2.8298,1.8939,7.3013,7.23,3.1964,7.9819,2
-1.0881,3.8632,4.5194,-0.32583,1.5276,-2.8144,2.056,-1.2916,3
3.5162,1.8274,-0.087608,5.4508,6.0774,7.3532,0.11093,4.4466,2
-0.86983,-2.8552,-1.8179,3.8153,-2.0317,0.11798,2.9022,1.693,3
-0.44436,1.8502,3.7975,5.4857,4.9798,10.483,4.4141,6.095,2
3.2146,-0.64278,6.6384,3.4807,6.8334,9.2071,-0.47746,3.654,2
-4.1428,1.062,2.9283,2.7399,6.0425,-3.1746,3.1291,3.4858,2
0.45557,0.5377,0.52106,7.1553,6.1942,3.8485,2.7548,-0.16108,1
-1.6637,-1.7104,1.5352,0.97681,-0.92241,-0.1882,0.1274,0.6369,3
3.0859,0.60021,2.1857,-1.2012,-0.30124,9.7883,6.4091,3.9327,3
-1.8828,-1.2397,4.1109,-1.2434,-1.3986,4.6628,-0.48479,-1.0591,3
-2.2909,-1.4725,1.0939,-1.4597,0.81043,2.9008,6.3515,0.8386,1
1.4049,-2.0585,7.071,-4.0312,2.837,5.165,4.0908,4.244,2
3.5758,0.40796,5.7924,2.5081,5.9673,7.8339,3.8049,6.1165,2
1.0604,-0.22709,3.5194,1.901,4.2045,-1.791,-4.4225,1.6513,3
-0.94838,-1.164,-0.44341,0.81381,5.6281,5.4701,3.6358,1.2799,3
0.21339,0.044457,-1.043,0.29284,1.2509,-2.9749,2.9829,-0.64933,3
0.1278,4.7179,0.72416,-0.32375,-1.5943,-2.1256,5.7206,0.30889,1
2.5157,0.79646,6.657,0.84858,4.1064,5.3192,4.4196,4.8971,2
-0.31161,0.003248,-0.55608,-0.55076,2.5689,-3.1306,0.37963,1.6637,1
1.7604,1.8276,-0.16562,1.5782,5.282,-3.1809,0.67712,10.602,3
0.44585,-2.6529,0.058754,1.0134,-1.0125,8.5551,-3.1087,-0.03682,3
0.84194,3.2868,7.3646,1.1303,0.18458,4.6252,-0.88109,3.6132,2
1.827,0.11074,-1.678,0.79251,-0.98141,4.3771,-1.6175,1.9862,1
2.3659,2.8851,2.1485,-0.31617,1.5776,-3.1093,1.1085,0.7753,3
1.7095,0.85701,-0.32597,-1.6329,-1.185,-1.0277,-1.2459,-1.3326,1
3.4018,2.4719,3.0503,-0.51854,-0.6977,-2.5198,1.1846,-0.36489,1
-1.6633,-0.31816,6.2654,2.9504,4.9191,7.3636,1.1749,5.6907,2
3.0983,1.1152,2.1528,-7.1403,5.9751,7.9195,4.9721,4.4965,2
-1.9589,3.0385,0.56164,0.38013,3.3704,1.8898,-0.018948,1.2059,1
6.7616,3.196,-0.040518,-1.5009,-1.6581,-2.8586,6.4413,1.7823,3
4.1107,-0.20659,1.1142,0.92031,-0.58757,-2.4312,6.7199,-1.4236,3
-0.99796,-1.3924,1.1119,2.1375,5.7777,-2.6576,-1.6794,-0.10345,1
-1.0268,2.1683,3.27,0.78543,-1.1255,-2.935,-3.2059,-1.2295,1
1.7799,0.47626,2.5781,-0.80082,6.1042,7.7796,3.4213,4.3203,2
2.6303,2.122,1.7299,3.9475,6.0332,7.124,0.58991,2.9896,2
1.4279,1.5485,6.8161,-4.5609,5.4941,10.35,-4.2741,3.7812,2
-0.064517,1.2464,7.2039,-4.4138,4.1202,7.5735,3.5744,4.928,2
1.0573,4.5777,-0.41493,1.6244,-0.93001,-4.8994,-3.9175,3.3859,1
2.2534,-0.87734,1.9992,1.4959,4.2757,4.7833,-4.2059,-0.36318,1
3.9056,3.0884,3.6655,0.35174,6.2175,10.428,2.908,4.4623,2
-1.0323,0.21733,7.3924,-6.3981,6.0004,8.4149,3.6493,3.79,2
-0.71722,-2.0297,2.854,-0.26807,0.40913,0.95646,-0.27398,6.5438,3
1.2412,-0.13139,7.0297,-7.1357,4.7514,8.0156,5.0093,3.8042,2
2.1181,-0.18459,6.8708,-1.8971,0.99179,3.2159,-4.0782,5.2033,2
-0.47946,-1.0569,0.26709,-1.1869,1.5954,2.2766,8.1315,-1.7073,3
3.63,-2.6733,6.0008,1.325,2.8261,1.7028,3.5162,4.4732,2
-1.8092,-0.82549,0.22309,-0.030658,2.0252,-2.9234,-0.06062,-0.37097,3
1.5169,-0.94547,6.8012,6.3432,4.1061,8.1201,-3.3924,2.785,2
0.49974,1.7551,3.6313,-0.46515,5.3318,6.6687,1.8261,7.8875,2
-1.193,0.3699,4.3964,2.0555,-0.091165,7.7993,2.9338,3.5031,2
0.093517,-1.9759,1.1762,4.5381,-1.8624,-2.7484,5.0598,1.09,3
-0.94321,-2.015,4.5335,-1.1112,1.5892,-0.10239,2.1451,-0.79568,3
0.49678,-1.4656,4.2806,-0.63879,2.4476,4.2342,-4.4309,-0.10319,3
3.7469,0.35557,7.6452,2.7756,3.3829,7.6204,4.3648,5.2049,2
-0.87243,-2.24,0.85894,-1.6604,-0.28773,-2.6768,1.7183,2.402,1
-1.088,-1.5535,4.161,1.1681,1.263,-4.0698,-2.5048,-0.37287,3
-2.3897,5.0602,1.0588,-1.88,0.069833,2.774,-0.17423,8.5799,3
0.31957,0.402,1.6314,0.82957,2.6809,0.17519,1.1627,-0.14463,3
-1.7587,3.7533,1.1848,3.2865,2.0128,-2.4223,-4.0506,0.49833,3
3.0859,1.0041,5.3671,-0.31702,7.7354,5.0987,-4.0089,4.4865,2
0.036571,1.1864,7.3914,4.9401,2.1486,7.3803,5.245,7.0881,2
1.5955,-0.98458,5.7417,0.072356,5.2131,8.0057,-4.8223,6.8765,2
0.19219,0.69801,3.8535,-3.5693,0.61944,-4.3968,3.2212,5.287,2
3.7296,0.66909,2.5608,3.7504,3.8004,5.6531,2.3075,-1.2292,2
-2.1229,-1.7108,0.96295,0.24782,-0.70353,-2.462,19.002,-0.31267,3
-0.72674,-1.9907,0.6637,-0.27158,-1.8774,1.5782,-4.1029,3.647,3
-2.7741,0.57393,-0.88001,4.5936,-0.47814,3.3523,2.7864,0.71661,3
-0.86731,2.6812,-1.126,0.078456,0.92685,0.81108,-4.1045,-1.9289,1
2.7541,1.2719,6.5118,0.93005,4.17,5.8677,3.2186,2.4215,2
0.054396,1.0022,1.4907,-1.3961,1.6318,6.7983,0.095413,-0.34618,3
-0.62448,-2.0589,0.083214,3.4894,-1.4715,15.564,2.7151,0.18624,3
1.1475,2.8837,6.1441,3.3216,1.7166,1.2049,3.2435,3.1061,2
2.2739,0.49245,-1.2785,-0.007144,-1.6163,-1.2324,2.1121,0.10227,1
-0.16808,-1.8585,3.2572,2.8724,-0.45488,-2.4388,-0.10789,1.1398,3
1.3805,-1.2345,3.3612,4.8958,-0.53287,-1.4427,-2.0129,1.9793,3
1.0185,1.8573,3.7722,-3.1766,6.3956,2.7462,3.6021,4.6867,2
-1.3385,-1.1894,3.9303,1.3497,0.86474,-3.9225,-0.35827,1.9767,1
-0.094809,-2.0136,5.2648,5.5983,6.3624,0.30867,0.89425,6.5689,2
1.8554,2.1333,4.3893,-3.8155,5.7615,8.2771,2.455,4.7078,2
-0.43643,-0.85956,3.2462,-0.088319,2.8451,-3.4406,-2.739,0.34315,3
1.3151,0.15585,0.76285,-0.66489,-0.96765,1.5618,2.4115,0.45038,3
0.46379,0.73047,0.060041,4.6443,0.43791,3.1452,1.2651,-1.6682,3
3.0371,0.17433,4.8776,-1.2829,1.2718,11.708,1.9298,1.8352,3
-3.0113,2.3066,6.8828,2.9012,6.4206,7.6422,5.0955,2.0724,2
3.9145,2.0274,5.4137,-1.8885,4.352,5.0177,4.046,6.6395,2
1.7945,1.1262,1.6157,1.047,1.469,-3.8822,14.185,0.2538,3
-0.24912,2.0172,-1.6946,-9.3197,4.1779,6.1125,4.5508,6.8296,2
1.8123,2.703,4.3044,2.1814,1.1679,-1.5198,3.0447,6.1323,2
4.3576,-1.9199,1.5604,0.79548,-1.3671,0.50431,-2.0605,5.4741,3
-0.86692,2.0339,6.2185,2.0154,7.5092,7.0539,3.6321,7.737,2
-2.2371,-2.601,2.4966,-1.1924,-1.3461,4.1582,-4.4614,3.7562,3
0.56608,1.3627,6.8003,0.3892,1.0263,-0.81386,3.4267,3.8321,2
2.4475,0.98333,0.58725,-0.024041,-1.8485,3.4222,0.98662,7.3476,3
-0.7506,-0.31771,1.551,3.011,-0.89307,-1.0449,-1.6973,-1.7631,1
-2.2104,-1.7925,-0.978,-0.53364,1.3085,0.82958,5.8332,-1.2627,3
-2.8731,1.5173,1.7032,-2.045,2.9812,7.672,4.2103,1.373,2
-0.4465,1.3398,1.1203,0.66897,-1.4057,-3.8446,0.61799,3.3347,1
0.72518,-0.16142,7.2364,-3.5624,6.4843,7.2626,0.83851,6.8941,2
7.2046,1.5796,1.7816,-1.16,1.2468,6.9184,-2.1304,2.9359,1
1.1463,-1.2556,4.3836,7.0556,3.2922,3.8222,-4.9303,2.4047,2
2.9041,3.5155,6.2449,-5.3944,2.075,8.5651,0.31626,6.7899,2
0.37529,3.9782,-0.82631,-0.691,2.4825,-4.2519,-0.37352,0.12548,1
-0.71543,-3.3668,4.6983,5.537,7.6058,5.976,-2.3284,7.2118,2
1.8345,-1.251,7.5446,3.0645,7.6171,6.2341,4.9532,6.0842,2
1.0643,0.16524,0.28328,0.41033,3.4726,1.3768,-1.2925,4.2334,1
0.73026,-0.96383,1.7262,4.5394,-1.5415,-1.5298,3.6413,1.9814,3
0.76562,-0.75658,4.0604,2.932,3.3075,3.2957,0.19956,-1.4909,1
-1.2108,1.7335,0.73534,-0.21075,4.5996,10.852,-0.67041,2.252,1
0.14452,2.7984,1.6569,2.5853,5.8986,4.7111,2.6416,6.5777,2
1.5002,0.82642,6.893,-0.13834,7.1631,9.7995,0.62291,5.6407,2
-0.27283,-2.1966,0.47904,-0.32327,3.5546,-1.9355,-1.6079,3.8871,3
-1.4336,-0.79648,1.2,-0.79833,1.8832,0.3103,1.4541,2.0646,1
0.044242,0.022779,5.5499,4.3289,0.2586,7.571,-2.838,6.3545,2
-1.7464,-0.66223,-0.51426,2.9057,2.881,-2.2339,-1.2058,0.33813,3
0.48594,4.6619,-1.6227,1.693,0.95885,-3.6178,1.8498,0.56569,1
0.082489,-0.90214,-0.40479,5.1518,1.6923,-2.6875,0.96713,0.19638,3
1.572,4.8693,1.8116,-1.6659,1.6848,-4.1951,0.28736,1.2347,1
1.1246,-0.86622,-1.2033,2.9094,2.5842,3.8063,-1.8039,-0.1441,1
-1,-0.96372,3.911,4.1688,-0.16039,7.7929,-2.4981,1.2161,1
3.3581,3.3178,6.1752,0.12934,0.020218,2.8124,3.3706,2.3977,1
2.9615,-2.5755,5.877,4.8463,5.1692,3.7027,-1.7219,4.5037,2
1.5249,1.0944,-0.068391,1.1173,1.1908,4.218,-2.3762,5.5262,3
-2.1016,-2.4496,0.92978,0.24405,-0.51091,3.3466,7.3515,1.3508,3
0.036941,1.8422,2.4493,-0.99185,4.0039,-4.2047,7.2892,0.13076,1
1.3661,-2.6371,-1.4075,1.5464,-0.6663,-0.27636,-2.3072,3.0867,1
-0.31621,-2.5683,-0.51416,-0.37687,-1.8306,0.54705,0.42665,-0.58463,1
0.66911,-0.3409,-0.67854,0.54427,1.62,-0.12854,-4.0543,4.9357,3
1.6928,-0.68856,0.86842,1.4454,-0.35207,4.4337,-3.4497,-0.72495,1
1.4303,-0.41521,6.7171,4.5223,6.8856,0.71223,4.3747,6.4975,2
-1.4249,-1.6735,6.0451,5.2613,0.58195,7.3358,-2.6981,7.316,2
0.34571,1.1903,6.5423,3.7566,4.89,10.099,-2.0026,6.7607,2
-0.6831,-2.9256,0.30563,-0.85549,-1.2868,0.54871,6.3849,-0.51215,1
1.769,0.13434,7.0721,-4.1684,7.5052,5.9947,3.9525,4.9043,2
-1.5739,-1.8824,1.6919,-1.0692,0.3605,-2.2177,6.3219,3.6705,3
-1.0623,-0.011639,1.6326,2.1073,2.1419,-2.5791,4.7197,0.18374,3
2.2063,-1.3358,1.6596,0.65606,0.82029,-3.4733,2.8436,-1.9172,3
-2.2275,0.16449,1.7998,-0.95741,-0.71556,1.3847,-3.2738,-0.16355,3
2.4186,2.0858,4.819,-14.928,5.2197,4.4112,2.5724,6.1522,2
1.0449,0.62623,5.0476,-3.9432,5.8911,5.9442,2.1246,6.7562,2
-2.4693,0.6067,1.7815,-1.7008,7.2959,2.5924,-3.82,-1.3122,1
-0.43739,3.5334,-1.639,-0.21668,3.7609,3.2208,2.2755,-1.7012,3
-3.0422,-1.451,1.4373,0.39242,0.41562,4.6489,-3.2843,-1.2039,1
3.0432,0.76212,7.3334,-6.5054,6.631,3.6643,3.8652,-0.095573,2
-2.1025,1.9612,3.7269,-0.75313,3.5852,-0.49821,2.1709,2.3218,3
0.25581,2.9295,-1.2175,1.5415,6.4335,9.2521,4.2423,5.9688,2
0.021973,2.2331,0.88252,-0.1031,3.6253,-1.6582,2.1368,-1.2324,3
-1.7405,2.5058,7.0566,1.5375,6.6267,7.6442,0.1395,6.256,2
0.66639,0.82964,-0.87028,-0.52129,7.0636,2.7275,3.023,-0.30767,3
-0.89576,-2.4884,-1.6254,1.8269,-0.47995,4.0488,1.97,4.1872,3
0.67546,0.58385,-0.58036,1.1117,3.019,2.7976,-1.9624,1.431,1
-1.5803,-1.2696,1.3685,2.0266,-0.27513,-3.7595,3.8713,2.0337,1
3.3002,1.2315,2.7107,4.755,4.5441,0.9884,0.77724,4.4933,2
-1.7505,1.2656,1.2368,-0.72195,1.4389,-4.2795,2.6984,4.2679,1
0.96359,0.13797,0.78819,5.0187,7.6493,6.4662,-3.4062,2.1942,2
-2.0009,-0.059705,6.5728,5.6316,5.3104,6.4867,1.6582,7.4674,2
1.9845,-2.0947,-0.67628,4.3048,1.8898,-2.2507,7.4563,4.3129,1
4.8341,0.37855,3.1517,4.1967,4.276,6.9151,-1.7182,-0.40395,1
-2.3815,-0.62221,1.0751,0.86999,4.5901,12.981,5.3229,1.0405,1
0.56684,-1.2884,1.7445,-0.55709,2.628,6.8531,2.1712,-0.14342,1
-1.995,-1.1728,-0.74213,1.0013,-1.5736,-0.92295,8.7761,-1.2985,1
2.8253,2.9725,6.4936,-2.7555,2.752,-0.28525,4.9411,4.3265,2
-0.34991,-1.3487,-0.4846,-1.5547,3.6794,0.25566,-2.6515,-0.41059,1
1.2208,1.7198,4.5941,2.4179,4.3559,6.6542,1.9478,5.2373,2
2.2592,1.6341,6.3135,1.9291,3.3252,9.7145,2.1828,5.6967,2
0.61606,3.8572,4.3196,2.5025,3.6992,3.3592,0.8491,3.1594,2
-0.51969,-0.84118,-0.83954,-0.45044,0.58852,0.12566,-2.9671,-1.4873,1
-1.2731,0.62068,-1.0011,0.72713,-0.87748,-0.53819,-1.651,3.2863,1
-1.2866,1.7472,6.1552,-2.6066,4.9575,4.2794,-3.3258,5.3401,2
-1.9359,1.048,2.4151,0.17409,2.7092,5.8451,-1.6888,2.3858,1
-0.38309,-2.2653,-1.4743,0.25573,-0.9248,1.8722,4.9528,0.000584,3
-1.761,1.5697,-1.1588,-1.0803,0.13754,-2.3291,-0.092994,1.0614,3
-0.99295,2.3242,4.8186,-5.4112,5.5013,2.4964,-2.0705,4.5758,2
0.050349,-1.0717,0.062121,0.053923,0.42939,-3.843,0.66487,0.81464,3
3.2353,2.4434,4.9743,-4.2637,7.6868,7.4083,2.1858,5.4117,2
-1.0604,-0.46671,0.33646,-0.099458,1.7116,-3.8018,6.3768,1.5516,3
-0.51668,1.6855,6.4856,-1.6795,6.7384,8.9996,2.245,4.1379,2
1.196,-2.2035,1.2362,-0.6361,3.5693,-2.6473,-0.003751,2.1639,3
-1.2744,-2.0652,-1.1751,0.41184,-1.9341,2.096,-3.1742,-0.97816,1
2.8382,1.6416,7.6602,-2.8215,5.2017,8.4741,-7.5748,5.8352,2
1.8856,6.7559,-1.1992,1.2268,1.397,0.13448,-1.0089,3.0706,1
6.3668,-1.9145,-1.0629,1.103,1.2295,-1.0837,-4.0197,2.2567,3
-2.7306,-2.3091,-0.9512,-0.81476,4.2743,2.1473,1.4213,0.99339,3
0.93547,-0.95902,-1.4758,0.82287,-0.50496,-0.53812,-0.82518,4.3768,1
-1.3123,1.1209,3.2977,-0.14595,0.86643,-3.9962,-1.0661,0.89693,1
0.58672,-0.169,8.1576,0.99798,-1.2054,0.48838,-1.5116,-0.86617,3
2.4963,3.5612,7.0052,2.4479,1.146,7.7907,-2.8198,6.5927,2
4.5322,1.3098,2.1537,-1.6117,4.3524,1.0989,-1.1096,-0.29832,3
1.0474,-0.81021,0.60033,4.1952,1.0117,-1.5697,-4.3832,-0.19055,1
1.7142,0.000133,2.168,-4.3091,3.8242,9.0411,-1.1743,6.9575,2
-1.3011,-4.4359,4.2529,3.4452,5.8922,6.4624,3.3578,6.5412,2
0.86446,0.44709,7.4983,4.7469,4.6533,6.4948,0.8541,4.7107,2
0.18244,5.3002,4.609,1.3422,1.6521,4.3864,4.3429,4.3942,3
3.1859,-5.2886,2.5096,0.30057,7.4275,6.6701,3.919,4.7301,2
0.71008,-0.67195,7.6632,0.52272,7.0931,7.4867,0.91977,7.2968,2
3.8632,1.4829,4.8813,1.9396,0.22243,-3.1629,-0.30718,1.8795,1
2.5564,-0.88105,2.4907,5.053,6.4848,9.3536,-11.837,3.7065,2
0.33699,2.7437,3.2735,5.7464,3.4461,2.408,1.7995,6.2543,2
3.1706,1.4337,2.641,0.23926,1.036,-3.5167,2.1266,-0.20669,3
-1.4922,1.5092,-0.51101,0.94693,-0.28933,7.3252,-3.2391,0.21745,3
-2.2136,-0.56407,1.7147,3.424,-0.79196,5.4943,7.1491,2.3592,3
3.9854,5.6509,-1.4839,0.70988,-0.12815,-0.40844,4.8309,4.1052,3
-1.5094,0.87528,-0.74157,3.1616,6.7563,2.8236,3.2705,5.9051,2
-2.2724,-0.59461,1.2345,1.279,7.3974,2.4385,-1.768,-0.41968,3
-0.23738,-1.6692,2.707,1.8857,1.7881,-0.053692,-4.4491,-0.3503,1
1.9387,1.6687,7.2095,3.7246,3.4414,6.7503,2.3002,-1.3708,2
0.5997,-1.1158,4.0209,3.6895,-0.71617,-3.3079,-2.108,2.557,1
1.6113,1.0128,1.6565,-0.7507,7.1303,7.5506,-2.0579,-0.82396,1
3.8017,-2.566,0.40449,1.6306,0.96665,-1.1676,1.8984,-0.84832,3
-0.74207,-2.1037,1.4464,2.3311,-1.01,6.8609,-2.6359,5.711,1
-2.0011,-1.6754,2.4934,0.9616,2.3873,0.80257,2.0342,3.9546,1
-3.8126,0.42384,5.2253,6.3305,7.0594,7.707,0.81866,7.0451,2
2.6715,2.7301,6.0127,3.5539,7.5238,6.3212,2.3399,7.6725,2
-1.3403,0.065613,2.0371,0.79252,2.0227,2.8076,-3.0453,0.41318,1
-1.4661,6.6156,3.2513,-0.38836,2.7544,-0.77769,2.4462,-0.87098,3
1.2735,1.2025,1.2758,1.0462,-0.14326,-1.6475,1.5745,2.4668,1
1.8267,0.3258,6.7498,3.6513,2.4658,8.4083,-3.5307,1.0468,2
-1.9362,2.9694,-1.3887,3.7502,-0.5629,-3.5671,-2.0859,0.085906,3
-0.053309,-2.122,1.479,1.8917,-1.3231,-4.0445,0.50455,2.0032,3
-2.4992,-2.0412,0.67106,-0.28481,-1.2653,-2.1242,0.89018,2.9677,3
-1.769,3.1216,5.6108,-0.23403,-1.1367,5.4495,2.0195,-0.4946,3
2.4145,0.56935,5.246,5.057,2.233,8.5858,5.3924,2.5694,2
-0.64684,-2.2885,-0.58917,1.0767,-1.4019,7.1789,-0.13437,4.3154,1
2.955,-0.048491,6.849,1.8078,5.8774,8.1348,4.5087,5.8733,2
0.46819,0.90295,1.4825,4.4283,1.7118,-2.1705,3.4461,1.2476,2
-2.0299,2.7851,-0.66102,0.53322,0.2996,-3.4586,-3.8902,0.39754,3
2.8809,-2.6267,-0.33398,4.1014,6.9769,8.5128,-2.5656,6.5671,2
-0.99889,1.0376,0.401,-0.29116,-0.76397,1.1698,-2.7491,-0.7362,3
-2.2172,-1.2105,0.058895,-0.58693,-1.2284,-2.0756,-0.70315,-0.61435,3
2.7905,-1.9943,4.3625,4.4265,-0.54516,0.6776,10.508,-1.3715,1
-1.2206,4.1854,-0.3557,2.9623,1.1479,-2.5589,2.8174,0.44472,3
3.2288,-1.9238,7.925,6.4942,2.625,8.0299,2.1366,6.7653,2
2.3561,-1.5607,-1.6173,0.75488,2.5949,2.686,-2.1239,-0.50073,1
-1.3532,0.50045,-0.39117,-0.15638,0.19998,5.0611,0.67953,0.62755,1
-1.3673,-0.18718,4.1562,-0.10273,2.509,-2.2622,-2.0121,7.1215,3
-1.1448,-0.7357,6.8591,-1.1088,5.407,6.7156,3.3925,3.424,2
-1.3688,-0.14111,3.9078,-1.1939,0.60708,-1.4602,-0.69584,-1.0444,1
-0.73574,-1.7894,-1.5995,-1.1426,0.50253,-3.5295,5.2992,-1.0329,1
-2.356,-2.1189,-1.8686,-1.8249,1.2345,14.39,-0.21507,5.9359,1
0.88906,-0.3035,-0.36772,0.51202,-1.6547,-4.3209,-2.6481,3.0473,3
-3.5135,0.92091,-0.29429,5.8659,5.3655,-4.9704,1.8166,5.9269,2
-2.2131,0.68825,1.6246,0.93778,0.94634,-2.0159,-3.8677,-1.2247,1
2.4405,3.1669,7.2269,3.55,3.3439,4.9385,-2.5978,7.1821,2
-1.4333,3.9069,1.8164,2.616,0.88219,-3.8005,7.0529,-0.18249,1
0.53752,-0.97229,-0.058981,-0.49575,1.3129,-0.68427,0.30177,-1.2355,3
-2.0623,0.18607,0.38285,4.4543,1.7572,2.6781,-2.2739,-1.9879,1
-2.1739,-0.80842,1.4539,3.2797,3.2291,1.6886,2.9929,5.9743,2
-1.6164,-2.3106,-1.1988,-1.7681,-0.16768,-1.9587,-3.0749,1.1747,3
-0.27197,0.48162,5.6088,3.8729,5.4059,8.6459,2.0455,3.5438,2
-2.2233,-2.0525,3.6311,1.4508,0.78579,-2.0391,2.6527,1.0408,3
2.168,-0.3842,1.4847,-0.51329,5.4486,0.82122,2.9894,5.8376,2
1.2515,-1.9896,0.48302,-0.36255,0.028617,5.6299,-3.3416,-0.25761,3
3.9294,1.1877,6.3023,4.8533,7.8296,5.0808,-1.1765,3.4832,2
3.0081,0.84496,2.279,2.8125,7.1042,8.4703,-0.72338,5.3454,2
1.5595,0.71028,1.0112,4.9916,-0.85558,-2.943,-3.2943,0.2421,1
-0.41754,-0.99252,0.5491,-1.43,4.8657,4.2707,0.59496,3.1909,2
0.11268,-1.8619,-0.35751,-1.3455,2.2715,-1.7121,8.3035,4.9191,1
-0.020747,0.51651,6.1654,-5.3182,7.4802,9.5593,2.7661,6.6391,2
-0.99416,-1.2577,0.048127,1.8043,-1.4139,-4.853,12.605,0.74054,1
-0.5142,-0.97732,1.3218,1.0169,4.731,0.19179,3.4194,4.3302,1
-1.4822,1.0939,3.6271,-0.71843,2.1975,1.3491,1.5851,-0.22293,1
3.0083,0.37233,3.7114,4.4201,6.2037,5.2168,2.5794,7.976,2
0.25696,2.5385,4.1297,2.8993,6.2373,3.2934,1.4467,6.2328,2
-0.71562,3.3295,7.3905,0.92508,-1.9393,5.8919,0.71582,1.8109,3
-0.58801,2.3973,6.9446,-0.37586,7.2144,1.6882,1.7851,6.6211,2
2.7637,3.8005,5.4904,-7.438,5.9367,5.0291,-0.62975,5.5629,2
1.1632,1.2883,7.4615,6.7036,4.7031,4.7498,-0.44126,1.585,2
3.5988,2.6288,7.2599,3.6021,4.605,7.9009,-2.4043,5.7054,2
-2.8103,3.2987,5.2647,5.7819,4.9867,8.9841,-2.7981,7.0328,2
2.8464,1.5369,6.2303,3.1553,7.197,6.6442,-4.2669,6.1402,2
1.392,2.1261,5.3476,-9.3035,3.8432,3.2479,4.6631,3.6455,2
-1.3831,2.2505,2.5682,1.2999,0.7534,2.0797,4.2507,-0.078655,1
0.007728,-2.7561,2.5026,1.2219,-0.43421,-0.41833,-3.247,0.048411,1
-0.2368,3.3288,-0.94729,1.9185,5.6616,-0.81357,-0.19766,-1.1207,3
1.7581,-0.13065,0.4702,3.319,3.4591,-4.2989,3.443,6.959,1
1.7658,-0.2194,0.16654,-0.83193,2.9824,1.5783,-1.6815,1.2819,3
-1.0639,2.6197,0.13017,-1.5267,1.0099,-1.9564,0.64486,1.0285,1
0.2064,-2.6735,0.85655,-0.69106,4.7653,-3.0923,-1.8647,0.40941,3
-1.7984,-1.1937,-0.9404,1.8817,3.2968,5.9634,-3.3028,4.7494,1
-2.395,1.987,4.2528,0.070108,2.1259,4.4306,-2.0984,-1.1719,3
4.091,-0.97292,-0.59261,-0.025865,-0.62106,14.423,2.6446,3.5527,1
0.58752,-1.3979,-0.46391,7.8398,-1.0846,5.53,-2.0465,0.80105,1
-2.1111,-2.326,-0.65834,3.0288,-1.477,-1.6409,4.6449,1.3922,1
-1.9268,-0.60071,1.4158,-1.266,-0.87082,6.6384,1.0084,-0.96944,3
-1.0071,-1.3421,3.4365,-0.94041,0.37732,10.551,3.8974,0.36153,1
2.9619,1.7412,5.3234,1.731,7.2825,8.1105,0.1767,3.898,2
0.81255,0.144,7.3058,-1.7222,1.4877,0.29875,3.7658,3.982,2
-1.3308,3.0916,-0.064995,-1.1765,-1.4654,2.8907,-2.5709,-0.22072,3
-2.7322,1.1537,2.3544,-0.82526,1.4494,2.5709,-4.327,6.7546,2
-0.49329,3.2439,1.2623,0.84514,2.406,1.6834,0.96179,-1.5712,1
-1.561,-2.2895,1.383,1.5287,-1.0904,-1.0812,2.3948,2.3372,3
2.8573,2.9137,6.4326,5.989,4.151,6.624,3.4106,6.4275,2
2.4565,1.0646,3.8019,-3.227,4.4448,5.9201,4.2406,4.208,2
-1.2036,-0.4655,1.9294,3.8021,5.0905,-3.6988,-0.56644,-0.95006,1
1.3569,1.5202,7.1068,-0.12887,5.8523,-1.1047,-7.0551,1.2209,2
0.80114,2.658,5.6939,5.3013,5.572,7.1052,-0.6276,6.6464,2
0.32,-0.87582,7.5533,6.2282,5.296,4.2295,-3.6857,5.4953,2
1.6818,-2.3916,-1.0219,2.8456,3.6937,-2.9073,-1.9253,2.0129,3
0.97881,2.6184,5.5753,-3.1974,3.8941,6.8125,2.1733,3.9563,2
-1.1347,1.1773,1.8207,0.23022,-0.661,-4.6265,1.6417,-0.055575,1
2.101,-1.9218,5.2185,-0.69924,2.164,8.6974,4.6159,5.5531,2
0.44146,1.7313,7.4944,4.8034,3.8913,5.2676,-2.5326,3.4864,2
-1.8317,-1.8966,-0.13641,0.65011,0.89162,1.067,-1.7059,-0.64052,3
0.54929,-0.14164,0.61901,-0.18641,1.7805,-1.4463,-1.3057,5.5286,1
-1.8596,0.1796,-0.6761,4.4905,-0.83688,-0.3146,-3.1851,0.88084,3
-1.543,-0.91889,1.7496,-0.58322,0.21307,-3.8838,3.1541,-1.6124,3
0.37637,-0.081716,4.3583,2.9576,-0.075423,4.0047,-2.3179,1.3673,3
-2.7665,-2.4031,0.66108,-0.82694,-0.73637,-3.8915,3.4213,0.56526,3
2.7582,-0.31203,0.5661,3.5082,-0.67225,1.5166,-1.4707,-0.53171,1
0.96559,3.1087,0.1712,4.8507,1.5428,-3.557,7.4146,4.0868,3
-0.31928,1.5357,1.856,4.3722,-0.19112,-0.37384,3.3008,1.5612,1
-1.1659,0.020745,-1.4426,-0.65599,-1.0798,-1.9821,-1.8346,-1.7131,1
-2.4186,0.49666,0.9824,1.9975,-1.6807,7.5398,5.8192,4.2721,3
-2.5086,-1.6726,3.6388,-0.37622,0.40344,0.19397,1.6137,-1.199,1
1.0644,-0.93121,0.48716,-0.91087,-0.96903,-4.4145,5.4388,-1.214,1
0.51875,-0.8727,-0.074257,0.067986,0.68763,-2.4681,-4.2548,-0.86598,3
2.1096,0.044611,-1.5433,2.8008,0.69694,1.4223,-3.2584,2.8373,1
-2.8687,0.9328,-1.5904,-1.2368,0.59673,7.3773,3.1902,0.056889,1
0.26629,-1.8499,0.43162,-0.48344,7.7336,-0.45539,1.4498,4.2081,1
1.8043,0.87335,6.7846,5.2243,-0.42,-1.5103,3.0127,0.51051,3
-2.206,2.8848,6.4518,0.22766,5.3204,6.9985,2.8065,5.9238,2
4.2985,0.35538,1.9265,1.8793,-0.15146,-3.3938,-0.86569,0.70535,3
-2.3144,-2.1948,-1.7488,-0.65928,-0.78345,-1.3483,-3.9667,0.99708,3
0.028137,0.089779,6.5494,-10.711,7.2683,2.9085,-0.42588,3.6091,2
-0.15665,7.4815,7.6443,-0.51186,0.59161,0.3895,2.2919,-0.69242,3
2.8102,-0.14841,-1.5255,0.28699,4.5349,0.6852,3.5315,-0.12374,1
-2.4402,0.37989,2.3772,0.69199,1.1274,4.833,-0.56821,3.2636,1
0.32423,-0.74669,5.2346,4.2314,5.3234,6.9508,-0.57076,2.7406,2
-1.1681,-0.83064,3.6535,0.65237,5.9881,8.3607,-1.0647,2.5008,1
3.2383,2.0407,4.3661,4.2546,4.1988,0.72946,5.102,3.0153,2
-1.6468,4.2139,-0.86608,-0.85706,2.0831,-0.42965,3.8826,2.8093,3
2.3677,0.51661,2.7654,0.17776,4.4737,5.7363,1.7147,6.3164,2
0.79081,-1.7761,4.2154,2.2377,0.55246,-3.8743,5.1548,-0.59629,1
-0.62045,5.9254,-0.97769,7.4178,-0.88651,8.6279,-2.3984,-0.53072,3
-1.3136,1.487,-0.65733,5.6734,-0.19219,1.911,5.2639,-0.36161,3
1.6264,-1.7212,5.3405,-0.51444,-0.041329,3.71,1.3604,4.2387,1
-2.066,0.24869,1.6438,-0.18317,4.767,1.0376,8.9115,-0.15613,1
-2.1746,-2.42,2.5315,-0.70678,-0.96794,-1.3618,0.69277,-1.3362,3
1.0941,2.3056,-1.3146,-0.20616,0.53592,3.8943,7.8054,0.60217,3
-0.37795,-2.0411,-1.3148,-0.29361,2.1818,1.4612,4.7021,-0.35761,3
0.4793,1.0736,4.4912,3.7715,0.38146,5.5302,-3.3242,2.7709,1
-2.1459,-2.9523,0.081217,0.58395,-0.82955,3.4704,5.8766,0.94675,3
-0.71808,2.6571,0.68669,0.47021,-0.70656,-3.2459,4.6617,-1.6903,1
1.3768,-0.16118,3.4985,0.23879,4.5167,4.9249,3.0148,3.3842,2
-0.31742,-0.53386,0.43454,-0.31392,0.82876,15.067,3.3345,-0.078898,3
-2.0854,-1.4446,1.372,1.5604,-1.624,-3.2278,-2.59,0.80186,3
-0.23191,1.7656,7.0454,-8.5863,6.9357,9.7975,-1.7738,5.0362,2
-0.57845,3.3114,3.2644,-1.4098,1.439,1.8667,-0.63849,2.0027,1
1.0289,2.7995,-0.19172,5.9033,2.259,-1.7461,1.5407,0.070806,3
2.656,0.30999,5.7818,-4.3516,4.4256,6.2357,5.1622,4.3879,2
1.4096,2.9027,7.9548,5.8818,5.9344,1.5668,-2.8906,6.5723,2
-2.5391,0.14567,-1.2968,-0.002588,3.0113,0.43464,4.5813,5.2042,1
1.0859,-1.7393,3.6735,0.04533,3.665,-1.3478,6.6466,4.8388,3
-0.61871,0.01526,0.89714,-0.47358,-0.0331,4.188,-0.083914,-1.1941,3
-0.67522,-0.14422,0.94398,4.3173,0.48045,-3.9328,4.5757,3.485,1
-0.46015,1.243,5.9522,2.6578,3.1553,-2.2149,3.8407,-0.79796,3
-0.50736,-0.43382,0.15999,0.11522,1.164,6.5172,0.71722,-0.94256,1
-0.34779,2.8459,-0.94854,3.0954,1.3269,-1.2685,-3.4648,1.3228,3
3.7059,-0.48137,-0.94294,1.1287,-1.6902,5.0445,-2.1795,-0.19417,1
-0.67604,0.32894,3.529,0.55057,-0.58026,5.2295,-2.8872,2.3574,1
2.2261,-0.51,-0.074587,1.9444,-1.4343,0.31144,4.0474,-0.02164,1
3.1423,-0.02715,4.5665,-4.0962,3.3335,-0.18896,2.0385,6.0168,2
3.4944,1.9172,7.2935,-3.3365,6.9683,4.5207,-0.61663,5.4163,2
2.352,2.3424,3.7559,5.7526,5.0768,7.8666,0.008125,5.1015,2
3.6452,-0.20573,3.5784,2.7035,7.038,1.2177,-4.8403,1.7917,2
3.8161,1.9428,2.9347,4.0328,5.7551,10.554,-2.0321,6.7598,2
2.3179,-0.55562,-0.58069,-1.547,1.2491,-1.9308,-1.2114,3.0295,1
-0.29923,0.27875,-0.047725,-0.15698,1.2414,-2.1947,-2.9209,3.0408,1
-1.7112,6.1829,2.6292,4.409,4.3072,-2.1518,-1.2274,-0.46286,1
2.1041,2.4556,3.0734,-4.1538,4.1637,8.3006,-8.6169,5.7849,2
0.30071,1.9009,4.5688,2.9908,2.1156,8.2547,2.5773,6.3317,2
3.1971,-1.8739,-1.4148,1.6024,-0.19381,-0.9262,11.452,2.622,3
-1.4322,1.9198,3.4653,0.30898,0.4113,8.6071,4.3905,5.9545,2
-1.1991,-0.70508,2.0687,-1.2756,1.7283,-0.36966,0.036766,4.8321,1
-2.2842,-1.2535,-0.99193,-1.8334,0.53062,-0.4379,-2.8127,1.3798,3
-2.3503,0.29594,1.2599,1.0945,3.0388,-3.0074,-2.7914,0.90802,1
7.1687,4.1631,2.816,0.98919,-0.2682,1.879,3.6623,0.39725,1
-2.3829,2.1045,0.38944,1.3974,2.0932,2.1417,4.3137,-1.5497,3
3.5562,-0.89306,-1.8392,1.5194,0.51677,-2.0623,4.7631,-0.54578,1
-0.15137,1.614,1.4937,-0.036943,-0.17038,1.619,0.12213,4.7904,3
-2.2535,-2.3659,-0.10374,1.6457,4.7713,0.060523,2.141,-1.1709,1
-0.62533,0.51334,5.3655,1.68,1.9994,0.9304,8.8789,4.0078,1
-0.03826,2.8664,6.2056,-1.9644,7.7059,7.6012,2.6984,4.4419,2
3.192,-2.6614,3.3055,6.1598,6.7164,-5.9664,1.6181,6.4602,2
-0.66815,-1.9662,-1.6604,-0.24158,1.9456,1.8314,-3.8272,1.0959,3
-1.7556,2.5708,-1.3373,-0.086237,0.75128,-1.4988,13.123,-0.30577,1
-1.1837,-0.15829,3.4869,0.13599,3.3063,-1.9708,-2.7916,4.1785,3
-2.6015,-0.91523,2.8983,-0.55057,4.5906,-2.5353,-2.7357,-1.2236,3
-1.3113,-2.7036,1.4918,3.6516,-1.0001,-2.1045,3.4044,0.74615,3
-2.0189,-1.4051,-0.29854,4.3805,2.3544,-0.29449,-2.3649,-0.24752,3
-1.7846,-1.7585,-0.85841,2.8046,2.9766,-4.2878,-1.085,3.0604,1
-0.23665,-1.1363,3.118,-1.2723,1.4882,-2.9603,-1.3279,-1.1309,3
-2.2148,3.8774,2.1184,-0.8776,1.5649,-2.7092,6.4912,0.99517,3
-0.51915,-0.95572,3.2078,3.5977,3.389,0.86053,5.7587,2.6418,3
-0.70901,0.29998,5.249,5.0128,6.5383,-1.9939,2.9772,5.2154,2
2.3861,0.65297,4.8851,3.3122,3.3073,7.719,2.2175,7.0132,2
0.22967,-1.8521,1.1466,0.83282,0.97067,-2.0211,-1.6822,1.9079,1
-0.28559,0.25893,4.8592,5.66,6.571,7.3838,-4.2343,6.337,2
-2.6796,2.553,5.2647,-1.1248,6.0233,9.9332,-2.4092,7.0285,2
-1.6649,-1.425,0.2377,1.1235,2.3186,-2.5749,-2.0875,-0.38277,1
-1.1236,0.075039,3.7573,-1.3871,2.3622,-2.2629,12.579,1.7312,3
-1.9571,-1.8703,1.3912,0.95326,-1.2938,-0.7369,-3.3454,1.9395,3
-1.1937,-0.22695,1.7666,3.1856,-0.65616,-0.81406,-2.578,-0.59918,1
-2.7164,-0.812,-0.77525,-0.95736,3.2003,2.0938,2.5868,1.98,1
-2.3119,0.10641,-0.8883,-0.69267,-1.0487,-2.5179,0.4981,0.66544,3
-0.67681,1.4551,0.69067,-1.54,1.8109,-2.523,-0.68071,1.4122,1
3.0415,-0.76789,-0.12969,0.60416,0.58176,6.8927,3.8964,-1.7968,3
-0.17702,0.35245,4.2288,6.8258,5.1585,7.1365,-0.082819,-0.094658,2
-0.59807,1.5631,6.6832,4.8024,-0.5638,-0.43189,-1.6997,3.7046,2
-1.9775,1.2116,2.1494,0.89668,-0.93067,-1.9817,0.9216,0.037232,3
-0.47927,-0.036657,2.7322,-0.67103,-0.24595,-0.66366,-2.9709,1.6402,3
-1.1477,6.696,0.3787,-0.12457,3.1603,-1.4674,4.1183,-0.20948,1
-1.0675,-1.959,3.5097,-0.22188,-0.31074,1.1257,5.0831,-1.812,3
-2.5317,3.1048,-1.5147,2.2836,-0.10474,-1.8781,-3.7182,-1.3101,3
4.7909,2.663,-0.40555,2.0971,0.045893,3.3789,-1.6363,0.53905,3
-1.784,-1.1491,1.2207,2.4653,1.3752,-3.0425,-1.9649,2.2747,1
-0.93476,-0.49796,7.5294,-0.49695,3.573,6.679,4.7876,1.4154,2
-2.7217,1.9693,1.0773,-0.72395,2.4811,-4.6893,-0.11856,0.68461,3
0.79005,2.9555,-0.46558,0.74644,2.1599,0.14388,-0.16735,2.7735,1
1.3239,-1.3449,-0.54013,0.61679,-0.58351,-2.0104,0.25947,-0.079318,1
0.20229,-1.9026,-1.3194,3.8849,-0.27851,3.3474,-0.036096,-0.46511,3
4.7652,2.2782,-0.13778,-0.39155,-0.090359,-1.4036,1.921,1.3944,1
-1.4737,-1.5965,-0.073058,3.5261,1.0415,-0.75294,7.5459,0.89607,3
2.7711,-3.5366,5.9284,1.1772,2.7805,7.7135,1.1573,4.4565,2
-0.47442,0.87954,6.9498,4.4044,6.5145,-3.6105,4.7844,6.4487,2
2.3572,1.582,7.5789,4.4011,4.4128,0.48598,-1.0323,3.8391,2
-4.0401,-1.0832,2.8222,2.9212,7.5344,10.309,3.4703,2.8725,2
3.5334,2.4904,2.7442,2.2912,4.1831,3.5023,1.1384,2.3887,2
-1.7503,0.87926,-1.3089,0.012161,2.1797,1.1788,-0.69658,4.4909,1
-2.3131,-0.79466,0.27862,3.6682,-1.3546,1.8331,1.3592,4.9256,3
0.72441,0.33926,1.3577,-1.1303,-0.84101,-2.0452,-2.7749,0.26039,1
-2.857,-0.78094,0.31459,3.7199,1.5241,0.64826,4.5923,-0.54771,1
-1.6156,4.3144,1.8362,3.1782,-0.66176,0.81626,2.5854,2.2091,1
0.31152,-0.44073,3.9966,3.1201,6.2211,-0.5858,-4.9837,4.2612,2
1.0077,1.6214,7.1827,4.3341,7.4166,1.4973,4.2132,5.326,2
-0.88714,1.9499,7.5838,0.050262,5.8867,9.132,-2.1091,6.3901,2
1.5581,1.5233,2.3629,1.8172,6.7925,4.7104,1.5635,3.2112,2
-2.2351,-1.0869,3.088,6.03,7.379,0.4115,-0.1338,4.1188,2
-0.74194,-1.2077,-0.96003,0.62856,-1.4504,-4.3548,-1.3249,1.2219,1
3.3272,3.0728,-0.91492,0.42876,2.281,-2.8407,2.6754,2.5588,1
1.9497,-0.21332,5.0451,0.93253,2.396,10.429,2.4945,3.6033,2
-2.4571,-0.65285,-1.1832,-0.95229,1.134,0.069635,-3.55,-0.78988,1
-0.15289,-0.30994,-0.27694,2.9123,-0.89113,-4.0889,0.042055,1.1678,3
2.4782,-0.008539,4.5743,2.3934,7.8029,4.6097,-2.6458,5.1783,2
4.2417,-1.2242,1.3628,3.1528,-0.61175,-4.3183,-0.56517,-0.63497,3
2.6944,2.9407,1.9461,1.1306,5.8952,4.0186,-1.1251,5.6333,2
0.35662,3.1198,3.2577,-0.16093,7.5163,3.0456,1.8271,5.518,2
5.9832,0.62141,1.668,0.97289,0.31551,-4.807,-1.7433,-0.98343,3
0.82499,1.9605,1.9364,-0.18697,3.2841,2.003,-0.26085,1.4979,1
3.2093,0.79544,3.8382,-1.1697,5.6093,2.2829,5.0366,4.1689,2
0.1442,1.3173,-1.0189,-0.085165,2.2323,1.6568,11.007,0.26468,3
0.16378,0.52697,3.7105,2.8463,5.8068,4.2972,4.4166,2.5878,2
-2.3878,1.143,5.3337,2.7587,5.9921,8.6463,2.0089,4.8157,2
0.39239,-4.1487,6.6817,-2.4055,6.1319,9.5426,-2.5218,7.6009,2
1.1112,1.6461,7.0768,4.0696,7.5758,2.2597,-1.7273,6.6088,2
-1.1141,8.016,-0.6124,0.49498,2.8478,-1.7406,4.3711,3.1268,1
0.40838,2.1461,3.0899,-1.6866,6.5484,7.6938,1.4523,4.1396,2
-2.5112,1.6803,3.9695,0.61775,1.6801,4.4772,-5.0119,1.2422,1
0.61375,-1.6313,-0.46983,1.145,-1.3924,-0.71362,0.45181,2.5937,3
3.6824,0.31002,4.3616,3.8593,6.5088,8.3151,-1.3207,7.1474,2
3.2479,2.7322,7.468,-1.045,5.2697,7.6885,2.5967,7.3235,2
-2.4997,1.4997,0.80759,5.5503,-0.17284,-2.4643,-1.2693,-1.6236,3
0.87635,0.45829,7.1275,1.5528,1.4352,-3.5803,0.94329,0.49102,1
1.9677,1.2035,3.2773,-2.8565,3.9384,4.4608,2.3369,5.1585,2
0.93446,-0.11129,0.27413,4.9234,0.26109,-3.106,-0.81906,1.5041,3
2.3031,-0.45441,1.3611,-1.5048,4.8161,10.413,-0.94073,2.2837,2
0.74105,-0.11692,5.5891,2.9213,4.5799,5.822,4.1101,7.3603,2
0.31704,2.3823,6.816,4.6902,4.7268,9.7553,1.5843,4.4704,2
-1.5354,-0.49577,1.7686,1.3994,4.4912,-2.1005,-2.137,-1.4688,1
0.25927,-1.7374,5.6266,0.96944,6.3698,7.5241,1.3565,6.0697,2
3.6477,3.9108,2.1473,0.31982,5.5615,-3.801,4.1038,5.5966,2
2.3852,-3.5179,6.3699,3.4086,3.2447,7.0489,1.6874,1.5809,2
2.7066,-0.91332,-0.93675,0.7834,4.066,0.34631,1.3036,1.1228,3
-1.223,-1.3592,0.9316,1.7123,-0.50152,3.0043,2.4444,3.4336,3
-0.15518,-0.53099,-1.6752,1.6754,4.3831,-1.6526,-0.66056,0.025175,1
1.0183,0.96555,6.9318,-1.8864,1.8791,9.5539,3.8318,4.9703,2
-2.6947,1.9024,7.1569,4.3592,5.2246,7.9369,-8.8394,3.3886,2
2.8687,1.3149,5.0923,4.7242,4.8139,1.8108,1.0165,1.6378,2
2.6002,-6.3916,4.7692,-0.070782,4.0416,9.0586,-3.4663,1.5738,2
1.2786,0.15462,4.1109,-0.050395,1.1907,9.9878,-2.5653,5.2858,2
-2.0884,1.3934,-0.43193,1.3039,3.8127,9.9713,0.50108,5.136,1
-0.14371,2.5529,-0.73126,0.61712,1.2165,-2.5223,0.57168,0.95471,3
2.8287,2.91,6.1464,2.6796,4.9894,5.1649,3.1122,3.6223,2
3.1437,2.4942,4.2882,1.9192,6.8397,6.4227,4.7687,5.9728,2
-0.40407,1.1703,1.1509,2.3955,1.4297,2.0693,0.67593,0.61898,3
0.737,-2.723,0.66739,-0.83206,0.89664,7.5695,-2.5036,1.5439,1
4.2809,-2.2339,2.5464,1.8081,1.4732,0.90794,-0.30593,5.6461,3
-0.24389,-1.7012,6.5321,5.9003,4.1212,6.2233,3.5128,7.4623,2
0.65756,0.57139,4.1296,2.952,7.6429,3.0536,2.7908,7.9913,2
0.43801,0.060534,4.5805,4.8396,7.4923,5.6186,4.3866,7.3559,2
-1.6537,-2.727,-1.4231,1.5716,-0.48198,6.3882,-2.7126,-0.98516,3
-3.1873,2.1051,3.8185,-0.18254,5.6801,7.4251,4.8543,3.2393,2
-1.3412,-2.4653,-1.2828,-1.3189,-0.017807,1.2731,-2.836,0.80637,1
1.828,3.2894,6.6574,-3.2579,7.4977,6.6865,1.1012,7.8684,2
-0.89044,-2.9668,0.029211,-0.31762,4.3061,-1.8544,6.003,6.3247,3
0.16049,2.1467,4.3833,2.6261,1.7123,3.55,-0.23732,-0.70479,3
1.8498,-0.48614,3.4549,4.8809,7.2891,8.782,-2.2772,5.7007,2
2.8043,3.731,7.3372,-2.8597,3.9122,5.9767,0.97028,5.028,2
-2.6219,3.9656,-0.028143,-0.79112,-0.2354,3.2648,-4.5333,2.8173,1
1.4725,2.5236,7.7727,3.7001,3.3944,8.6497,1.0646,4.0137,2
-0.84224,1.1639,0.95383,1.7156,6.9994,-0.24415,-2.3306,-0.16206,1
-1.7413,3.6206,3.5884,-1.0751,-1.0078,-4.3002,-4.2548,-1.5299,3
-0.8291,-0.060114,5.3173,3.396,4.1425,10.73,2.369,3.2984,2
-0.24363,-1.8634,3.3438,2.5305,-1.0593,0.043236,2.943,-0.42718,3
-0.48375,2.1911,-1.4314,1.5332,-1.5547,0.52634,11.62,1.5746,1
1.3466,-0.58518,5.0061,1.6214,1.6606,13.875,-2.6738,-0.18378,1
-1.1877,3.4602,-0.7515,-0.7127,2.6706,1.5328,3.1625,2.6519,3
3.9334,3.3415,-1.2258,-0.5153,0.037969,-4.0776,3.9085,1.3161,3
2.8881,3.2682,6.8813,3.8071,5.4382,3.35,2.1544,5.9459,2
0.41445,0.32031,5.0014,1.962,1.3445,-0.17407,-1.3207,0.43362,1
2.9847,1.4718,3.7036,1.915,6.0047,3.5089,3.6267,4.1526,2
-2.4275,-1.6546,-1.07,-1.3073,0.70229,0.29696,0.69308,2.1511,3
2.6011,1.302,-0.61099,1.1112,0.85564,6.7198,-0.65776,3.4921,2
0.76084,-0.94231,0.042474,1.2025,0.81098,-1.6942,-1.9304,0.85651,3
2.1254,-1.3425,0.68813,2.8555,4.5349,-1.2268,0.99945,2.5894,3
3.3392,0.41249,2.2772,-1.9329,7.5074,10.339,4.7058,4.7807,2
-2.8695,-2.4922,2.8492,5.2087,3.1456,-2.636,3.0692,-0.91892,1
-0.60585,-2.5997,-1.4321,-1.3528,1.8281,-1.1684,-1.7571,-1.2933,1
2.0162,-1.6016,-0.02023,0.17264,-1.2402,6.8821,-1.4336,1.2376,3
-1.8824,-1.186,4.2226,1.9541,6.1588,5.2617,-2.3748,0.17266,3
-1.8064,3.2236,2.2061,1.1292,1.8877,0.95555,2.2842,-1.9794,1
3.2257,2.7634,6.5188,-5.4216,6.4038,3.8739,4.0937,5.9531,2
-1.5817,-0.70808,-1.4387,-0.68216,0.49264,1.0485,-1.1727,6.6914,1
1.4643,-1.1943,-0.42881,1.0392,1.9805,-3.3708,7.6886,0.20707,3
2.231,3.0895,6.9091,-2.3278,3.6257,-4.575,2.7697,4.8767,2
3.3817,1.6517,0.25013,7.8494,3.0956,0.99962,1.4462,1.2142,3
-0.21032,1.7077,7.4435,5.8875,2.988,1.9029,-7.6578,4.3982,2
-0.67014,-2.6404,1.2507,-0.15927,-1.1432,-2.2701,4.0744,0.85823,1
1.682,-2.0813,2.8896,-0.77246,3.0196,-4.3699,-2.7438,0.26896,3
-2.3848,-1.6488,-0.262,-0.34711,0.14847,3.3654,14.885,-1.0873,1
-1.8221,1.7463,1.6608,-1.1079,1.8635,5.7948,1.9324,0.79638,1
-1.4601,-1.9558,-0.31198,-1.5462,-1.1212,8.6867,-3.8259,-1.6356,1
1.2791,-1.0152,2.298,0.54892,7.705,-2.576,-4.0203,2.0403,3
-2.6469,5.3363,1.7809,-0.15587,0.96008,17.942,1.4612,1.8412,1
2.5086,1.2455,3.8822,5.1992,3.2783,5.1203,-4.9439,4.719,2
-1.3036,0.27458,-0.37777,-0.1823,1.9518,1.9125,1.8274,-0.32476,1
-2.4666,0.001772,1.8793,6.2902,2.2938,-3.7137,3.4892,-0.47156,3
-1.8887,1.579,1.8065,1.0029,2.1582,0.87849,1.6946,0.61116,3
0.75761,-0.15135,2.1883,0.26569,-0.27401,-1.2026,-0.28084,2.9307,1
-0.4245,1.1484,-1.3727,-1.2583,5.9048,-4.1257,1.2271,0.15337,1
-2.3547,-1.8363,-0.72621,0.66534,1.0605,2.6691,-4.3187,0.8867,3
-0.31437,-1.0272,4.9443,3.9747,0.38224,-1.2363,4.2614,-0.54601,1
2.1887,3.4419,2.1433,-1.3934,8.2567,3.6424,1.0199,1.8259,1
-1.7578,-0.25009,-1.6166,1.4047,2.755,-1.3426,3.6604,-0.98737,3
0.24037,-1.3465,1.0445,-0.16379,6.7784,5.4434,0.58626,-0.21759,1
0.24129,-0.68435,2.0758,1.4443,0.048662,1.089,1.6727,-1.6887,1
2.1146,1.5175,1.819,-0.69148,1.8426,4.0846,5.5818,-1.4516,3
2.1918,2.8862,6.597,0.51441,7.1238,3.6054,2.5631,2.9988,2
4.7914,-0.11092,2.8394,4.901,3.3508,4.0807,-2.3424,0.15685,1
-1.0107,-0.26572,7.0002,3.7116,4.0284,7.3567,4.3578,6.2351,2
2.9372,2.8144,4.3966,-0.8465,7.8264,5.2223,2.1557,2.6311,2
1.3476,-0.83638,6.7668,3.652,2.179,6.1956,4.7006,3.7418,2
1.7002,-0.76818,4.6508,-7.3898,6.4314,9.6319,2.4515,5.9347,2
1.7828,0.96295,5.4681,5.4767,4.38,-3.9836,4.3236,7.6627,2
0.97699,-1.4564,2.4388,2.5366,1.0426,-2.3247,7.7642,0.092194,3
1.4305,-1.8491,2.4726,-0.92234,-0.6082,-0.11611,2.4242,-0.037441,3
-1.4844,0.82813,3.0643,3.6912,7.1325,6.1996,2.615,3.9403,2
-2.2119,2.7539,-0.24311,1.8036,1.3004,14.737,2.5883,-0.52171,1
-1.8023,0.11786,6.2016,4.157,-0.51375,0.31879,-0.087115,2.26,3
0.36444,3.0749,5.1181,5.1726,2.9196,8.5952,3.8429,4.0472,2
4.2621,-1.451,1.6243,1.9952,-1.3042,-1.0304,4.4098,0.93919,3
-0.6346,-1.4174,1.5635,1.3386,1.6595,-2.8828,-0.73259,2.8085,3
-1.0125,-2.8759,-0.39694,-0.30767,-1.0237,-3.9335,5.6796,-1.4821,3
-1.7444,-1.3993,1.2164,2.1346,1.1217,-1.5085,1.8012,3.3999,3
-4.1161,-0.4111,5.3107,3.8773,5.726,6.1463,-0.82757,6.3319,2
-1.2181,1.3051,7.2808,-4.3641,6.1694,8.4879,-1.0577,2.5885,2
-0.31081,4.3182,2.3508,2.0977,-0.90857,7.2146,1.4677,2.553,3
-0.38075,-0.43835,1.3374,-0.87657,0.46583,10.663,0.7502,1.5437,3
3.2118,1.0343,6.1262,5.5154,6.4693,3.3278,0.53007,-0.11212,2
5.0294,-0.14378,3.3063,0.86306,-0.29233,-0.081573,-1.1697,2.3799,1
0.76093,0.31194,0.062343,3.0849,-0.12882,-3.4046,6.3667,-1.3533,1
3.5936,0.70532,5.5143,0.71523,2.4312,5.1144,4.5185,6.8626,2
-0.64968,3.1885,5.7407,4.5299,4.0475,4.4401,3.5949,5.3818,2
-0.88797,2.2284,3.2884,0.6977,5.314,-1.4904,-3.8013,-1.2648,2
-1.1138,3.6673,5.9989,-1.0603,5.5832,1.168,2.3636,5.6675,2
2.1719,2.8255,7.64,0.70274,4.8344,5.5084,4.2679,1.0452,2
0.87416,3.2215,3.8228,6.1736,5.2531,6.8815,-2.734,-0.66779,2
-0.98833,-0.72897,6.8338,2.0589,5.2799,6.175,-3.4013,5.707,2
3.4586,1.0517,5.4016,3.0875,0.29888,7.7246,-2.4419,5.899,2
4.2594,-0.69398,-1.1893,1.2958,-0.8978,-1.5269,-2.3326,3.5836,3
0.25457,-2.8877,-0.89348,-1.0856,2.763,-1.4374,-0.747,0.6368,3
1.2274,3.3281,7.9917,0.54266,5.1595,3.6877,-3.3475,1.6129,2
-0.21491,0.48618,1.2566,0.52691,2.4031,1.9969,2.4814,0.068243,1
2.4116,-0.56666,5.1077,4.2681,2.3177,5.2833,2.5088,4.7749,2
0.45244,-0.91255,-1.64,-0.33601,-0.20339,0.058718,11.683,-0.023986,1
3.4144,2.4527,1.982,2.1684,1.1614,3.0326,3.0724,5.8411,2
-2.1094,3.2736,-1.1886,1.9845,1.1255,-2.7144,3.9572,-0.99965,1
-1.3307,-0.64123,0.97908,-0.9353,0.083998,0.82344,-1.8953,0.63036,3
1.3651,-0.81119,-1.1551,-0.50447,1.2308,-2.1306,-4.9453,0.12562,3
1.5474,1.7357,5.6931,3.0313,3.849,6.8769,1.6588,6.7925,2
0.29795,2.051,4.5353,3.6504,6.0946,-3.3491,-0.21396,-0.86011,2
-1.8883,-1.5249,-1.2908,0.3973,3.6824,-4.1974,-2.9812,5.6821,1
2.8349,1.9366,7.5836,2.4601,4.6274,7.9246,4.7397,3.0974,2
-0.44892,1.9137,6.6848,3.8394,6.1237,8.1812,4.306,6.7874,2
4.1841,-1.1643,0.46002,0.73896,0.70822,1.1518,8.5568,1.3074,3
-2.2932,-0.16776,0.20856,-0.26322,2.9019,-1.2314,-1.9954,0.91469,3
-0.55298,2.5273,4.3233,4.9321,5.4054,8.2302,-0.69511,2.9177,2
0.49139,2.2185,4.0084,5.8277,6.7486,0.44298,-2.4186,7.3378,2
3.1123,3.5664,4.6273,-0.16521,1.9772,7.158,-0.56443,6.3283,2
9.3279,2.3692,-0.41122,1.1149,-1.2915,9.6675,-0.25732,-0.40197,3
3.106,-0.31424,3.7778,1.7412,3.9266,6.1424,1.3098,6.611,2
7.5154,-0.58669,0.88333,1.8673,0.74157,1.561,-1.4258,0.422,1
-1.8584,-0.88495,-1.2034,-0.28147,2.8345,0.8087,7.5894,-0.41377,1
-2.0054,-0.15183,4.5633,-1.3024,0.94182,7.6082,-0.85505,-0.45828,3
0.027228,-0.92001,0.077309,-0.45626,-0.20791,2.4811,4.144,4.2462,1
-0.76879,-0.28577,2.7201,-1.5186,-0.37598,3.6182,1.1055,0.65105,3
3.8028,3.0093,1.7969,1.1371,1.7835,-1.7987,-0.081083,2.6906,2
-0.39475,-2.4954,-0.33283,2.6839,-1.2178,4.8818,-3.2606,-0.90247,1
0.44879,0.2974,1.1223,-0.70221,-0.13203,9.8386,2.7088,6.4118,1
1.9416,-1.5357,2.5485,-0.60876,-0.072712,-3.748,-1.3674,0.85899,1
-1.7581,-2.5526,3.5093,1.1446,0.47922,5.7299,2.4362,0.59523,3
1.1156,0.5627,7.537,-0.70451,6.9005,6.4703,4.5584,5.6386,2
1.5678,4.5429,-0.91851,-1.1462,-1.3008,1.1897,5.6849,-1.2323,3
-0.5823,1.4203,3.5406,-1.6393,1.7318,4.283,2.3324,-0.35595,1
-0.077415,4.3991,-0.049444,5.7033,0.3676,1.4731,2.6657,5.8735,3
0.61069,-1.6393,7.3029,0.82281,1.0881,7.0208,-1.1548,7.121,2
-0.83383,0.087419,4.5686,1.698,6.4167,7.0647,4.3334,2.1422,2
-1.912,-2.4578,1.8051,-0.16229,1.1892,8.8193,-0.5775,3.4268,3
-1.3269,-0.12261,2.97,2.1869,-1.2321,-0.83879,6.5841,0.029749,1
-2.4055,-1.9726,3.0384,0.64051,1.3308,4.7672,-3.4104,-1.1805,1
1.0552,3.2456,2.213,2.9518,7.2907,7.2645,4.552,4.7244,2
1.8983,-0.054138,7.318,6.7531,5.6376,2.3691,3.4743,3.1784,2
0.68845,-0.29623,-0.54919,6.1632,0.33812,6.0975,-1.2798,0.3987,3
-0.6683,-0.22176,4.6941,3.6171,0.012378,-4.7283,0.035687,0.69873,1
2.4166,-1.6802,-1.4681,-1.4976,-0.032334,2.7131,-2.6616,0.7182,3
-0.13913,-0.23967,2.0715,3.5638,6.4929,5.7422,1.0218,6.0736,2
-0.29129,-1.9423,-1.2169,-1.1409,0.089155,-0.67747,1.3817,-1.0948,1
-1.4517,-0.75265,0.46904,-1.5481,7.6104,-1.3905,1.4104,-0.73103,1
2.5632,1.2685,-1.9194,-1.8641,-0.065274,4.4286,1.5663,-1.6988,1
2.8591,1.2466,3.6081,-3.5006,5.372,8.8083,-0.26392,7.2495,2
0.040318,-0.59406,-0.21261,5.6158,-1.3204,-2.8465,8.2024,2.6896,3
-0.58287,-0.37839,-0.64879,2.9632,3.4596,-4.2852,-1.7751,3.5643,1
1.9116,4.7151,2.4085,3.7201,0.1458,5.2919,3.2288,-0.79242,3
-2.2331,0.96549,-0.1408,0.045164,0.041132,3.4089,1.5134,2.5042,1
2.2376,-2.4169,0.64728,0.2299,0.8966,6.1512,1.2632,1.7374,1
-1.8511,3.0095,4.5471,5.9045,0.37096,-2.0314,2.0921,1.9173,2
3.0075,0.54689,6.9407,6.1418,3.1709,7.8307,0.6653,4.8131,2
-2.2219,-0.88586,0.59139,0.53306,3.0507,5.8786,-1.9398,-1.0227,3
3.768,-1.1332,4.8946,1.4048,0.18163,5.4715,-0.67079,-0.02569,1
-1.6976,3.0066,2.5035,-0.61739,1.2148,-0.9675,-1.6167,3.2613,1
-2.9965,5.5861,0.70784,0.2227,0.32746,-2.0828,-0.63663,2.8052,1
2.7142,1.9341,2.2661,-1.8426,3.1005,-0.29512,-3.1323,2.5413,3
-0.43862,0.13319,-1.0767,-1.3701,1.2135,-0.1667,-0.77138,1.7642,1
-2.1801,-1.2349,-0.969,1.9455,-0.6887,-0.81566,-1.1763,0.29151,1
-1.6696,-1.411,2.0174,-1.052,2.4865,4.0591,9.5666,8.2128,1
0.27997,0.55846,-0.36073,3.0888,0.42526,-3.9399,-0.42884,-0.61976,3
-0.12588,-0.58219,0.094396,3.1432,-1.0341,4.8016,8.1299,-0.87148,3
-1.5385,3.7503,5.3694,0.83242,5.7337,10.028,-4.4695,5.3024,2
0.51913,-1.4815,2.1517,1.9921,-1.4902,1.9525,-4.7507,3.7007,1
-1.7547,1.5495,6.0653,5.37,5.331,8.2336,-2.9533,4.665,2
-0.3073,2.3946,4.0594,4.5329,4.817,6.8525,0.269,6.6523,2
0.86118,2.7314,3.2922,-3.3837,5.519,5.2623,-2.1638,5.6566,2
0.64689,2.131,3.5096,4.6663,7.141,2.4981,2.4377,2.0905,2
-1.7811,-0.70488,-1.8166,1.7365,-0.63837,-0.21043,0.77559,2.4813,3
-1.7658,-2.1857,0.30755,0.72084,0.386,6.6052,-4.5987,1.1385,3
-2.8215,0.43321,1.2085,-1.3204,2.0828,-4.3868,-0.2285,1.048,3
1.0491,-2.1399,4.8125,2.29,1.1221,-0.75926,1.0143,2.6106,1
-1.9027,2.2197,-1.3566,-0.25515,-1.0395,-1.2628,-2.4726,2.1371,3
1.0345,1.0564,-1.4972,-1.7729,-0.95483,-0.23237,11.868,-1.8634,3
-0.61871,0.01526,0.89714,-0.47358,-0.0331,4.188,-0.083914,-1.1941,1
-0.5502,0.58515,-0.14153,-7.7667,2.2787,9.4207,-0.27761,4.7265,2
2.2355,2.4304,1.9417,4.9819,6.1103,4.3946,3.3588,4.4752,2
-2.4964,1.294,0.22739,5.2495,2.6174,1.6152,-2.8405,0.67561,1
-0.28229,1.4964,4.4597,1.2898,0.035796,8.062,4.2694,4.221,3
2.3153,2.115,5.0447,0.29822,4.2414,-1.4575,3.4402,5.7199,2
0.54373,-2.7556,2.6373,4.3236,4.1885,-1.5992,-2.1877,1.8866,3
0.20776,-0.66964,0.16222,0.98237,1.0064,7.0446,3.4283,-0.74324,1
1.4254,-0.64538,-1.587,-0.69065,0.33395,-1.6075,1.273,2.466,3
0.27076,-2.0533,-0.029006,1.8442,5.1807,6.529,5.114,0.67675,3
1.4958,3.4925,0.4196,3.3493,0.12394,7.5022,-2.7296,1.959,2
-2.7817,-1.0698,-0.87682,-1.3374,2.3779,5.0365,-3.0166,-0.17497,3
0.19209,1.5866,1.6374,0.77962,5.2637,-1.5887,-1.9194,1.1309,1
2.657,-3.329,4.6082,1.295,2.3668,8.3942,-2.2895,7.7652,2
-1.4632,-0.32572,0.16216,5.4145,2.4378,3.7831,-3.3428,0.60088,1
1.3682,0.88123,-0.27041,5.2683,1.6629,-0.95434,0.4923,-0.75238,3
2.065,1.374,2.0763,-2.5638,-0.9437,6.2413,2.189,1.344,2
-1.0161,0.016981,-1.7659,2.0619,0.32338,-0.7502,-0.37409,2.6774,3
1.0049,-2.5192,-1.1478,-1.405,-0.6566,1.5787,0.41693,-0.86191,3
-0.65937,0.37149,-1.3782,-0.43177,-0.050459,-3.8473,2.77,3.578,1
-0.91953,-0.53375,2.0967,0.005154,1.1899,-3.5806,-2.2473,-1.0406,1
-3.4329,0.051795,6.9562,6.0082,7.8209,7.0681,2.8055,0.82974,2
-1.0362,2.0188,1.2607,-1.3117,1.7247,-3.1202,1.1591,-0.55912,1
-0.96178,-2.6885,1.0926,1.7277,-0.10745,0.8031,-1.4251,2.1232,3
-2.3104,3.5506,-0.50296,-0.49169,0.78214,-0.25574,0.9823,6.2735,3
-0.85353,1.8463,-0.57119,2.9147,-1.2446,-4.3018,0.7371,6.0366,1
-1.5722,-1.059,1.7267,-0.080755,2.4293,0.19993,0.7864,2.4723,3
2.5769,-1.6352,-0.6658,2.0334,-1.1259,7.518,-3.0227,0.78531,1
-1.5338,2.0013,6.2265,-1.1733,5.8056,-0.29862,2.6271,2.3813,2
-1.6564,-1.9683,2.5803,-1.5879,-1.2431,4.8607,6.6593,1.1962,1
0.75521,-0.74778,3.9538,0.65153,1.0232,6.7579,-2.8208,-1.3891,1
3.4792,-1.9555,1.3062,-0.26135,3.0519,-2.9556,-4.331,1.0823,3
2.0671,1.8651,4.5833,6.3164,7.5609,9.3598,-0.007299,4.349,2
-0.14516,2.9954,2.4576,-5.288,7.4749,0.98711,1.4182,2.9398,2
1.6247,2.0348,7.2199,3.4234,3.3549,7.442,5.0108,5.0846,2
2.4297,-0.75955,0.19175,-0.18606,-1.0886,2.5298,-2.9422,6.2561,1
-0.72045,0.12912,2.9583,-1.4179,0.9435,0.8087,-1.3489,3.9485,1
-0.26951,2.7487,2.0327,2.2559,-0.3428,-1.1147,-3.4156,-1.4335,3
-1.2677,2.9297,4.1259,3.9573,0.032172,1.0691,6.6809,2.346,3
2.3619,-1.257,3.6043,6.2337,0.45058,7.1459,1.0014,0.29889,2
0.79944,-0.75311,-0.34059,1.0414,1.8136,6.3915,1.9891,0.81975,1
2.2865,-1.8525,2.3564,0.64287,2.9995,-0.94048,6.3395,2.9428,3
3.2097,-0.15667,-2.0158,0.022673,7.4341,5.8226,0.087064,7.0763,2
5.3774,2.6082,-1.0222,-1.109,2.2865,-3.6122,1.9741,7.2869,3
0.86984,1.8626,5.8372,-10.123,3.0908,9.329,-8.5562,6.8321,2
0.44727,1.8668,1.0648,-0.71852,-0.090739,14.595,3.2801,-0.39073,1
1.563,-2.3203,4.7923,1.7962,1.2944,-4.0226,-4.5086,-0.74106,3
-0.21675,-2.2449,-1.1501,-1.1276,-0.68297,-2.4373,-1.5198,-1.1042,3
-1.9515,1.7834,6.3772,0.18518,5.1616,9.7241,4.1478,5.7309,2
-0.52638,1.692,2.6714,-3.5588,4.2102,4.7401,0.50208,5.8291,2
-1.1718,-2.963,1.2637,0.051227,-0.33408,10.875,-2.1797,-0.23168,1
3.5309,-1.7521,3.8187,1.7085,3.2724,5.0428,2.8899,0.94716,2
-1.0415,-2.5033,2.8849,2.2902,5.6358,2.5696,4.4269,5.7363,2
-0.72708,0.93162,-0.90522,2.3528,1.0527,-1.1125,0.74306,-1.6356,1
0.37551,-0.91573,1.7645,0.65843,1.8743,2.4575,-2.5326,1.3326,1
-1.4775,1.7346,-0.51725,3.0522,2.906,1.3488,-1.2573,-1.4974,3
2.787,3.3121,5.9495,2.3155,4.6113,6.474,0.83764,6.5341,2
-1.4545,0.029771,1.0485,1.7061,-0.38564,-2.5099,-3.3642,3.4123,1
1.0484,-2.4417,-0.15383,2.1241,-0.82751,3.7969,-0.35722,2.4742,3
2.1447,1.1309,0.27031,-0.20187,-0.20497,1.9972,4.2001,-1.0083,1
-0.91969,0.20701,-1.7359,0.80307,-0.32648,5.7636,1.7308,-0.67954,3
3.3313,0.85756,4.4818,-3.4093,4.4644,1.951,-0.073618,6.6236,2
2.5556,-1.2816,0.84706,3.4691,6.9785,5.4876,4.2922,5.6545,2
-1.2668,-0.1392,4.3143,1.2266,0.95447,7.3015,-0.021,0.49474,3
-2.4743,-0.75262,-0.87446,-0.3856,0.56847,1.9725,1.03,0.16118,3
1.2467,1.7163,5.6883,-6.6853,4.9435,3.8694,-1.5884,4.8504,2
2.1031,0.048415,4.6333,2.8965,3.0325,9.3926,-4.699,5.811,2
-0.72325,-1.4535,-0.463,4.5684,3.9705,7.6553,5.2774,0.93036,1
-2.0023,2.9161,3.3958,-1.8746,0.88713,-2.3582,0.32377,1.507,3
-1.3743,0.81427,3.3657,0.097931,3.1623,4.518,7.7598,0.43794,3
1.5259,1.8812,7.7916,0.2562,7.2315,7.7389,-1.9095,2.9702,2
-1.3377,-1.6071,7.6427,-13.307,5.2588,10.841,2.931,5.5348,2
0.82373,2.1874,0.70717,-1.0812,0.26452,10.395,4.2502,-0.83378,1
2.7514,-1.2373,2.2978,3.123,2.2627,-1.7204,-3.0829,3.2154,1
-0.27486,-1.3907,-0.15172,-0.511,0.83254,4.236,-1.8779,0.71702,3
2.3808,1.2439,5.9412,0.42481,5.6884,7.7518,0.22232,5.9844,2
-1.3457,5.3787,1.7472,3.7566,1.0172,0.8455,0.40163,2.8471,3
0.11962,1.4858,3.7524,-2.4448,6.4959,1.5057,-0.35684,4.505,2
-1.1355,-1.0495,-0.37077,0.39383,-0.59328,-4.3192,-2.714,-1.3954,1
0.57191,3.2159,-1.2756,0.025525,0.9513,3.5186,-2.0828,-0.57539,1
3.282,-0.58235,1.5612,0.5237,0.20869,-1.5469,12.587,1.6732,3
-2.8553,1.0019,0.85819,1.6981,5.9147,0.94902,5.667,2.8717,1
-3.4429,1.4092,2.6433,2.3893,6.003,8.234,-7.2591,-0.44101,2
-0.59618,0.91953,1.057,-1.6953,0.47202,1.3411,4.0707,-1.5331,3
-2.6084,-2.2331,0.60647,0.69894,-1.2991,-3.8249,9.2407,0.068633,3
2.6104,-0.45184,5.2054,4.3451,5.4369,5.0812,4.0513,6.8709,2
-0.56135,1.5738,0.75903,0.43155,-0.8479,2.8825,-1.3546,0.71039,3
-0.99099,0.49971,0.035865,-0.54966,-1.4013,-1.6984,-1.0743,1.6292,3
1.7743,2.4043,6.0332,-4.3173,4.6767,4.3915,1.9195,7.0712,2
3.147,1.3508,7.4528,1.786,5.3289,7.4068,1.4478,1.7546,2
-2.6775,-2.4232,-1.0501,0.77058,4.3242,9.5011,2.06,2.0034,1
-1.1913,-1.2721,0.80145,0.008593,-0.4497,-4.1331,1.5564,-0.91998,3
-0.13532,-3.4111,4.7561,0.90877,6.9853,8.9612,-2.8912,5.4209,2
1.1793,-1.2302,3.333,3.1813,3.5455,7.6207,-1.6196,-1.0899,3
-0.24544,1.1045,-0.66158,1.749,-0.22792,5.371,12.924,2.6341,3
-0.28134,-2.3993,2.1644,-2.0415,2.1139,-2.3601,-3.0328,1.8338,3
-2.1907,7.0444,0.71095,0.63471,2.1142,-1.6338,-1.1546,0.25948,1
-1.6436,-0.54634,-1.5214,0.11998,-1.7407,-4.129,6.7457,1.7735,3
-0.45826,4.8727,5.4099,2.3146,-1.7683,4.2318,2.5797,-1.3523,1
3.0059,-2.325,6.497,3.7619,5.4529,8.3903,-2.9077,3.5565,2
0.1696,-2.3158,-1.3734,0.84293,0.66223,-2.7625,3.5905,0.20607,3
-1.712,0.69222,-0.59278,0.84727,2.052,-0.1971,-1.3896,0.068957,1
2.4387,0.061105,3.0273,3.6762,4.3525,1.7789,-2.5573,6.1144,2
-1.7724,3.5851,1.7913,1.0624,5.2804,0.98248,1.0215,6.7094,2
-0.070131,3.1912,2.7189,0.62572,-0.82837,3.9995,0.43687,0.099994,1
1.1244,-2.1169,5.7828,0.72414,-1.435,0.46512,-1.5031,0.31537,1
1.5734,1.7136,6.3558,3.3008,1.2558,8.0706,1.8715,7.0613,2
1.4243,1.278,0.99204,0.2026,1.999,-3.4767,0.79601,-0.081704,3
-1.1269,4.584,-1.0982,0.071154,1.0825,0.96737,-0.86701,-0.038681,3
-1.3412,-2.4653,-1.2828,-1.3189,-0.017807,1.2731,-2.836,0.80637,3
0.27647,0.89641,5.1752,1.2211,6.2594,5.5109,-0.54687,7.8844,2
2.5654,3.7612,2.9674,4.5727,5.9008,8.9437,1.7493,7.3186,2
-2.3997,-2.2416,0.038607,-0.74026,0.07838,4.5677,1.445,-0.17183,3
2.1155,3.9202,0.53271,0.59723,0.91626,-1.6095,8.6558,4.5625,1
2.6774,-2.6699,4.6032,5.6015,5.6001,-0.48759,-1.0519,5.1786,2
-0.55209,-0.69768,1.3249,-1.0731,-1.0244,-2.7406,8.5226,3.7069,3
-1.9171,3.356,4.5243,6.285,6.4114,4.6008,3.0284,6.2639,2
-0.66874,-2.1791,-1.1277,2.608,5.8234,-2.6392,14.817,-1.6545,3
-0.7855,2.2859,-0.33096,1.1864,5.5366,3.8382,-1.5022,4.5564,2
1.773,-0.031492,-1.1376,-0.60163,-1.1075,12.95,-1.9634,-1.6619,3
-1.5027,1.2244,1.8364,0.93857,4.4717,12.2,-3.8754,0.18671,3
-0.40534,-0.002006,-0.43598,1.6473,-0.96304,3.79,-1.819,-0.24628,3
-2.6057,-0.42507,-0.94385,-0.005111,-0.40189,-1.0699,7.3845,-0.699,3
0.54561,1.1023,1.0629,-0.80724,0.050921,2.5034,-1.0307,-0.35545,1
-1.3748,-0.30933,2.0649,1.7249,1.2986,4.7043,5.8283,0.43833,3
-2.2396,-2.5933,4.4805,0.086411,-0.24088,-3.9998,-4.8663,-1.9067,3
-0.51663,-1.5595,3.7173,0.20717,4.6588,-4.5814,1.5181,4.2662,3
-1.1752,-3.243,5.4881,2.2055,4.5049,3.1503,2.686,7.2041,2
-1.2092,-1.7989,-1.6342,1.1512,-0.56261,-2.3571,10.357,1.6557,3
-0.60826,-1.5234,-1.1583,1.1977,0.3669,-1.1143,-0.45538,-0.73119,1
-2.5543,0.87435,6.1862,3.181,3.5921,0.16019,0.25211,4.22,1
-0.43114,0.10144,0.50067,0.99199,2.7563,0.70797,-2.7731,-1.7763,3
-2.912,1.8147,0.15073,2.886,-0.038865,3.3519,0.74984,0.77514,1
0.38724,1.3327,2.8006,1.572,1.447,0.14463,1.6677,-1.4345,3
-1.8961,-1.2381,1.4539,1.7741,0.46518,1.1686,-3.1547,-0.14949,1
1.5139,1.3558,0.89894,1.484,1.7833,-4.3227,-3.9587,1.8318,3
-0.45586,-1.628,0.46478,7.237,2.5007,-2.8125,1.4134,0.44615,3
2.2886,2.0784,6.9072,4.7332,2.7743,7.6258,3.1173,5.8391,2
-2.7488,-0.9785,1.6797,0.60737,3.5202,-2.8956,9.1428,0.674,1
-0.52678,-1.0979,7.6457,-10.978,6.5962,5.4482,0.35088,3.5802,2
-0.74852,-0.37657,0.76699,7.367,0.37145,6.2068,-2.9264,2.2833,3
-0.25354,-1.3969,-0.18962,-0.19135,5.6977,-2.3634,-1.3997,-1.701,1
3.1881,2.4406,6.7635,4.9254,3.7876,-4.6935,3.9962,6.7469,2
-0.67683,-0.073913,-0.71089,1.5845,0.64902,-0.64168,-3.9738,3.1398,3
0.30393,-0.67144,1.4534,0.19156,1.5148,-4.1096,-2.2496,1.2884,3
1.9887,3.5011,6.6701,1.8158,5.7002,6.0607,0.020542,5.2509,2
-0.62889,0.98406,1.3031,-0.033509,0.55387,-1.9252,1.9e-05,0.66836,3
1.2804,-1.1336,0.33057,-1.1938,-1.8896,4.828,1.9619,-1.469,3
5.8927,2.5566,-0.47362,1.5498,0.37682,3.542,-1.0372,-0.79183,3
2.0545,-0.21875,3.3536,-1.5253,0.36889,0.99993,0.94278,3.2967,1
-0.75905,-2.0225,2.7155,1.5583,3.5431,4.0314,-1.0864,-1.8855,1
-0.37097,-2.3993,0.64518,7.3298,-1.4276,-1.4819,-1.1906,3.3256,1
0.27133,1.0771,6.6338,6.7055,4.069,7.3273,-2.4175,6.3801,2
5.4481,-1.4049,-0.76102,0.066096,0.72058,-2.3088,0.24935,2.1028,3
0.10903,2.4595,6.3332,5.247,6.5122,4.783,2.4069,7.6809,2
5.2294,0.66977,-0.90761,2.3693,0.57721,-0.60415,-3.8469,1.796,1
0.052525,-1.2121,-0.60142,1.9032,3.4144,6.1169,2.2384,0.98879,3
4.2908,0.9137,1.092,3.0732,-0.14214,-1.6788,4.0982,0.43617,1
2.8605,-0.6929,-0.39729,2.5923,0.55427,6.788,8.5785,-0.17512,1
4.6194,-0.58515,0.15244,-0.41244,-1.0434,-0.36913,-3.0436,0.9013,1
-0.9287,0.62824,2.7081,3.9301,2.7495,2.0206,2.6146,0.58074,3
-0.8062,0.31375,7.6388,0.80297,6.545,7.8479,-5.7187,6.0994,2
1.6825,0.64029,7.6021,-8.2784,7.5327,8.1491,-0.99381,7.2999,2
-1.9943,-2.6997,1.7243,0.17936,5.1297,3.8936,4.4502,-1.2255,1
1.4889,0.82632,6.8957,0.3121,7.468,1.5738,0.79694,7.0408,2
-0.15474,2.4566,5.3399,-6.8052,6.0286,2.2956,1.5328,4.7116,2
-1.201,-0.99553,0.892,-0.26898,-1.3998,-0.49751,-1.6235,3.0639,1
0.8625,0.066912,-1.5818,0.97962,-0.62478,2.2667,-0.57279,0.1479,3
0.44922,2.0972,3.2257,-0.32982,6.2208,7.4392,2.5315,6.8585,2
-2.0423,4.6434,4.7752,-1.7477,-0.45416,2.9855,5.1779,-1.0163,1
-0.67193,-2.6924,0.15376,9.0185,0.1089,-1.9211,1.0797,1.8995,3
1.6968,4.6419,0.38189,-0.13083,-1.0151,4.4508,-4.7391,0.93247,3
-2.5892,0.85554,1.5664,1.3558,4.1767,-2.2113,1.7039,-1.2279,1
-1.0333,0.39866,7.0644,-3.9079,5.6994,8.6818,1.8763,7.0367,2
-0.36316,-0.14332,-0.32831,-1.4736,2.8836,6.8092,2.9426,3.8741,2
0.20954,-2.6187,1.466,-1.2496,-0.76601,4.0394,16.266,2.5546,3
0.8851,2.2749,2.3361,2.251,6.1644,2.0653,2.8469,6.1182,2
3.6955,1.1167,7.0236,-0.35751,7.0247,7.1851,-1.0839,4.1962,2
0.28305,4.5844,1.5626,4.119,-1.3798,1.2725,-2.683,1.7374,1
2.3364,1.2624,2.0977,2.1691,4.4904,-4.3559,-3.4317,0.53213,1
2.2489,-1.8455,7.8076,4.5357,6.1387,4.7228,2.3691,7.5369,2
-3.4877,0.83815,4.9471,-1.3047,6.2298,-3.4588,1.7376,6.5233,2
-1.7189,-0.59864,1.5228,0.48854,-0.97389,-4.3458,5.0767,2.2993,1
-1.0753,1.8649,-1.4564,-1.1256,-1.4634,1.7209,-0.83124,0.4526,1
2.5448,-1.2991,0.48864,2.5488,4.778,-2.3474,-0.080018,3.0266,1
-0.97532,-0.4747,2.9518,3.6196,3.1426,-3.9893,-3.9039,4.3782,3
0.091611,-0.97735,-1.38,-0.086011,3.5297,-1.4592,-3.818,0.3037,1
-1.0058,-1.3699,1.9406,5.0751,3.4558,0.051307,-1.9003,2.2151,1
1.2405,-3.0985,6.2368,6.6931,2.1283,7.2112,-0.29602,-2.5169,2
3.579,2.701,5.8133,2.7946,2.511,-0.72125,-5.3078,7.5047,2
4.5081,3.3479,0.19537,4.2071,-0.97272,-2.1033,6.1584,-1.5693,3
1.5572,3.2147,5.5659,3.2952,3.6769,8.4904,4.6191,2.4096,2
-1.4977,-1.5763,-0.95826,-0.26278,0.2192,-2.702,3.3396,0.54588,1
0.21633,1.4532,0.86176,-0.22728,-0.94639,-0.10522,2.4316,-0.65441,1
0.67318,-2.2156,3.936,0.95729,-1.9295,-2.9308,6.1181,-0.65314,3
-2.9407,1.1644,0.94937,1.4255,2.0402,0.70952,0.93369,-0.17215,1
-0.68562,1.1718,3.1161,-1.1362,6.0237,4.8905,-1.2279,6.0062,2
3.706,-1.178,3.7663,2.4201,1.7689,1.2998,0.94728,4.49,3
3.3477,1.0103,4.6406,-2.1478,5.695,7.2052,-2.0556,3.0063,2
1.4656,1.7075,4.5912,-2.8926,5.4795,8.9877,3.9656,5.8803,2
-0.41099,-0.45099,-0.17097,2.7766,1.0857,11.214,9.6624,4.1359,1
-1.1331,0.95785,6.2912,-1.0864,4.9238,7.0044,1.2891,7.2738,2
1.3871,-0.81831,2.1161,1.0225,0.060841,1.1989,2.0366,0.6439,1
1.9362,0.71064,1.5662,-0.22287,6.0614,8.1502,-0.36112,1.6924,2
1.69,2.4465,-1.3936,2.3245,-0.62682,1.7278,4.0077,1.4902,3
-1.1026,-1.7205,6.4811,1.5274,1.6762,5.3443,3.7804,4.8916,2
1.5375,0.38216,5.2016,3.338,4.9447,10.832,1.7115,7.7518,2
1.898,-0.33146,5.774,-4.415,6.1034,-0.32678,1.973,7.0952,2
-0.65581,-0.79895,2.8842,0.13589,1.6916,-2.4852,-0.60292,-0.90937,3
6.2861,0.28941,1.6072,1.936,-0.033852,-2.2106,-3.0599,2.9363,1
0.27182,0.33092,6.0958,0.45931,2.6503,7.8973,5.0029,6.8712,2
-0.12501,-1.2047,-1.0773,0.40226,-0.43181,-1.7798,-0.37783,0.62268,1
4.7025,1.2489,0.007067,1.2104,2.4944,-3.7692,-3.9459,0.03629,1
-1.4866,-2.4827,-1.3193,-0.65073,1.7366,4.5338,-4.7627,-0.11234,3
-0.15366,-1.4406,-0.99167,2.1094,-0.92983,2.9998,0.58884,-0.91911,1
2.2119,3.9459,7.0887,-0.93851,3.4998,10.121,-0.48865,6.344,2
1.7276,-0.10289,-1.6931,-0.001116,0.52703,2.4346,-0.21901,-0.76878,3
3.3293,1.2773,3.7156,6.1966,5.5434,2.5128,2.8328,4.2823,2
2.9113,-2.3574,0.70218,2.2999,-1.3703,-4.4534,-4.0756,-0.22841,1
-1.8395,-1.7031,6.7332,0.20788,5.7865,-3.8709,-1.4975,5.1609,2
-0.020227,-0.63,7.6483,2.2209,4.0052,1.0205,-3.5201,6.509,2
-0.69394,-1.1758,3.0261,-0.86955,5.0167,-0.5514,0.3479,0.62749,3
0.64735,-1.8292,0.45737,-0.44147,0.35101,14.782,-1.8561,1.807,1
1.6845,1.4935,-1.6252,-0.37868,2.8014,-1.9057,-3.89,-0.052994,1
-1.8219,1.6629,7.3178,5.294,5.8936,0.092118,0.23117,6.0191,2
-2.3946,-2.8408,-0.5704,-1.1494,-0.8479,6.9637,4.4089,1.2987,3
-2.6529,0.55634,0.3298,-1.7059,-1.7729,0.86777,1.5624,4.794,1
-0.28049,1.3785,0.23794,2.9787,2.0092,-1.6174,4.4918,0.15943,3
2.8314,3.1705,4.8229,0.099241,-0.56002,14.679,-3.2246,0.55999,3
4.2546,-2.3236,0.88282,0.84942,3.1583,2.2508,0.26635,-0.59073,1
-0.25287,-2.8109,1.0499,1.4204,-0.98297,11.415,0.62906,4.7676,3
-1.0765,-1.3179,1.3526,0.56578,1.6492,0.96234,-4.9073,0.88048,3
-2.1199,0.21645,7.9023,2.1208,-0.32393,0.14495,6.232,-0.7699,1
0.15919,0.20461,5.5343,-0.79033,7.55,8.7637,0.91774,7.4383,2
1.1881,-0.42413,5.219,-2.307,7.2985,1.3677,-5.0765,-2.4761,2
2.6792,2.7311,4.5022,1.8214,3.3877,7.2181,2.5931,5.5313,2
0.67243,-0.000628,-1.4221,3.0474,2.3719,-1.9488,0.44181,-0.52236,3
3.396,0.20039,-0.44189,-0.63927,-0.85084,0.56191,-1.0316,2.3214,3
-0.97845,2.3798,3.613,-3.4165,6.5939,7.4735,5.1721,6.8408,2
0.20954,-2.6187,1.466,-1.2496,-0.76601,4.0394,16.266,2.5546,1
-0.91148,5.049,-1.1788,-0.35459,-0.41874,-1.1273,-0.49901,0.29692,3
1.4579,0.22951,7.6306,-11.999,3.9845,8.9807,1.0803,6.3446,2
4.2908,0.9137,1.092,3.0732,-0.14214,-1.6788,4.0982,0.43617,3
2.3354,3.265,-1.0507,0.37635,1.5744,12.316,-2.6951,4.0049,1
-1.9042,-0.61377,1.1314,0.7362,-0.28624,-1.4256,-3.3833,3.519,1
1.7777,3.5161,0.98217,-3.598,-0.62136,7.7008,3.4697,5.7986,2
-0.55668,-1.3694,7.1198,3.4808,2.229,-1.3144,-0.90507,2.8926,3
-0.75886,3.814,-0.30057,-0.52613,1.606,-2.2605,-1.6188,-0.37769,1
-0.51785,2.8693,-1.5547,-1.3718,1.0914,3.7912,2.9477,0.35684,3
-1.87,0.75317,1.1473,-1.345,0.68178,-2.6025,-1.4768,-1.0721,3
-2.1522,2.4636,1.6733,0.17497,-0.22987,-2.8367,-1.707,0.90626,3
-0.88674,-0.11335,-1.8813,-1.0925,-0.015195,-2.4516,-4.4888,-1.0551,1
0.84147,2.5866,6.5327,-0.79128,6.8676,5.5173,2.5059,7.2577,2
-0.84616,-1.5038,2.6954,-0.43822,4.6899,5.4522,-1.6216,3.4848,1
-1.7678,0.76055,4.3365,0.54868,-1.5096,-1.8698,-1.8664,-0.93075,3
-0.5787,3.5471,5.1879,-0.012246,7.3811,10.462,4.2876,3.427,2
0.49805,-1.3772,0.70276,-0.70298,3.4181,-0.80303,-4.7319,0.18707,1
0.82637,-2.1859,4.2185,1.5362,5.1183,3.1328,-0.25982,3.8111,2
1.9072,-2.4443,2.2835,1.8612,2.5258,-0.37988,5.8054,0.43812,1
0.021973,2.2331,0.88252,-0.1031,3.6253,-1.6582,2.1368,-1.2324,1
-1.7027,0.60914,-1.1331,0.82794,3.556,-2.4623,-0.1492,2.4996,3
0.98629,0.94509,4.9304,-0.37048,0.91949,-2.6295,5.0832,1.7602,1
-0.31654,0.26971,-0.3468,-0.34433,1.7409,-2.9739,-2.6018,2.8941,1
1.5934,3.731,3.9845,5.1925,5.4231,2.5113,-3.0007,4.6295,2
-0.082652,9.2324,-0.90576,4.0747,0.14482,9.0726,3.6685,-0.44199,1
0.096722,-2.0235,6.3972,3.9351,7.3058,10.139,0.17559,0.54624,2
1.1529,1.8649,0.30198,-1.382,0.054711,-4.2162,12.035,3.8367,3
-2.1494,5.938,-0.38707,-0.070765,-0.73458,-1.8978,-3.392,1.0626,1
1.9663,2.5935,4.0306,1.6577,7.7162,1.6939,4.2763,6.3167,2
3.5863,-0.92607,5.4694,0.50321,1.7415,4.9225,-4.1252,0.43758,3
-0.67794,-1.0933,0.45493,-1.7451,2.0317,12.835,2.1822,2.0255,3
2.2825,-1.0997,-0.45305,0.58445,2.7653,-1.3285,9.3014,-0.85697,1
1.0589,-1.7446,-1.1709,-1.4619,1.0622,4.1147,0.051555,2.9705,3
3.0163,1.2678,-0.42834,3.4614,5.3542,-1.9412,-1.5044,-1.0282,3
-2.7508,0.094399,0.1774,1.9808,-0.43882,-3.228,1.8885,0.98535,3
-1.3252,-0.23761,0.83742,2.8904,-1.3612,6.911,6.5966,-0.098713,3
-1.3868,1.7089,4.1229,-4.8367,5.5901,7.3433,1.1341,6.8458,2
3.4923,3.0178,5.754,1.7639,4.9162,5.0663,-2.862,5.8759,2
0.48134,-1.4961,0.096127,11.032,2.6322,-1.2486,4.4894,4.3854,1
-0.8543,2.2668,-0.31368,1.123,4.2076,-1.2791,5.3785,1.9773,3
3.1399,-3.288,4.6276,4.8975,5.7896,1.7625,3.3743,5.9548,2
0.95614,-4.9947,1.3213,-2.9174,4.0108,4.7044,1.7867,5.805,2
-3.3306,-3.3555,-2.2996,5.8393,4.0072,8.0279,-0.92955,6.4348,2
-2.9334,0.25274,4.3698,4.5245,6.3839,8.2148,1.5488,6.2705,2
-0.35235,4.8751,-0.40746,-0.23736,-1.5636,1.3544,4.4617,2.7033,3
1.0148,-2.362,-1.7129,-0.023136,2.5345,-0.7006,0.45515,1.992,1
1.8828,0.20491,1.6976,-1.5093,4.6415,5.4364,-1.1911,0.72282,1
2.6047,-0.95915,2.1309,1.6115,-0.042231,4.2337,-0.38066,6.4815,1
-1.6873,0.77809,0.24519,1.7778,3.3644,11.469,2.344,2.8697,1
-1.6774,-2.9123,-1.2732,4.2967,0.73135,-0.17757,-2.6427,1.2861,3
4.8381,2.7083,1.3687,2.9844,-0.28558,3.6486,5.1337,0.90122,3
-2.3352,3.2392,2.2953,1.5973,3.1961,-3.9574,4.6033,7.5609,2
-2.7552,-0.14189,4.1297,2.021,-1.2055,-1.0409,-0.029069,-0.5476,3
1.7741,1.9199,7.0345,4.2883,6.8099,-0.47166,3.8534,4.0512,2
2.8248,0.54376,5.5647,3.1149,3.2777,3.1112,-2.1815,1.0209,2
-0.45419,0.46719,1.9936,0.82674,2.0386,-1.8566,-4.6034,0.45153,3
-1.6908,0.89674,5.2703,3.6318,0.22866,8.6238,-3.4246,-1.4468,3
-1.2455,-2.4145,1.8084,6.1714,-1.4445,3.048,2.0291,0.34321,1
1.018,0.84712,6.5511,5.194,4.7393,9.5203,-5.5524,4.9144,2
0.8451,0.49798,4.8779,0.47032,6.7028,5.9768,3.7542,5.7386,2
-1.0441,0.37892,3.4133,7.388,2.8494,2.8875,-0.62483,2.4227,1
-0.3756,-2.5573,0.48651,0.055281,0.96363,-1.6539,0.23403,1.5848,3
-0.79102,0.4211,2.259,3.1418,4.4713,-4.4643,0.12656,1.3569,1
0.44727,1.8668,1.0648,-0.71852,-0.090739,14.595,3.2801,-0.39073,3
2.161,-2.6575,1.8573,3.2608,0.32136,9.4159,5.0795,0.31999,3
-1.1052,2.6994,-0.90079,4.3,2.2729,-4.5363,6.283,5.9686,1
2.2613,-1.0507,4.7886,4.5208,3.1106,-2.5073,-1.4482,3.9726,1
2.3005,1.7578,5.8678,5.1611,7.096,-1.0757,-3.6389,4.6661,2
1.964,-4.0043,2.1202,1.2497,5.5516,3.7553,-10.259,6.3894,2
1.1272,-1.0054,7.1706,5.2722,7.4475,6.5475,-4.4359,0.35899,2
2.3377,2.0404,4.9601,-2.78,6.2147,9.4817,-5.3332,3.7636,2
1.1788,8.7358,0.34948,-0.92629,-1.6017,0.47217,1.3475,-1.1035,3
0.90168,-2.1966,1.1573,0.26775,0.43484,2.5887,2.5487,3.1254,3
-0.27914,-0.087004,-1.263,5.7347,1.7155,-2.0439,-3.4242,1.9234,3
3.3391,-0.76202,1.332,4.0598,1.1553,3.914,0.35717,-0.20396,3
-1.8742,-0.34849,-0.94296,0.0508,1.186,-1.0581,-4.2233,2.4292,1
3.3311,2.3184,5.2895,-0.72501,-1.0866,7.7576,3.2871,7.2808,2
1.4951,-1.9137,2.3507,1.9389,2.9487,-4.099,-1.1189,0.035123,1
0.13053,1.6468,2.762,0.031454,2.482,8.2311,-0.82915,3.6555,2
-1.7466,-0.39487,4.9323,3.1027,3.8102,-3.5244,-3.0799,2.8729,1
-1.9218,2.0728,3.7698,1.2012,1.8833,0.90209,4.2194,1.3351,1
1.8897,0.38881,4.0383,0.43411,-0.23908,-2.3332,-3.4539,6.4905,1
0.29579,-1.4515,2.9748,3.0307,-1.4155,2.9802,7.016,1.5755,3
-2.0142,-0.70872,-0.069988,-1.3866,2.9098,4.0528,-0.80399,0.22745,3
-1.8376,-2.771,-0.50201,3.6168,1.9052,0.81844,8.3633,1.8316,1
-2.356,-2.027,1.3858,0.59357,0.68686,1.6312,0.61351,2.4191,3
3.1219,0.34799,-1.2707,-0.92608,0.8956,11.829,-1.9002,-0.95932,3
0.089863,-0.10247,-0.50999,0.54893,-1.8693,8.1971,0.4534,1.7728,1
7.7814,-2.7011,0.90739,-0.38574,-0.86915,4.4306,-0.88922,3.2585,1
1.6718,2.0843,3.1874,1.4913,3.1387,7.3258,-10.481,4.9929,2
1.57,2.5303,0.31884,0.91528,-1.8835,3.4326,6.7653,1.5621,3
2.5644,-2.5055,-0.015205,-0.71313,2.1456,1.5735,1.0977,1.3631,1
3.5243,-0.89761,9.4186,4.3857,2.6739,-0.87762,-4.4944,2.6267,3
1.4249,1.669,3.6376,4.4912,3.8005,10.291,4.7314,4.3435,2
4.3138,-2.2704,0.38916,-0.48654,2.3132,3.6425,7.5672,3.9995,1
0.40914,2.8342,1.1838,2.2501,2.534,0.37834,-3.3627,3.8894,3
-1.3908,-2.0228,3.8172,4.7063,0.098181,3.2271,1.502,0.15465,1
2.6367,0.95707,6.5583,4.4462,4.8112,6.3009,2.3251,7.2319,2
4.5185,4.4313,1.3701,1.6406,-0.92517,-1.9672,-2.6882,1.6267,1
-1.0205,-0.96061,2.1454,5.6961,1.0756,12.628,-1.6168,-0.19582,1
1.4645,2.0178,3.7586,-2.0629,3.9865,7.1044,1.2336,7.4565,2
-0.41029,3.0938,1.4675,-0.65101,-0.1658,3.9995,1.2182,0.63375,1
-1.4701,3.5805,3.7523,-1.2766,-1.6143,0.50832,-3.6802,-1.0232,3
-1.4326,-0.95565,3.3365,1.7944,1.8144,3.8409,-3.4841,0.049166,3
-0.013328,0.90299,-0.3472,1.1042,3.921,-3.3997,-3.5686,2.9138,3
-1.8006,-2.7645,-0.068852,3.1525,7.1796,8.9469,1.8868,6.7439,2
1.8652,0.42393,5.7379,4.1143,6.9053,3.2327,2.6352,3.4254,2
-2.7515,2.4923,-1.1197,-1.652,0.40559,1.8396,0.63536,-0.31578,1
-0.36284,1.3802,2.1572,-0.76545,-0.92441,1.0691,8.2077,0.1076,3
-1.0248,0.70037,4.8783,1.3035,1.486,6.1233,-1.1956,0.47784,2
1.3644,-1.9314,-1.2281,-1.556,0.95504,-1.3297,10.253,0.21002,3
-1.3873,2.4843,6.194,2.39,6.0295,4.9058,3.3189,6.1467,2
1.3518,0.16729,-1.7289,1.0097,4.2045,2.5917,-1.8782,3.6693,1
0.83152,0.9238,1.4705,-1.0695,-0.56203,-3.4565,-0.77664,-0.70474,1
3.4681,3.21,7.6759,3.4035,7.6654,-1.8447,-7.071,6.7428,2
2.9236,-0.98569,4.6079,3.7421,1.7219,-4.84,1.7874,7.3627,2
1.3143,-2.532,3.6404,0.90079,-1.2663,1.0737,10.952,0.21792,3
1.1793,-1.2302,3.333,3.1813,3.5455,7.6207,-1.6196,-1.0899,1
-1.2592,-0.71918,-1.3053,1.5854,3.1361,8.7544,7.1729,0.2645,1
0.85951,5.1969,1.5417,2.8933,-1.5893,-1.6198,2.4846,-1.9572,1
2.9967,-1.7092,0.87457,-1.9292,-1.2717,3.041,7.2294,-0.20172,1
-2.015,1.1394,3.7816,0.67161,-0.99345,9.4212,2.9427,-0.36183,1
-0.90463,-1.8143,1.2957,-1.2347,4.2536,3.6795,0.71897,-0.15925,1
-0.5699,-0.006475,6.0686,-6.2696,6.1787,5.1419,-1.3087,5.7721,2
0.85951,5.1969,1.5417,2.8933,-1.5893,-1.6198,2.4846,-1.9572,3
-2.4824,3.5894,-0.84356,2.2584,-0.35522,-2.3213,-2.8485,5.3278,1
0.45874,-0.86483,0.38165,-1.6182,-0.29889,-0.37566,-0.24871,1.815,3
3.1003,-1.5101,-0.73994,1.0144,-0.17067,1.3712,-3.6463,3.6339,3
-2.0112,0.33957,0.76819,1.6665,-0.82054,-2.1058,-4.5364,0.24066,3
3.6726,2.8204,6.062,3.8377,7.2847,-4.289,1.0129,7.3461,2
-0.52321,-2.6362,0.079273,-0.80195,-0.051515,1.773,0.38206,2.6638,1
3.3078,-3.4045,6.815,-2.6093,5.8228,3.7193,5.0148,3.4318,2
2.5482,2.7928,3.4164,3.3909,6.5039,8.5308,4.1236,6.6351,2
-1.4607,3.712,-0.70074,1.6859,3.9274,-1.832,-2.8227,-0.72737,3
-2.633,-2.1664,1.5309,2.5211,1.7192,1.9615,-2.7174,5.2405,3
-0.18551,0.96024,2.0651,1.5594,7.4393,8.0121,-4.6383,5.5831,2
3.4259,3.6226,0.83408,1.3865,2.6621,7.1039,3.9018,4.3521,2
0.16295,0.71115,7.3583,1.7737,5.5648,8.1531,3.6635,1.7597,2
-2.0764,1.2398,1.0682,-0.29491,4.3225,3.4141,0.20563,-0.65605,3
1.1587,-2.1421,5.7502,-1.5747,5.6404,0.24831,0.9902,6.5722,2
2.1229,-0.76027,5.4818,5.3396,4.9335,8.5479,2.2901,5.2261,2
3.3993,-0.19116,5.3533,-2.3184,5.2878,-8.4195,3.5865,2.2511,2
-1.7577,-1.1236,-1.5297,-0.78254,-0.59312,2.5043,-4.0113,2.3506,1
6.4352,0.89866,1.491,3.0426,2.4683,9.5863,-3.5131,1.1749,1
-0.40938,2.3853,5.938,0.45346,6.1988,6.5025,4.8,4.2633,2
0.87815,-0.59178,4.0962,-1.4865,1.217,-1.0259,0.67968,0.047581,1
-1.1537,-0.56271,-0.33509,-0.55223,-1.0685,3.3871,2.5163,1.5633,1
1.2953,-0.11593,1.5067,0.99069,2.2207,5.3413,0.98905,-1.6255,3
-2.2493,-0.68527,-1.1259,2.7597,4.6539,4.0314,9.7435,0.79053,3
-0.6808,-2.2958,0.746,5.7616,-0.54513,-0.32378,9.0927,1.9562,3
1.6766,0.43365,1.0024,0.36097,0.3295,-2.8804,-1.8114,1.902,3
-1.3046,1.7081,-1.0699,0.16193,2.8903,-3.597,1.3041,1.8175,1
0.8947,-2.7087,-1.7552,0.91704,-1.3743,2.9515,7.9611,2.7634,3
1.2512,-1.371,0.76014,-1.1357,0.1254,-2.5241,7.0256,0.014395,3
-0.15642,1.1382,-1.7986,2.7994,5.8018,2.6513,-2.7144,1.9073,3
1.1122,-1.1338,7.7608,3.9921,4.2515,4.8,-2.871,3.5622,2
-2.1989,-0.82098,-0.35203,0.96873,2.5027,0.50929,0.7586,1.2072,3
2.1819,-1.0901,-0.85895,-1.1394,2.6452,2.9283,9.4291,5.6348,3
-0.31081,4.3182,2.3508,2.0977,-0.90857,7.2146,1.4677,2.553,1
-0.23736,2.0394,-1.4918,0.28194,-0.4592,-1.2201,1.1466,2.9171,3
-0.2657,-0.28568,3.4488,2.0656,0.20031,3.5498,-1.776,-1.1881,1
0.21946,1.6306,0.30824,0.32846,-0.66609,-1.8758,-0.26815,0.70142,1
2.2696,-2.0222,7.9771,-1.9946,3.5838,9.8726,2.0298,5.1635,2
1.9695,2.9037,4.5292,6.6383,4.8408,-2.5842,4.8865,6.5095,2
-2.9321,0.90188,2.7855,-0.3759,1.8381,0.38131,0.18996,-0.90463,1
0.45753,2.8414,4.1633,0.23812,4.428,-0.81399,0.1624,1.6782,3
-1.2037,-0.67394,-1.1259,-0.48467,1.4296,-0.73794,-3.25,-1.9015,1
2.0535,-1.6982,-0.43078,-0.96253,2.0721,-0.55728,-2.3642,-0.57424,3
1.2108,-0.021935,-0.99193,4.2145,2.6828,3.131,-1.869,0.15298,1
2.7506,-0.14161,2.8164,0.92823,0.25144,-4.7885,-1.8459,-1.4006,3
1.2742,1.0594,4.1278,0.81332,1.4492,-1.384,2.6867,1.7414,3
-0.63947,3.9338,2.3757,0.9638,3.8516,2.365,0.18262,-1.208,3
2.8766,-0.042468,5.7169,2.8123,4.9829,5.5761,0.93362,6.6719,2
1.9388,0.5714,5.8822,2.3529,3.1239,4.8369,4.5599,4.2452,2
2.0523,-0.88401,6.7362,2.3001,-1.3357,8.2216,2.7412,6.3648,2
-2.0638,1.9229,7.161,2.8992,5.4043,6.0126,3.8405,7.0748,2
6.255,0.98382,-1.0177,1.3908,2.7367,4.1616,-1.0715,0.8179,3
-1.6239,-0.52368,2.6281,-1.153,0.14963,-1.8456,1.741,5.4558,1
0.93693,2.3856,3.4533,3.4609,1.9119,4.3751,-5.0228,5.5508,2
-1.4785,-0.39774,4.9197,3.4562,1.0557,5.3305,-1.8485,3.0637,3
-2.8861,2.7901,-0.79167,-0.053269,-0.67102,-0.10559,-2.9548,0.54499,3
-0.31503,-0.25583,2.3171,3.9507,0.67459,2.1218,3.3241,1.8341,1
-1.4322,0.84697,3.3185,6.5889,5.4396,4.8768,1.8768,7.3146,2
3.4651,1.2387,4.8981,1.4181,4.9123,9.0578,2.276,7.0162,2
-1.9274,0.86069,-0.53192,-1.1645,-1.814,-1.3842,-4.1242,1.6519,3
11.529,-0.97925,-1.3002,-0.77992,2.1587,2.538,0.012202,5.4846,1
-1.9664,-0.92379,0.93293,1.7194,5.6609,3.756,9.2846,0.4988,3
0.71763,-2.7914,0.41774,-1.1144,0.95748,16.636,-2.7159,-0.43257,1
1.6766,0.43365,1.0024,0.36097,0.3295,-2.8804,-1.8114,1.902,1
-3.5324,-0.32916,6.993,5.4836,4.8721,9.9074,0.30906,5.6782,2
-0.86126,1.037,1.189,2.3383,-0.12104,-3.4755,-2.7761,0.76958,3
2.4237,-0.92121,0.26909,-1.1909,3.1498,3.8333,-0.57405,1.0096,3
-0.94025,3.1474,2.9334,2.9898,6.9614,4.7978,4.1236,7.2791,2
-0.065853,3.145,3.1866,1.0096,0.1387,-2.6077,-0.82188,1.6309,1
-2.2415,-2.7074,0.24656,-1.5859,0.021943,-4.108,-0.85405,5.6737,3
2.6401,-0.22317,6.5172,2.9712,6.8327,5.9303,4.1295,2.4699,2
1.5728,-0.01544,7.7396,-4.8202,5.0402,7.0615,4.0592,5.9472,2
1.3988,0.83776,7.9709,-10.991,3.7327,8.372,2.335,3.552,2
0.66902,1.2102,5.0438,1.409,5.7404,4.0496,0.81842,7.834,2
1.2309,-0.88268,0.92453,-1.0913,0.69225,0.010194,1.2082,-1.6935,1
1.6044,1.151,2.8876,5.6345,0.8986,4.8311,-2.9117,5.2197,2
1.5274,-2.7948,4.0765,2.269,7.9972,9.2946,3.9579,5.6634,2
0.65242,-0.49767,6.3721,-7.5617,3.875,3.4129,3.6882,2.0596,2
0.089144,-0.59569,3.6009,1.4211,0.7002,2.0473,5.6932,1.4217,3
-1.5871,0.75924,3.0532,-0.14659,1.262,2.0628,4.9145,0.12558,3
3.1399,1.2449,5.6308,1.8889,4.8991,4.705,4.8715,4.3063,2
3.7601,1.2009,6.2242,5.6892,3.6729,-0.96707,-0.93285,-0.10444,1
-0.67032,3.5717,3.3199,-0.98027,1.4557,-0.91653,-0.93961,1.2124,1
-0.35737,5.6822,-0.84692,-0.79705,1.6752,-2.9901,-1.3378,0.29163,1
-1.8548,0.45406,-1.6612,-1.3013,3.8246,-4.5934,5.7778,0.021404,1
0.27528,0.000496,2.6307,-3.4019,7.2862,-0.24728,3.9811,6.7004,2
5.7647,-1.6724,-0.4989,-1.0805,0.42279,-2.6032,9.796,-0.81063,1
0.34054,3.8682,-0.085149,1.6638,4.8289,6.3815,-2.5064,-0.31687,1
2.3953,1.3596,-1.0456,4.3837,0.64479,-1.9866,-2.9388,4.2497,1
3.029,-0.5989,5.572,4.1618,5.1724,6.413,4.1938,7.6533,2
-0.6161,2.4856,0.79652,1.4045,4.3249,2.5482,-1.8057,-0.23938,3
0.15535,3.3252,-0.59941,2.9462,-0.98027,2.1556,-3.5798,6.0846,3
-1.0159,3.5012,4.9629,-0.98293,4.9283,4.7021,-9.3727,6.1278,2
-1.633,-1.5353,-1.0549,0.72304,4.6933,-0.70245,-2.4305,6.4684,3
0.88562,-0.55072,7.4207,-1.79,3.4936,7.4443,3.3277,5.5994,2
-0.36136,0.91173,-0.63454,-0.26213,2.9379,0.89975,-3.7754,-0.43994,1
3.2198,1.337,2.8471,4.0892,3.4282,5.8312,4.1911,2.735,2
-2.104,1.306,1.1454,1.9764,0.21505,6.5975,1.3412,-1.5413,1
1.8674,1.4073,-1.0089,1.3341,2.1438,2.6094,-0.14717,-0.49662,1
2.4861,2.6192,6.4662,4.7755,-1.5129,-0.52859,-2.886,-0.79858,3
-0.11527,-0.94947,-1.8384,0.12201,3.1481,-0.58649,-2.9046,1.6905,1
3.0087,1.0531,6.3485,5.4387,7.5817,2.3548,1.8638,5.5331,2
1.3408,2.6001,1.9623,-3.5556,5.5281,1.0021,0.51334,0.88262,2
2.5862,2.8355,6.4321,6.8404,5.7737,10.848,4.9124,5.8377,2
2.7687,-0.45221,-1.692,0.69921,5.0295,-3.5377,-0.52377,2.92,3
2.1661,-1.7197,0.46042,5.3133,2.2794,5.1217,-4.6876,1.4096,3
-0.34594,3.2161,0.076804,3.0027,0.8227,-3.3361,0.25027,-0.085411,3
3.1293,2.1682,-0.4209,-0.15524,3.9638,4.1867,1.6443,1.1721,3
-3.0288,-0.43447,-1.0433,2.6086,-1.457,0.37834,8.3133,4.8205,1
3.3167,-2.2563,2.9525,3.3063,7.9436,-4.9918,-5.4219,7.1428,2
-0.66459,-0.15022,0.88869,-0.50619,-1.0414,-2.8985,-1.3496,-1.0578,3
-2.0303,-2.209,0.29311,0.89807,-0.74428,-3.3434,-1.6997,1.6279,3
-2.4358,1.2799,-0.4947,1.1191,3.1231,2.5839,-1.4058,-1.8979,3
2.8091,-0.84466,0.32232,6.2466,6.5164,9.9936,-2.896,4.2592,2
3.2901,-0.57972,4.2123,-1.4074,6.4119,3.7344,1.1699,-0.18571,3
2.1114,-2.1224,-0.50029,0.93834,-1.5959,8.9846,-3.5024,-0.80181,1
2.8366,1.031,-1.4661,2.3205,1.3702,6.7245,2.371,-0.75289,1
-1.822,-1.7506,0.21571,1.7631,-0.9695,-4.115,-0.4914,0.30771,3
-1.2985,-0.89941,4.0172,4.1201,-0.30518,1.4707,-2.7618,0.61592,3
-2.5913,-2.074,5.8921,4.8076,2.7505,1.0056,-4.3481,1.0902,1
3.4493,-0.73195,5.1044,3.7873,6.3123,1.935,2.6142,6.4913,2
-1.1433,-0.48891,1.8032,-1.1579,2.9359,9.2406,-3.7178,-0.49507,3
3.2694,3.1006,4.3318,-4.3687,6.9554,4.6828,-4.1126,4.6539,2
2.0434,1.6753,-0.2468,5.1061,2.5533,-1.5417,1.1042,3.8961,2
0.87842,-0.62146,4.415,-1.875,-1.5532,0.7994,-2.7879,2.6602,1
-0.33502,6.0885,-1.0296,-1.3317,-0.75057,9.1688,0.96795,-0.14765,3
-1.1178,2.0017,-0.30651,3.9391,0.93542,3.84,1.3019,1.0106,1
-2.1572,-0.56425,0.90831,0.50614,4.4324,-1.0084,-2.4028,-1.3717,1
0.28913,-1.9792,1.9087,-0.79084,-0.1448,1.1289,-3.4282,0.73429,3
1.6855,1.7187,4.1339,-6.5123,3.178,4.5574,-6.0573,7.2888,2
-2.1022,0.99796,1.3933,-1.4913,-1.8608,11.232,-4.4999,-0.71088,1
0.737,-2.723,0.66739,-0.83206,0.89664,7.5695,-2.5036,1.5439,3
-1.4272,-1.9682,3.9229,-0.56066,-1.7337,5.994,-3.7926,2.6663,3
2.2394,-1.7002,-1.6043,-0.91401,0.70366,-2.6527,1.4117,-0.33296,3
2.936,3.5591,2.0863,-5.6065,2.9531,2.1509,5.2871,5.5606,2
-0.2716,1.8129,6.2686,3.4279,0.9461,2.3381,0.68673,0.7913,1
1.7238,3.5931,4.2842,3.3618,0.14491,4.352,2.6386,-1.1727,3
-0.35325,-2.6421,6.8868,-0.44351,4.9482,1.6035,1.8304,2.4787,2
-0.71133,0.73925,1.3484,0.36181,-1.3661,-1.602,-0.31867,2.4801,1
1.3885,3.573,2.2473,-0.76239,6.3498,-3.2378,6.6239,3.5453,1
2.3024,1.9139,3.4782,5.627,2.2146,-0.78031,1.5354,7.8974,2
-0.053647,0.50203,6.8976,-0.91068,4.685,-4.8659,4.6429,4.9391,2
-0.1576,0.48632,1.6941,-1.8002,0.97747,3.276,-2.7721,2.7141,1
6.0868,1.3357,-0.79066,-0.9775,3.8639,-0.60898,-1.858,-0.76752,1
1.6843,-5.135,2.73,3.4309,4.7321,2.0206,0.27602,5.5312,2
-2.4299,-1.763,-0.55829,0.76963,1.3194,-1.7806,-3.4331,-1.4155,1
-0.4036,-0.41862,-0.90104,2.0655,-0.23369,2.5329,1.3618,1.3487,3
1.879,0.92304,-1.5828,1.9503,1.9939,-4.1141,3.8385,5.3644,3
-1.1397,-1.998,3.4682,3.0691,2.2169,5.997,-3.4158,-0.27362,3
-0.17098,-0.76114,-0.41169,-0.7121,0.17415,-1.3803,5.5155,-0.30401,3
0.062434,3.206,7.4377,0.38157,7.0284,7.9988,1.3484,4.7384,2
3.8009,-1.943,2.9229,-1.7424,0.25391,-3.9696,2.2117,2.6754,1
4.379,-2.3784,0.65732,0.73138,2.2012,-4.1139,5.132,1.975,1
3.9625,0.020332,2.1447,-1.6736,-1.2134,-4.254,-2.633,4.6205,3
1.6292,-0.49418,-0.32384,0.65172,1.2685,-0.14571,-0.00618,2.9861,1
1.0001,1.3479,5.7279,1.0001,5.4904,8.0416,0.39516,4.2445,2
1.4602,2.9658,5.2133,-0.1305,6.1514,10.536,0.35525,7.2049,2
0.56773,0.72509,6.25,2.2018,5.8307,-0.29176,-12.394,1.8514,2
2.9243,1.7413,6.5283,3.8285,1.7127,5.3877,-2.6484,6.3279,2
0.70452,-0.98256,1.5945,3.7235,1.2916,7.4466,-0.81283,0.4108,3
-2.457,-1.9881,2.0518,0.50419,4.2784,1.1906,3.8069,1.4192,3
-1.365,-0.74412,0.91979,-0.33963,-0.31471,-2.8804,-3.6064,-0.25044,1
0.50676,3.3311,5.0146,0.31338,-0.016713,9.8557,1.2557,5.9787,2
0.46382,-0.28041,4.6002,0.48642,3.6961,-2.9574,-1.3312,1.5469,3
-4.6778,3.155,4.6964,-9.609,5.8161,7.9136,-7.8552,6.8586,2
2.0887,-1.4533,6.5593,1.5445,3.9318,9.2288,3.3686,1.8822,2
-0.71722,-2.0297,2.854,-0.26807,0.40913,0.95646,-0.27398,6.5438,1
-0.016896,0.74247,1.5569,-1.6219,1.2996,-0.71666,5.1232,3.0045,3
0.034133,0.66871,1.3486,1.5298,0.90787,0.18981,1.6649,0.47075,1
-0.12484,0.8065,3.5924,-4.0393,4.6144,7.4007,3.0025,6.8875,2
0.56164,0.48922,2.1357,-1.6691,3.3632,-3.0434,-4.0207,1.3724,3
-0.39162,-1.0605,2.0426,-0.45888,1.247,-3.5511,1.6455,0.17186,3
0.51258,3.4108,6.741,2.3509,6.6789,-2.8112,5.2394,0.54535,2
-0.42072,0.20702,7.1802,3.3664,0.052596,8.796,0.39672,5.8672,2
-0.054973,-1.8262,2.1841,1.8199,-0.33438,0.84856,-3.4115,0.21395,3
1.9968,-0.37145,4.1711,2.1833,5.861,0.42666,1.057,4.1778,2
-0.33791,2.1706,4.3347,-4.8462,4.587,4.2355,4.0704,7.8006,2
2.5458,-1.1064,0.18252,0.41553,-0.03198,-1.3616,-0.055162,-0.62507,1
2.4167,2.9151,7.0659,-9.048,0.66253,7.8688,4.5755,6.9782,2
1.8596,-1.4478,0.11815,-0.11513,0.10441,-2.5891,-1.4584,-0.84861,3
-1.2092,-1.7989,-1.6342,1.1512,-0.56261,-2.3571,10.357,1.6557,1
-1.9504,4.6847,-1.4668,1.2309,0.91835,-3.6684,2.0537,0.86297,1
-1.1273,-1.1283,-0.20796,-1.3158,-1.2433,-0.10905,-3.9701,0.64901,3
-2.7436,2.709,-1.5123,-0.2832,2.9455,5.5998,-0.57163,-0.60002,3
1.0891,0.87529,-0.2233,-1.6438,0.069193,0.27409,-0.80786,0.25895,3
0.15993,-1.4944,-1.7245,2.882,0.83287,-1.7966,1.7844,-1.7029,1
-1.7293,-0.40025,0.28643,1.2641,4.8987,-2.781,-1.9743,-0.9429,3
0.15884,-1.5075,2.4722,1.3448,-0.92524,-1.5905,2.0951,5.9854,1
-2.3227,0.5534,-0.36417,0.48083,5.1429,-0.8417,0.20377,4.1311,1
-1.0822,-0.024041,4.2633,-0.61122,0.79547,1.0781,-1.1094,-0.50256,3
0.089144,-0.59569,3.6009,1.4211,0.7002,2.0473,5.6932,1.4217,1
3.8501,-7.8714,5.3104,0.63797,7.0806,6.5484,0.18901,7.2358,2
-1.8519,0.21098,-1.3134,1.8261,-1.4994,1.8877,-3.243,0.20494,3
-1.968,3.4288,4.272,5.758,4.4012,8.8528,3.037,6.6771,2
2.6793,3.7139,-0.4692,1.0997,1.5531,-0.5213,4.6399,5.9998,1
2.585,1.1763,-0.14174,-1.402,-0.63714,1.3841,-1.2358,1.2287,3
-1.757,3.2508,-0.75527,5.0001,1.8283,0.89524,-3.3625,-1.1005,3
-0.51462,-0.3515,6.8457,2.8796,6.6271,3.5931,-4.4253,6.5088,2
1.6656,2.3051,1.5086,5.9768,-0.72246,-1.8939,-0.20139,2.15,3
0.78749,-2.0956,-1.5609,3.8485,0.79277,1.4941,-1.3408,0.53473,3
3.007,5.8192,-0.28587,-0.71142,4.0242,1.9994,-4.4201,-0.8908,1
-3.388,3.598,4.3519,0.88972,6.2203,9.7669,3.8268,0.90053,2
5.5033,-0.18197,1.8657,0.91166,6.2192,-0.56334,-3.2738,0.5946,1
-2.5504,-1.33,2.7,6.2593,6.3547,-1.29,1.188,4.1902,3
-0.69976,-0.95843,-1.5315,2.034,1.693,8.9798,-0.38095,0.45794,3
0.20641,0.002604,-1.3713,0.62427,0.070586,11.112,4.509,4.2251,3
1.4617,0.32737,6.7559,-2.0927,4.2875,6.9952,-0.11749,4.581,2
2.129,0.93102,-1.5166,-1.4108,-1.5084,-1.4407,1.5978,0.63982,1
0.90866,1.3409,5.544,3.0274,6.5249,7.1039,4.8671,5.5886,2
-2.3575,0.64858,-1.0585,1.2291,4.1507,-3.1493,-2.5646,1.5716,3
-1.8619,-2.0783,2.5148,1.7552,0.81213,-3.9816,-1.7948,0.72425,3
-1.5543,-1.2742,0.81249,4.6782,-1.5371,-0.11328,-2.9413,2.5676,1
-2.0766,-2.3473,-0.011367,6.5238,-1.0581,-3.2032,-3.4326,0.31587,3
2.5276,-2.1499,1.0703,7.6874,1.8911,-0.90291,0.37748,-0.34689,1
0.48382,-1.1629,1.2724,1.8452,-0.85475,-2.1912,-3.8095,-1.3678,1
1.9666,3.5719,5.2087,-3.6913,0.75091,10.399,-2.1613,5.3097,2
0.10979,4.2255,0.28958,-1.5017,0.19461,0.10199,8.9129,-0.014084,3
3.1403,3.8317,4.7389,1.1698,2.6942,5.3081,3.5378,7.7206,2
-0.11134,-2.2004,6.7121,2.4955,5.3222,9.839,-1.1016,3.9417,2
1.517,-2.3952,-1.1852,1.7475,-0.29307,-0.2894,8.4602,1.0291,1
-2.1147,-0.51106,2.587,-0.62928,-0.59297,1.4596,-2.5539,1.4179,3
-0.72181,-2.2726,1.1468,0.01844,-0.46416,-0.19038,-3.7615,1.2714,3
-1.7698,0.14471,-1.15,0.64924,-0.63496,-1.0641,-0.80627,6.4358,1
-0.53605,1.7907,0.5299,1.597,0.35333,4.5299,0.89528,1.3877,3
0.75246,-1.5366,-1.1082,1.5634,1.2379,5.8886,3.6215,-1.6764,3
-1.4578,1.1926,-0.062389,0.40011,2.4314,-3.8576,1.6903,4.8896,1
-2.2329,1.6519,-0.22041,4.4444,-1.3066,-2.2698,3.9182,-0.18986,3
1.4608,1.2042,-1.6981,0.99131,3.7621,-0.95948,2.0616,-1.8874,1
0.28807,2.562,-2.4349,-2.3975,2.5712,6.0787,-0.15137,6.9838,2
-2.066,1.9037,2.6208,0.18789,-0.60579,7.0332,-1.3503,-0.62832,1
1.7536,2.8233,5.0919,-1.3088,0.69144,9.3967,-1.7587,0.48447,3
-1.706,3.4447,-0.079649,-1.6459,-0.40581,-2.818,3.6071,0.97334,1
3.7143,-1.0624,-0.31243,-0.29673,0.40719,-0.17566,2.0565,0.85263,1
0.22452,0.4452,6.1635,-2.7743,6.4777,3.8017,2.4924,7.0299,2
1.4739,3.1272,1.6142,5.8506,6.2065,5.8561,4.7568,4.382,2
2.0262,0.58004,4.6124,1.5938,6.5915,10.009,4.529,7.2632,2
-0.30645,-1.6657,3.0525,2.3068,4.2736,-2.6645,2.7085,0.21395,1
-2.552,-2.2811,0.95592,3.5518,1.6284,-1.5893,0.22214,2.6117,3
-0.13969,-0.13487,6.0316,6.0293,6.2641,3.9803,-2.488,4.6171,2
0.79369,1.0787,0.40353,5.8162,1.9697,12.91,-0.5907,3.722,3
-4.7416,-3.1246,5.0594,-1.4128,5.2002,2.8039,0.43202,7.5744,2
-1.7928,0.69646,4.5297,-0.68895,2.1573,0.11467,-4.0643,-1.353,1
-2.7065,1.3787,1.2333,-1.0703,3.316,-0.56159,-1.8169,1.9623,3
-1.4363,2.5843,-1.447,-0.20389,0.59647,-1.4986,3.7639,0.98263,1
-2.2874,-1.5847,6.696,-0.39797,0.76567,5.7526,5.2556,2.9909,1
-1.9121,-2.3604,-1.446,2.6699,4.0172,7.0054,7.2052,1.3419,1
-2.1565,-1.574,-0.98496,0.10216,6.0577,-3.8137,-4.5823,0.23448,1
-0.80768,6.1278,0.61444,7.7682,0.17841,13.953,-0.60654,-0.1151,3
-0.044226,-2.8227,0.95093,1.393,0.10923,0.19836,-0.67664,-0.55495,1
5.3568,-1.2785,2.0228,-0.47471,4.7024,6.6833,4.0441,3.3925,1
2.4993,2.9692,6.3933,0.70839,5.1143,7.7683,1.7232,7.5639,2
0.6589,0.10783,-0.7486,3.5201,0.10933,3.3831,0.90565,0.66764,3
3.3107,0.63982,1.6567,5.3073,3.194,8.7135,1.5143,4.8213,2
-0.42294,2.0526,5.2907,0.16677,6.2516,6.0758,1.9537,7.5469,2
-1.9432,-0.44075,-0.62418,3.3572,3.2877,0.52267,2.888,0.37876,3
-0.31814,2.6445,1.5116,2.2935,6.2117,6.7466,-0.7725,6.2115,2
-1.3087,1.1621,0.15994,1.671,-0.90826,0.78816,-2.2748,-0.62775,1
-2.4834,-0.68027,3.543,1.9076,2.5528,-2.5372,-3.5513,-1.0361,1
-2.3467,-2.5896,5.5959,3.1594,6.622,-3.156,1.4999,6.0533,3
2.7467,1.0783,7.6812,2.5679,6.8525,7.1276,-0.20936,5.7245,2
2.27,2.3556,-0.43793,0.41074,-0.247,-2.2292,5.4534,2.1607,1
-2.5284,-0.46401,-1.4185,-0.52265,-0.60103,2.1342,-2.3708,-1.0545,1
2.6986,2.9035,5.4401,-1.1906,5.1128,7.6521,-2.385,3.0455,2
-1.4107,1.3394,-1.3546,4.8388,-1.6802,-2.0887,1.631,2.3282,1
0.59913,-2.4223,3.5291,-1.5375,2.7132,1.6445,-2.7259,-0.60686,3
-2.5402,-0.41969,-0.99941,-0.86223,5.4638,-1.5792,2.1224,-0.56551,3
1.1036,-2.3447,6.147,0.060869,-0.76892,4.1372,-1.379,1.531,1
1.3437,-2.4216,3.058,3.2633,5.1944,8.3763,3.2356,7.5083,2
-2.1991,1.3188,6.0845,5.6487,5.2386,-1.8629,0.9873,4.2593,2
-1.2409,-1.9384,3.4225,-1.4747,-0.50994,-0.93597,-0.83976,-0.70692,3
0.71457,-0.0205,7.8463,-1.6692,6.3398,6.8899,-4.9569,3.7422,2
-0.41578,1.4803,4.2823,2.4163,7.0477,7.0791,2.8137,3.0674,2
4.4508,-1.1143,-0.97796,0.50835,-0.65007,1.989,8.0833,-0.23214,1
1.8941,-1.8859,1.5268,3.0352,3.2132,5.2375,-1.6088,7.3497,2
-0.48105,-1.6901,0.40865,-0.29829,-1.4558,-3.8135,-0.90424,6.1119,1
0.74185,-0.54888,-1.2181,-1.7484,0.41617,-3.0999,3.5944,1.6372,1
1.0722,1.6651,5.7197,2.3802,5.3434,5.3891,3.8858,5.2656,2
1.0195,-2.0617,-1.6767,3.1067,4.4236,1.4374,-1.2242,3.7198,1
-0.56213,8.4894,-0.70388,3.5618,-0.53433,1.5493,-4.3427,4.5698,3
-2.8126,-0.53705,-0.73211,-0.57033,0.88461,-3.7014,-1.2019,5.1101,1
-0.31612,-5.8651,5.8073,3.3351,4.3817,8.9871,4.6852,5.2647,2
2.589,1.9948,6.94,-2.2228,6.8514,7.9196,5.3663,7.2406,2
-0.14332,0.073846,-0.059381,-0.71581,1.5719,-1.9238,5.7826,0.41725,3
0.28389,-3.9498,6.2398,4.4655,4.3984,5.1309,1.3419,6.4899,2
4.0788,1.7682,0.49102,-1.8861,-0.25272,-1.7024,-2.6396,1.4411,1
0.84095,1.2333,6.4698,2.8463,4.9601,9.3068,0.90882,5.6422,2
0.17545,3.0346,-1.542,-0.99765,0.23962,-1.0949,-0.58842,-0.81031,1
-2.5369,-0.59517,0.30797,1.7511,-0.36699,4.6402,1.402,-0.60183,1
3.2627,-0.7539,6.8492,3.212,4.22,10.684,4.6175,0.053016,2
-2.675,2.2138,5.9209,3.603,0.07151,10.332,-4.2252,6.3697,2
-2.5562,1.1931,0.99908,-0.95254,1.5143,-1.0805,4.5204,2.047,1
-0.6844,-1.5062,3.2743,-1.4874,2.7824,8.9663,3.1183,1.3247,3
-1.2668,-0.1392,4.3143,1.2266,0.95447,7.3015,-0.021,0.49474,1
0.025841,3.9049,0.4555,0.61995,2.2154,-2.4176,-2.137,3.5005,3
2.192,2.1273,2.5304,-1.7208,6.3065,5.2636,4.0261,5.4305,2
-0.80624,-1.7161,-0.77405,0.7059,-1.0136,-4.6506,0.29554,-1.1031,1
2.8001,-0.032018,6.1319,2.2032,4.8321,8.7687,0.9974,0.65087,2
-0.63662,-2.3949,3.5036,-1.1733,-0.8685,0.21691,-1.3926,-1.2255,3
6.3676,1.9303,-0.45045,0.69399,0.35995,1.5401,5.5449,0.76065,1
-2.2333,-1.5437,4.709,0.015155,0.93734,1.8399,1.4706,9.6288,3
-2.0241,3.2829,1.521,0.17423,3.1981,2.364,-2.2645,-0.8805,3
2.2235,0.37016,3.9961,-3.1304,7.5488,10.168,4.9876,6.562,2
-0.5918,0.22993,-1.6424,-1.3887,-0.000378,-2.8822,5.2282,-1.6086,3
-1.5309,-0.056598,2.0294,3.9316,0.32826,5.4395,3.1935,0.14225,1
-1.421,-0.48754,-1.1459,2.7929,0.8824,4.4732,2.3934,0.75705,3
2.8797,1.5432,-1.0173,0.36623,4.0165,8.3077,-1.0312,1.6145,3
-4.9014,1.6731,3.1975,-1.7807,3.7573,1.483,5.0555,-0.54617,2
-0.35118,-0.97606,6.6932,-1.2377,7.7916,2.0837,4.5848,4.8079,2
-1.8445,-0.92075,2.0362,3.3927,-1.5495,2.8535,-1.3505,5.9088,1
-1.3448,-1.5199,2.1538,-1.1849,0.62923,-1.9139,-3.144,3.5248,3
-1.366,-0.51579,7.8856,-3.4989,6.2539,8.8597,2.4026,4.0243,2
-0.28313,-1.5666,4.6362,5.2819,5.7717,4.8573,-0.3104,5.4834,2
-0.72591,-0.58324,5.5264,-1.2167,7.9324,5.5039,-1.4594,6.244,2
-0.63144,-3.3959,5.7302,3.1646,1.9119,10.575,1.9782,4.5743,2
-1.2951,0.60034,-1.2388,-0.50109,2.8773,1.6761,-0.80337,-0.221,3
0.91263,2.9088,7.758,3.0556,3.9081,-1.9286,-1.7936,5.3376,2
2.8113,1.7517,6.3083,5.6023,7.045,8.6795,1.9356,4.9234,2
-0.42061,-0.21661,3.9206,-0.35036,1.4537,-1.4195,6.6666,-1.2567,3
-2.898,-2.1572,-0.77657,0.46336,2.0848,-0.77987,-3.755,-1.3441,1
2.0305,0.87579,-0.10523,-1.2193,0.85163,-0.84847,-3.8699,1.8183,3
-0.90212,0.71829,4.0266,1.4395,4.2269,4.4302,0.89033,-1.1364,1
2.2853,3.9462,6.5091,3.6141,4.7552,6.2325,1.1607,3.2364,2
0.1645,-0.042383,1.0196,-0.004979,-0.25626,-2.4749,0.17256,0.70797,3
-2.0934,-0.3828,5.0823,0.38982,3.0113,0.011648,-3.2687,0.15282,3
-1.3293,0.052122,-0.4144,-0.063942,0.97627,-1.9874,-3.6427,1.0104,3
2.689,-0.7778,6.6706,-3.6232,3.0732,7.9778,-1.2107,7.6741,2
-0.30801,1.1928,0.43749,0.59884,3.1953,1.8421,-0.092303,-1.4585,3
1.6344,2.5554,0.33764,1.6058,3.2377,-3.6647,0.88154,-1.8278,3
-0.80019,-2.7449,2.2902,-1.5891,3.2622,8.6408,4.7357,7.6656,2
2.0079,-2.1883,3.3126,-0.19318,-0.27308,1.017,-3.1473,1.2008,1
2.5373,3.0061,6.4232,0.10414,6.3023,8.7642,0.72902,2.215,2
2.1549,-1.8644,4.0949,1.2922,-0.29627,-1.462,-2.1654,1.338,3
1.1447,1.3201,6.7974,5.2922,6.6166,5.6729,0.45193,4.0406,2
0.76094,-0.19647,0.95462,1.1042,-0.12604,-3.2618,-1.416,-0.76193,1
-0.35909,-1.402,-0.32915,-0.90246,2.089,7.6207,1.6517,-0.88036,3
2.4353,0.20872,1.5682,0.27185,2.8078,-4.042,0.76159,0.50418,3
0.14921,2.9259,0.58562,0.79567,-1.5194,-4.269,6.8989,-0.17123,3
3.6666,-1.3431,5.354,3.6646,7.6761,7.1849,0.64937,3.0145,2
-0.69746,2.8182,7.0023,-0.03516,2.4995,7.9278,2.1577,5.6799,2
2.5515,-2.3822,-0.04143,-1.5625,-0.85375,3.159,-1.6197,4.031,3
0.18166,-2.9755,0.46858,-0.91018,0.68651,2.9856,-3.7383,-1.1937,3
1.6736,-1.7625,5.5339,-0.69298,7.153,10.185,-1.7849,3.0083,2
-1.1882,-2.0993,-0.99197,-0.75454,-0.81244,-3.6715,6.8119,1.1717,3
0.27451,0.033655,-0.67097,-0.86386,0.26516,-3.168,-2.3038,1.9784,1
1.8213,1.031,4.1392,-0.6073,-0.38636,3.1405,3.3722,-0.43702,3
-2.3819,1.6873,4.3731,-1.8831,3.6704,6.6052,0.65228,5.0779,2
-1.0754,1.3648,-0.002912,0.010169,0.24655,-4.1808,-2.4933,1.6724,1
-3.0112,4.2049,1.7391,0.082065,1.4098,-3.0341,5.2496,-1.4306,3
-0.848,1.3272,1.2995,1.3215,4.1979,0.98852,-3.5406,-1.1005,1
-0.14695,-0.77489,2.2773,3.8932,1.9393,5.3557,-2.3259,6.3751,1
0.23698,4.8287,4.9772,-0.000347,-1.5876,-2.33,-2.0047,-1.8144,1
1.8052,-5.4626,6.4903,4.4932,6.1417,0.26192,2.5693,4.7325,2
0.006813,3.4428,4.0775,5.6595,6.2136,4.2943,-0.74999,6.9929,2
0.60727,0.051836,-0.31906,3.24,8.7654,3.7501,-1.4766,2.436,3
-2.3562,2.3557,-1.1071,6.2182,-0.46129,-3.4487,0.4799,2.7295,3
2.2324,-1.7536,-0.58417,-0.6712,-0.64957,-0.30566,3.4636,0.74046,3
0.18321,-2.602,-1.2887,5.1851,-0.59539,15.983,2.4601,-1.8503,1
-2.5303,3.6531,-1.5594,0.28557,-1.0231,6.0979,3.4149,-0.36798,1
1.5106,-1.2036,-0.17361,1.2692,0.2761,-0.051209,-0.14014,0.70226,1
7.6697,-0.94899,-0.05494,2.5617,-1.1295,3.2349,7.2974,2.5327,1
1.2286,-2.3771,-0.60039,2.0514,-1.7982,3.6434,9.8561,2.6628,3
-2.1261,-2.2795,4.2863,0.98371,4.1511,-2.4522,9.5206,-0.68773,1
1.9489,-0.89568,6.2763,3.7799,2.6431,7.4352,3.5338,2.1784,2
-0.58627,-1.5929,-0.31688,4.7191,-0.041748,-1.2741,-1.8072,1.6651,1
-0.58427,3.5049,-0.82369,-0.50146,3.6913,1.7003,-0.16985,2.5796,3
-1.6533,3.1273,-0.057599,3.7669,4.7135,-0.94147,5.3582,0.57916,1
-1.7254,1.1346,6.4355,-2.1551,1.0691,6.4053,0.61901,7.813,2
1.4418,-0.64399,0.75351,-0.79486,0.064474,-0.3339,3.2531,0.69838,3
-2.108,2.4369,6.253,-5.3033,1.3768,4.7185,2.7577,3.8614,2
0.4583,-1.6438,-0.67599,-1.024,3.0644,2.3312,-0.20038,-0.079863,1
1.0465,0.34831,2.02,0.12043,0.14075,-0.59292,6.1429,1.4513,3
1.5248,0.71747,3.3169,6.5123,6.8813,6.068,-0.33961,5.2697,2
1.5584,-0.49767,1.8285,6.2346,1.5833,8.1611,2.8816,4.8454,2
2.3156,2.0639,5.3929,0.68894,0.14065,-4.3263,-2.4742,2.4617,3
-1.8315,-0.30037,7.5908,3.6107,4.4957,5.9894,0.087745,6.1397,2
1.7498,-1.6181,-0.36777,-0.55701,6.1733,0.10943,3.356,0.69598,1
-0.31572,-2.4092,-0.57215,-1.3674,-1.4147,0.14663,-2.8206,0.55137,3
-2.3771,0.63207,-0.97349,2.6158,1.7581,3.7678,10.054,4.5451,3
2.2087,2.343,1.1257,-8.9633,7.2246,8.9103,3.2475,7.6801,2
-1.3743,-1.5797,-0.55331,-1.4917,0.33083,-2.6749,-2.2982,6.3827,3
-1.4494,2.5977,1.9162,1.4343,0.97597,-1.396,-3.667,-0.11589,1
2.1682,-0.40423,3.4767,4.0834,3.6022,-4.1108,-3.7225,3.3297,1
1.1514,-2.3003,-0.4117,4.3383,3.0144,3.814,-0.76807,0.35198,3
-0.37795,-2.0411,-1.3148,-0.29361,2.1818,1.4612,4.7021,-0.35761,1
2.8032,-2.3698,-0.22651,3.4835,-0.22506,-0.47036,1.9624,-1.636,3
-1.6821,-1.95,0.772,4.8297,-0.32092,1.999,-4.27,1.1636,1
2.0054,2.7118,6.5621,1.6903,6.8242,6.4562,2.9941,6.5679,2
-1.2954,-0.87623,1.9843,-0.85523,-0.48272,-2.7426,-2.9092,-1.0639,1
-0.51209,1.2213,2.3188,3.034,5.0894,-0.26625,-1.0649,2.92,2
-2.0224,-1.2355,0.54946,-1.228,4.2858,-3.4966,3.7382,-1.7119,1
-1.1526,-2.3424,-0.89319,4.0518,-0.2004,1.3678,-4.788,-0.41245,3
-1.7965,-1.4732,-1.1917,-1.6407,-0.10247,-1.41,-3.8286,-1.3376,3
2.4762,-2.8987,-0.92916,-0.77602,1.3781,-1.2546,-0.065596,8.6502,3
-1.3448,-1.5199,2.1538,-1.1849,0.62923,-1.9139,-3.144,3.5248,1
2.9905,1.0663,6.9492,4.5667,3.6355,7.8192,1.6886,5.55,2
-1.5452,1.6569,4.9141,4.8973,7.1693,8.4451,2.2183,3.813,2
-2.019,0.81323,7.4177,-1.6233,6.1319,8.9798,-3.6181,5.3329,2
2.3391,0.039626,5.513,5.9595,6.6048,4.0989,3.7026,3.8127,2
-0.49612,-2.7809,0.3387,0.24445,-1.4223,3.649,9.1089,0.063265,1
-1.4679,-0.47667,-1.4478,-0.59942,1.5946,-2.3655,10.564,-0.69476,1
-1.5291,4.4998,-0.77024,5.6138,2.8711,3.7551,1.8763,7.295,1
-2.1351,-1.7783,-0.68007,-0.36864,-1.389,0.15514,-0.20346,0.38104,1
-2.1467,-0.068274,-0.11915,0.93271,-0.61813,-0.23652,1.7618,5.3165,1
0.37272,3.4575,4.3057,5.4136,5.5845,5.0673,4.2903,5.6366,2
-2.0562,3.0605,-0.29416,8.5151,0.57156,-2.942,4.6994,2.8201,1
-1.3716,1.6728,6.7162,3.6617,4.9876,5.6069,2.0131,6.6176,2
2.0538,-0.69181,3.9513,0.094406,5.6392,6.7508,5.2412,4.0264,2
2.6647,-4.3941,1.7642,-9.0178,5.6773,8.8019,4.2439,1.6333,2
3.6152,2.9123,6.8966,4.4588,7.1279,7.8066,5.162,4.0856,2
-2.5275,1.5822,-0.3594,2.3662,-1.0269,1.6067,-1.2647,1.5337,3
3.6912,3.0444,-1.3982,1.1941,-1.3863,-1.3652,3.1461,1.5022,1
-1.5715,3.0967,-1.5999,-0.047789,1.5058,-4.3549,-1.007,-1.4589,3
-0.4357,-1.7675,0.5047,-0.18486,0.8295,-1.7905,6.175,-1.1213,1
-0.74766,-2.3515,-1.0899,1.6331,3.1595,0.13506,-1.927,-1.0866,3
1.9912,-2.5489,-1.1412,-1.4081,-0.86045,11.333,-0.23843,1.1167,1
3.1713,-1.7622,0.45176,-0.74749,-1.5376,4.0244,6.5323,2.2822,3
-2.428,-1.5054,-0.36873,7.7398,-1.8718,9.4804,4.5271,-0.29464,1
1.4692,-1.1578,-0.21471,0.91629,-1.1495,-3.2218,2.4252,2.2223,3
3.2494,0.98959,7.2998,4.851,5.3004,0.56866,3.6802,3.3541,2
3.6832,-0.15951,0.65364,1.7648,2.238,-2.3029,2.4593,1.511,3
-2.2025,3.152,3.6662,-5.6847,5.8173,3.1607,1.2733,4.1399,2
-0.57588,-2.2709,-0.40241,0.66929,4.7858,-1.1539,-3.1248,2.96,1
2.045,-1.71,0.67941,2.6267,0.77945,14.439,7.5513,-1.7578,3
4.1298,3.2227,-1.0259,-1.7893,3.2734,-1.9446,-2.4008,-0.4426,3
-0.77212,3.8102,4.8009,-2.5845,5.4838,5.8072,3.8826,5.4045,2
-1.6065,1.0443,2.0006,1.8475,0.12765,-1.022,-4.6973,2.8394,3
3.4904,-3.6547,4.8361,6.2753,4.158,4.876,0.43924,6.3737,2
3.5273,1.6607,5.221,2.3212,2.1257,6.739,5.3405,4.0345,2
1.3775,-1.9956,-0.56011,-0.8885,-1.8353,4.6505,3.7092,0.43803,3
1.9665,1.9792,3.0214,-1.5097,1.7369,1.3866,-3.1337,0.28097,1
-1.7479,-1.9945,1.4622,0.84885,-1.4174,-2.0212,0.014451,2.2751,3
-0.53309,-0.91085,2.9431,4.6472,4.2097,-3.2845,-0.04815,-0.93276,1
1.5855,2.4747,4.4138,-4.6472,4.7254,6.704,2.3209,5.7758,2
1.9566,1.986,4.9405,3.8717,6.5764,7.4543,1.0646,-0.23381,2
-1.5538,0.03413,-1.4059,0.087856,0.6278,-2.0623,0.77377,0.17008,3
1.1576,-2.1842,4.7977,5.4646,3.7474,8.8925,0.72633,4.8278,2
-0.45063,2.5925,3.9281,1.8393,7.4954,4.5813,2.3394,6.397,2
1.8728,0.8909,-0.12362,2.685,-0.87135,4.7628,-0.58451,-1.2151,3
-2.5809,0.12557,0.15201,0.39194,1.3164,0.57619,-0.20127,4.801,3
-0.36548,1.2522,2.8545,-0.1571,-1.6021,2.2014,1.5436,-0.64816,3
1.9963,-0.67727,3.5567,0.60444,7.5664,10.345,0.61523,6.1093,2
1.347,2.3282,4.8508,2.6302,6.6336,-6.4742,-7.5808,5.903,2
-1.9966,-0.51931,-0.88335,-0.5026,-1.1043,6.4298,-3.3768,0.35387,1
0.61791,0.69159,3.9717,1.5935,4.9675,4.9828,1.9401,6.0144,2
-0.55924,0.39142,6.087,5.8098,5.2634,6.5603,1.7458,7.9229,2
0.23794,2.1649,5.2997,2.0621,1.7363,4.6433,-2.9028,4.0414,1
1.301,-2.6905,3.1697,0.43464,7.5396,2.3077,-0.6334,-0.59196,1
1.1897,-0.3911,3.0209,-1.2997,-1.205,6.7276,-0.57776,2.2806,3
-1.1346,-1.5943,-1.4314,0.35696,2.3313,0.63443,-2.5348,-1.8757,3
-0.76159,-1.4533,-1.1617,2.7115,-0.21179,2.9584,-3.1255,2.3586,3
2.2781,-1.8149,1.806,-0.40509,0.36332,-0.71003,0.61675,-1.2158,1
2.4675,3.0165,4.4085,-2.3161,1.7605,9.9739,2.3932,5.7439,2
-0.31597,-2.3918,0.11807,-1.3438,0.78843,2.8469,-4.9031,1.5512,3
3.9186,-1.2082,-0.35574,-0.38367,3.7308,2.6617,4.4764,4.7635,3
-2.1585,0.92951,1.6256,-0.83067,3.2682,2.7951,6.8532,-0.97911,1
2.3385,-1.9633,1.9318,3.4563,-0.19055,-0.51526,2.8701,-1.3453,1
2.2131,4.6352,2.3701,8.9404,1.7193,-3.1208,2.5266,2.3764,3
0.027712,-1.9458,0.44001,-0.41199,-0.3965,-1.1915,-2.2505,-1.1456,1
1.7176,5.2767,-1.7508,2.4523,2.9719,7.723,-0.37518,2.138,1
0.64845,-0.17591,1.4683,6.4595,-0.58,5.3927,3.8218,-1.0864,1
1.9964,-0.031881,0.89257,3.9689,0.57518,-1.3022,-2.3428,-1.5081,3
-1.8039,1.5123,3.2168,5.6888,5.62,5.5462,1.571,7.0805,2
0.38043,2.0599,-0.83565,1.5044,1.6503,8.094,2.6834,-0.70368,1
-0.53031,2.9509,2.4905,2.2591,-1.4131,5.3295,-3.1026,-0.77448,3
2.9579,0.076551,-0.1746,0.22504,2.1321,2.764,-2.5192,-1.1829,1
1.0688,-2.2741,0.031588,0.099415,3.9245,-2.0471,-3.383,0.72894,1
-0.84825,-2.4983,2.2157,4.1151,0.58638,-1.165,4.9482,-0.43385,1
-0.88637,-2.2723,-0.69688,0.34935,-1.7424,8.0147,0.008505,-1.4058,1
-3.1424,2.5287,4.2841,1.8937,5.4843,8.3247,-1.8115,2.7783,2
-2.0947,2.0466,6.8554,5.0679,4.3924,-0.019746,3.2677,7.186,2
2.8798,0.98294,-1.473,3.3986,0.18093,0.60137,1.2368,-0.20208,1
0.36861,-0.73427,-0.026852,-0.96388,-0.44399,-4.4761,7.8753,1.9245,1
2.4235,3.2039,6.6431,4.0413,5.6961,8.6072,5.3634,7.1552,2
3.9006,2.0187,5.5486,-0.82122,7.2291,2.436,-2.1076,2.3972,2
-0.39001,0.1042,4.0777,-0.97055,4.0226,9.0043,-1.3799,5.8183,2
-2.2662,-2.6353,2.2126,2.2275,-1.3475,0.01912,4.3707,3.7621,1
-3.4392,2.7078,4.6243,-0.75819,5.1477,2.18,0.86742,4.6302,2
1.4893,0.83721,-1.5408,-1.362,-0.72264,-2.9824,8.6374,5.0925,3
3.5581,3.4895,7.6342,6.1812,5.6923,5.4214,1.6213,5.9109,2
-2.1707,-1.1887,0.35786,0.8415,1.182,-4.2838,0.65466,-1.1392,3
-1.292,1.739,-1.4409,-1.1911,-0.10698,6.5705,2.6164,7.6723,2
-0.85259,-0.86129,2.3582,5.4651,1.206,6.8172,-1.879,0.44461,3
1.4912,-2.5783,1.1577,1.1617,-0.46763,-2.6147,5.3107,0.30688,1
0.25744,1.5518,4.7139,2.6459,7.1487,9.309,2.3854,4.7238,2
0.65913,-0.67672,6.4649,5.5925,5.9252,5.2523,2.1424,4.5257,2
-1.6294,2.6383,6.5038,4.3054,3.8606,10.601,-1.4409,5.9434,2
0.51875,-0.8727,-0.074257,0.067986,0.68763,-2.4681,-4.2548,-0.86598,1
0.33635,-1.8397,1.2247,0.029462,1.5258,1.7164,-3.5416,-0.65469,1
2.5683,-0.29921,4.3841,6.2898,7.5432,-4.904,-3.9497,-0.001506,2
8.0762,-0.84292,2.1918,3.2619,-0.81036,-2.1868,2.1503,-0.52714,3
1.2092,1.8719,-0.566,3.2973,3.8454,-1.7276,8.3757,-1.8329,3
0.27035,-1.6045,1.734,-1.469,-1.4517,-2.5209,2.5785,2.0048,1
-1.1713,-1.2473,3.6892,-0.89085,-0.35033,5.8539,0.46508,1.9863,3
-0.24624,-2.7379,3.962,2.3564,-1.0378,-3.0208,0.48962,-0.10727,1
-1.7745,-0.70234,2.1443,2.6572,-0.29111,6.7168,2.7793,2.6582,3
0.53895,2.5487,-1.5312,2.0997,-0.58781,0.79947,-1.472,-1.5041,1
0.60621,-0.99564,7.5769,-3.4095,5.8776,8.9202,-2.7478,7.7442,2
0.4486,0.25164,2.4157,0.74885,1.3846,2.1938,-0.85477,-0.25776,3
1.3821,-1.2493,0.29608,-0.69485,1.7531,-2.6918,9.1611,6.2258,3
-2.6132,-2.8303,1.8859,-0.12743,4.1528,2.6103,-3.3657,1.1955,3
1.5342,-1.2102,4.6367,-1.8022,2.619,8.6054,2.4309,6.3549,2
-1.1708,-1.7163,-0.2478,2.1081,0.72676,3.1825,5.8467,-1.9044,3
1.0772,-0.8162,7.0801,2.9185,4.1937,4.7156,0.86084,5.2411,2
3.118,-1.6224,4.1721,-0.66186,3.9074,5.1199,2.9025,6.6122,2
-1.0057,0.70741,5.39,-5.4116,6.7914,7.3246,4.9543,7.3367,2
-1.7865,4.453,1.5507,-0.51663,2.2284,7.8927,-1.94,-0.3334,1
1.6268,2.3766,4.2963,3.6847,4.962,1.6505,5.4155,6.225,2
-1.7112,6.1829,2.6292,4.409,4.3072,-2.1518,-1.2274,-0.46286,3
1.05,1.9683,0.74753,-0.37911,2.5436,3.1239,4.9812,4.1666,3
-4.2984,0.97381,5.1972,-2.7842,4.6061,1.7456,2.6772,7.1352,2
4.1451,1.0324,1.6002,7.7212,2.9159,0.083585,-3.8502,1.5533,1
4.7652,2.2782,-0.13778,-0.39155,-0.090359,-1.4036,1.921,1.3944,3
0.96488,2.0836,6.0475,7.0786,4.0427,10.566,3.2236,7.5895,2
-2.2135,3.6838,5.1608,2.9544,0.22539,6.6032,1.2621,7.2641,2
2.2859,2.9477,5.8041,-0.054068,7.356,-2.394,3.5849,4.4972,2
1.3861,-1.4302,2.768,2.7594,-0.80896,6.73,-1.0489,2.0385,1
-1.8809,0.71723,7.492,3.359,5.926,7.9978,3.7985,5.7779,2
-2.224,2.6346,5.9564,2.4794,4.7079,2.1543,1.8187,5.9838,2
-0.67089,4.3534,3.8887,1.712,2.0692,1.1986,5.8727,-0.088048,1
-0.82756,-2.5528,-0.36087,-0.31041,0.16236,-3.5873,7.008,1.215,3
-1.7839,3.5425,-1.6011,-0.40984,1.6146,0.71399,2.9759,0.37235,1
-1.4463,-2.2054,7.3174,2.6983,5.0898,8.6272,1.8838,1.3958,2
2.3075,0.9281,2.0441,-1.2594,3.9267,1.5001,3.0574,2.9911,2
-2.6127,-1.2242,-0.24283,-0.27498,0.35708,-4.1229,3.5604,1.2143,1
3.7823,3.2836,4.8937,1.4218,6.942,7.855,1.4753,7.8835,2
0.7664,1.3149,7.7174,6.6452,1.9675,3.2145,2.8128,4.0757,2
-0.7901,-0.35851,-0.33892,3.1547,0.25789,-1.4126,0.14406,1.003,3
-1.0004,0.88555,-1.289,2.0497,0.66561,1.3723,8.2486,-1.3439,3
-1.0879,2.9686,7.2507,-1.7552,3.5539,9.1567,3.3744,7.161,2
0.53952,-1.8957,5.2048,2.1677,7.338,7.8309,-2.2644,3.8372,2
1.6389,1.8432,1.2835,-0.12966,6.9469,0.031587,-1.6013,7.8552,2
0.93206,-0.31585,3.2994,-0.44655,3.2738,5.1087,0.53641,-1.2486,1
6.1052,1.1494,2.6799,2.1783,0.11601,-3.1226,2.5417,-0.12217,3
0.68675,-1.7527,5.909,3.5119,5.8265,7.7099,0.64412,7.0161,2
-1.3445,-0.21245,1.193,0.24093,-1.5315,2.4882,-0.26559,-1.5753,3
-2.1695,-2.2721,-1.4037,-0.04899,2.1237,-2.2273,6.047,4.8017,1
-0.86189,-3.7495,7.1036,0.052822,3.4139,8.6738,1.6466,6.252,2
3.8359,-3.4395,2.5646,1.4042,4.261,8.2716,-0.35225,3.9437,2
0.5026,3.4738,0.37356,-0.62578,-0.30895,-2.3971,-0.10411,1.004,1
2.2732,1.6588,7.2573,-6.8665,5.5568,5.6119,2.2786,6.5518,2
0.041987,2.7653,1.6616,2.4385,-0.20261,-1.9005,-3.2612,-0.078082,3
1.8404,0.17153,0.40944,2.848,-0.05262,-2.1144,-2.9953,2.0254,1
-0.832,-1.1066,-0.35592,3.3253,5.3237,1.6845,0.032899,1.5958,1
1.176,1.6872,5.3248,-4.3939,3.4834,8.7209,0.57792,4.5103,2
-1.5173,6.6319,3.3382,0.22205,0.025433,7.6755,1.6228,3.1324,3
-1.6265,-1.7306,0.25171,1.2295,1.7317,5.1297,5.2817,4.8088,3
2.6273,1.4846,4.769,-0.53068,7.2444,6.6473,-4.3346,7.7281,2
1.4596,2.4558,6.4832,3.3636,6.2794,3.356,-1.0183,1.962,2
0.78448,0.21104,4.5392,5.9481,5.9521,2.5511,1.8115,2.8297,2
-0.36788,2.3777,-0.00067,2.3272,4.3155,-1.8186,-0.96631,-0.43768,1
0.056533,0.27682,6.3826,2.8635,6.2778,9.8731,4.545,6.7409,2
-0.86448,0.29754,1.4343,4.4617,3.6855,5.1301,2.8587,4.5967,3
-1.7134,-2.2639,0.07644,-1.7535,-0.000406,-3.6533,2.2879,2.354,3
0.90625,4.2142,0.93427,-0.63543,0.89765,-0.51766,0.26084,2.3511,1
2.3667,-0.27612,1.5026,1.7509,2.0515,-0.93655,-0.44638,-0.10212,1
1.6512,1.456,3.6087,2.5408,4.6699,9.5841,2.2345,4.0532,2
1.7792,-0.18762,1.8393,-1.626,-1.6107,9.3451,2.8288,3.3564,3
1.1391,0.16705,1.1686,1.587,0.86028,-2.7519,-1.9261,0.56937,1
-0.60252,2.1947,3.9507,5.3363,5.1945,5.5585,2.0814,4.7929,2
2.4406,-0.50015,0.337,3.4453,-1.1518,2.1976,2.1753,-0.10443,1
0.67368,0.35465,7.0604,-0.98989,7.5111,6.247,-2.4203,4.2828,2
2.4841,-1.1351,4.6406,-0.040463,2.4182,-4.1753,-9.4624,7.3468,2
-0.8076,-0.74735,1.3882,3.0209,-0.86239,-0.54976,2.37,2.2444,1
0.20886,-0.93494,4.5232,6.2303,-0.0046,7.3389,4.2271,6.1409,2
0.071471,-1.2878,-0.042279,0.83901,0.89326,2.2286,7.3497,0.2406,3
-0.18762,2.4105,-1.5193,1.3936,-1.1827,-0.81915,-2.0865,-0.40872,3
-2.3832,-1.7063,-0.079006,0.86504,-0.43455,11.258,1.3388,1.6757,1
2.3192,-1.3523,-0.39032,0.66759,0.13013,-2.8285,7.313,4.756,3
1.4402,3.8371,5.5888,6.9573,4.1408,1.4845,0.74935,6.3685,2
-0.23511,1.8986,-0.56229,0.88281,0.081197,-2.6948,7.0004,-0.97277,1
-1.4494,2.5977,1.9162,1.4343,0.97597,-1.396,-3.667,-0.11589,3
-1.0597,0.88474,1.2212,-0.76118,-0.27327,-3.1033,7.6563,-1.9078,3
1.8757,-1.5535,-0.99486,2.4945,-1.6947,4.3513,-4.4533,-0.7283,3
-2.5422,-0.57564,8.1757,-0.94715,-1.5237,-1.951,-3.6768,3.756,3
5.0786,3.6869,4.7292,-1.8245,0.70901,10.452,1.1718,-0.31372,3
3.6849,-0.30416,0.091322,0.59011,0.40325,-4.5684,5.3634,-0.078479,1
-1.9101,0.81754,6.3069,-3.6626,4.6645,1.3155,3.836,6.7027,2
-2.2188,2.8782,6.8197,0.10502,6.697,-7.3563,3.4848,5.1048,2
1.9513,3.1885,3.5173,0.52091,4.8988,-2.4122,-1.7248,1.4733,1
2.9774,4.6007,0.34114,-0.75451,0.009398,-2.0803,2.5227,-0.41746,3
-0.38218,0.33227,1.7389,-1.4954,1.3122,3.1006,-4.594,0.10316,3
3.1648,1.8055,7.5572,-2.0005,5.5329,5.2388,4.7372,3.8983,2
-0.24942,0.68626,-1.344,2.4547,-1.7371,-0.6332,-2.7688,0.90313,3
1.7488,1.5135,5.8626,5.2662,7.5069,4.9486,-3.2375,7.2559,2
3.4981,-2.7348,6.496,-5.8386,4.0721,1.9805,3.4931,5.987,2
1.7238,3.5931,4.2842,3.3618,0.14491,4.352,2.6386,-1.1727,1
-0.41406,2.9377,0.045224,0.024266,4.9291,-0.13099,-0.56338,-0.59446,3
3.0168,2.8132,0.83313,4.371,6.2545,6.2733,-1.4515,4.343,2
0.82647,1.0167,-0.18295,2.9532,-1.148,0.564,-3.1278,0.91975,1
0.49678,-1.4656,4.2806,-0.63879,2.4476,4.2342,-4.4309,-0.10319,1
0.49592,0.52421,0.022605,-0.94816,-0.18833,4.801,-0.17921,1.8372,3
0.78741,0.76434,5.7219,3.3291,5.7474,8.4239,1.3234,5.3717,2
-0.23026,-0.67567,-0.89732,1.4368,4.0079,3.7366,11.132,0.60104,3
0.14233,-1.6052,0.27615,-0.31039,-1.4856,6.966,2.4137,0.10707,1
4.2281,0.054411,0.21391,1.5312,-0.14483,-3.502,-1.5796,-1.3594,3
-1.1975,1.9302,2.8018,-1.1401,2.1159,-0.005815,11.754,4.0293,3
0.8805,-2.2542,2.1373,-0.020733,-0.47856,-0.72075,6.3264,-0.010936,3
2.4315,0.91145,-0.21408,0.52969,-1.0907,8.9777,5.1353,-0.47694,3
-2.3228,1.3553,2.7807,1.4894,3.5402,-1.1612,10.001,-0.17128,3
1.7175,2.0685,5.6453,-1.4123,4.9898,10.203,-1.5521,3.9869,2
0.045512,-1.1565,2.3144,2.9018,4.5278,1.2252,-0.38359,1.7981,3
2.7485,1.0637,5.0342,-0.8067,4.5395,3.2906,4.7783,5.7041,2
-0.69811,4.0078,0.4291,-1.414,5.3916,2.5661,3.6124,-1.6713,1
-2.5236,-1.9139,5.7173,5.3759,5.9398,0.76048,1.4125,7.6063,2
-0.80495,2.299,3.1746,0.03758,6.7394,-10.525,2.516,6.6834,2
-0.95952,1.5758,6.4306,-0.69424,-0.48363,-0.94973,-4.118,-0.7374,3
1.8411,0.86503,4.8298,1.1221,2.8687,7.3928,3.477,7.4963,2
-1.7315,-1.6871,1.1607,0.37579,-0.62167,-0.43177,7.1135,4.152,1
2.0841,-1.0629,0.41356,4.1857,-1.1699,-1.0066,8.1378,0.64985,3
-1.7357,5.13,-1.0596,-0.36545,-0.68045,0.58955,-1.7603,-0.006752,1
-1.7549,-1.4604,0.53817,0.31597,1.059,3.286,-0.26625,0.47518,1
3.5112,-1.0288,5.7362,3.5605,3.8776,4.8736,2.5386,6.3804,2
5.1541,-0.98509,-0.48686,-0.33582,0.51875,-1.2178,-3.0444,1.6157,1
1.7783,1.0341,4.6355,-1.3134,5.8968,10.24,4.8657,3.4672,2
3.0854,2.281,6.2848,4.4193,5.3588,8.5933,3.6488,6.9051,2
1.0081,-0.56505,7.1749,-11.59,1.5365,2.4976,3.6935,5.9553,2
-1.1783,1.8706,-1.1334,0.21124,-1.7584,-1.892,0.4349,5.7647,3
-0.95262,-1.3454,-0.54643,1.8744,2.9241,2.0817,-2.5187,-1.0599,3
1.8558,0.040328,6.9851,2.3887,4.1119,6.1935,-2.698,4.06,2
-2.093,-1.3746,-0.43934,4.1834,-1.914,-1.748,4.0044,-1.8925,3
-1.8071,-1.8309,2.5238,5.9619,-0.40951,-0.35682,4.3579,-1.3525,3
2.5312,2.0365,5.3046,3.2471,3.9869,3.6282,4.7785,7.7602,2
-1.3226,-2.1786,-1.3859,5.8317,-0.82375,5.9994,2.8617,2.6997,3
-2.0359,-2.3512,1.303,4.0585,2.2798,1.2579,1.0681,0.26869,1
-1.256,2.1884,-0.98705,0.70647,-1.6944,-4.0332,-1.9134,0.5824,1
-1.9364,-1.7341,9.6251,1.3797,2.252,6.1441,0.8089,0.082803,3
-0.96725,-1.5321,1.6901,1.8499,2.5334,-3.2808,0.40208,5.3606,3
0.51783,1.8802,-0.3564,2.7987,6.2939,-5.4013,-0.24066,6.7037,2
0.24883,3.0038,7.1525,-1.8117,4.3148,2.7243,3.0678,5.8836,2
-2.6236,3.1548,0.39254,-0.62839,-0.14454,-4.903,1.3611,1.9726,1
-1.7644,2.9056,1.1544,1.531,0.51493,6.0999,-2.9253,-0.14479,1
-1.9358,5.0976,0.69493,-0.15887,2.6613,2.8553,6.8354,3.4463,3
-1.4823,-0.17323,-1.8564,-1.0435,4.5055,-2.5479,-0.065706,-0.5135,3
-3.3791,0.34085,5.5238,0.6377,2.83,-0.2647,2.4073,4.1922,2
-2.5423,-1.2896,-1.0734,1.3401,-0.52046,5.4084,7.4667,3.8386,1
2.4002,1.205,3.8603,4.3559,7.0868,0.77124,4.6926,4.8956,2
-0.25325,3.3885,1.0421,2.0441,-1.5687,6.2075,-0.18117,1.1137,3
0.22047,-1.078,2.9592,-0.60922,0.97234,-0.40514,3.3555,-0.54984,3
-0.83983,0.94234,7.4391,4.6767,7.1822,3.8762,2.9816,6.1213,2
-0.36763,1.3828,1.7549,-0.40562,2.6986,-3.101,2.291,0.070891,1
2.2472,0.037295,7.3117,-3.3288,1.4983,9.622,2.4572,5.4143,2
-0.51152,-0.75709,-1.2119,7.3533,5.2703,-3.289,13.971,-1.2865,3
1.0947,1.9396,1.061,-0.29171,0.045798,4.2091,4.3493,-1.9948,3
-0.88121,1.1866,0.93384,-1.1644,1.0717,0.075889,0.49565,0.93425,1
0.14085,1.6637,5.1599,2.5771,0.4104,-1.3928,7.4453,-0.18714,3
3.4044,1.7093,6.7168,-0.74118,6.8517,8.1542,3.0324,4.8633,2
0.75106,2.3712,5.9248,3.4619,5.8149,2.4577,5.011,4.9433,2
1.8274,-0.024135,2.795,-5.8473,7.401,-7.6655,2.4548,6.0441,2
2.985,-0.069091,5.1962,4.3069,7.004,5.2329,2.7288,7.6692,2
-0.38455,-1.293,1.8341,-0.2229,1.4895,9.5578,8.8198,-0.089908,1
-0.61431,-0.25976,1.9631,1.4098,2.3014,-1.6098,-0.25999,2.1666,3
-0.21413,1.5436,0.048479,-1.1622,-0.53438,1.223,3.2169,1.0088,1
-2.6328,1.7432,2.6632,-1.1452,0.34671,-1.1656,-2.7631,0.68105,3
-2.1613,-2.6692,3.1272,-5.7432,6.6717,6.3748,0.30969,5.2205,2
-1.0138,0.71649,-0.98414,3.8134,2.094,-1.8905,4.571,2.6881,3
-2.1195,2.531,7.0124,5.5386,4.2448,5.4054,3.6543,7.047,2
2.1475,1.4371,2.1355,0.76616,0.084812,1.3139,-0.76074,1.075,1
3.4617,1.5931,0.91813,-0.76823,4.9429,8.931,3.41,4.3526,2
-1.569,-2.2756,5.8692,-1.4065,0.88534,2.3625,-3.9789,2.4652,1
-0.69304,2.746,6.3797,1.0629,1.7763,7.5381,1.7223,6.2876,2
0.51469,1.1244,0.54996,2.5274,0.22465,-0.21526,2.8101,-0.93536,3
1.0976,-0.090662,1.5915,-1.7159,5.3908,4.652,-2.361,6.4642,2
-0.75736,-4.2305,4.3433,2.5003,6.3772,8.605,2.4778,7.0771,2
-0.82752,1.0781,1.1384,1.3635,5.1105,-3.2633,7.9384,2.8166,1
1.3418,1.937,5.9668,-4.965,6.2929,4.2182,-1.791,6.3025,2
4.0644,-1.534,0.26575,-1.49,-0.14027,1.7452,-3.7528,-0.4766,3
1.6495,3.3272,6.8925,0.98155,4.5915,5.798,1.79,3.1921,2
2.5903,2.3172,7.6614,3.2577,3.4317,9.0287,0.98722,6.8984,2
0.5276,-0.6438,1.406,1.6626,-1.3102,1.5841,-2.2342,0.6064,1
-0.76367,-2.5202,-0.91275,-1.025,0.97932,-1.5864,-1.5532,2.6044,3
4.5867,-0.85149,7.8233,-1.0909,-1.0305,0.18247,-4.8671,-1.0167,1
1.1063,2.5674,4.336,3.553,7.3818,2.4666,-3.5513,6.0137,2
-1.1169,-1.4157,0.41207,4.8965,0.73194,0.29827,-2.7043,-1.2846,1
1.1872,-2.5683,1.1284,-0.49444,3.4135,-3.5132,1.1625,5.122,1
0.29617,0.52041,3.5297,0.98796,3.8707,3.5759,3.7106,6.8937,2
-1.001,-2.5882,-0.54588,0.16541,1.5138,0.44138,11.152,-0.82486,3
-2.7344,-1.3586,0.50927,4.4977,-1.0792,-4.2694,-0.66831,-0.36563,3
-1.2392,2.5524,3.1775,2.4738,3.5494,7.6696,-0.74041,3.1925,2
-2.3815,-0.62221,1.0751,0.86999,4.5901,12.981,5.3229,1.0405,3
1.0578,2.4558,0.15767,-1.1844,1.8996,-0.16373,3.2707,0.14404,1
5.6582,-0.32561,-0.90721,0.29736,-0.33191,7.6743,-3.949,-1.508,3
3.17,2.688,4.0492,3.946,5.7325,4.2884,0.58001,6.5992,2
1.9442,-1.3218,1.0876,3.4737,2.095,-1.4306,-0.61758,5.8334,3
-1.2295,0.23251,0.17695,-1.342,0.52764,0.8972,2.0785,0.20886,3
8.9752,-0.82786,3.0132,-1.6583,2.5704,-3.6156,-2.1717,7.4058,3
1.6105,3.3039,0.49476,5.4536,6.6943,9.7952,0.91659,4.784,2
0.81031,-1.2951,-0.60532,1.7164,0.56998,-0.81975,-2.1438,3.8736,3
1.4186,3.3523,4.98,2.922,2.2099,6.6999,0.5892,7.4936,2
1.733,0.95076,6.1341,6.7768,7.9155,-3.1477,-0.56018,6.5078,2
2.8024,-0.41562,6.8896,-0.85013,6.0887,2.1474,-1.2835,6.8563,2
-0.7746,1.9272,2.1515,-1.7254,5.925,1.5451,2.195,1.1386,2
0.83038,-0.68161,5.7817,4.7725,6.0093,4.3299,2.1225,4.9727,2
3.4822,-1.0987,-1.4931,-0.85082,0.60966,-1.2076,5.2871,5.1349,3
-0.72886,-1.1385,-1.3455,-1.9033,3.822,-2.3183,-1.8562,0.68098,1
-1.4491,-1.9325,2.9726,-0.17305,-0.47028,-3.6089,-1.9073,1.9442,3
2.4773,1.9619,6.195,2.2902,2.6093,4.8404,-3.0654,4.9624,2
0.031008,-0.98267,6.0401,1.3464,-0.3079,8.9696,2.5343,-0.87652,1
0.22142,-0.4875,0.58641,2.9455,0.33191,0.97959,2.5193,1.909,3
3.3573,2.156,6.156,-1.3361,4.786,8.8836,0.47456,7.5962,2
0.40995,3.972,0.56871,-0.27003,3.6225,2.667,5.7689,-0.56006,1
0.16412,3.8908,7.3698,1.3332,4.2905,9.2169,3.269,5.7364,2
-1.2241,-1.8673,1.1652,-0.98258,-0.41862,2.1821,3.3377,-1.347,3
1.3151,3.0954,7.0304,5.1307,1.0957,9.4481,-4.6082,5.0817,2
-2.2493,-0.68527,-1.1259,2.7597,4.6539,4.0314,9.7435,0.79053,1
3.8789,-2.2643,3.4598,2.5175,-1.0264,0.054031,0.66042,4.5931,1
-0.27322,3.2506,5.6185,3.7249,6.6932,5.0563,0.70484,-1.6172,2
-1.2785,1.832,-0.40159,-0.030292,0.86106,7.0001,-3.082,-0.77948,3
1.9675,-2.4368,0.065659,-1.8119,-1.8179,0.21893,-0.6952,2.9792,1
-1.5686,-1.7258,-0.59643,1.6784,-0.69017,1.6279,-1.3379,1.6005,1
0.2829,-2.6822,4.2456,1.498,6.4157,3.9213,2.3427,6.2594,2
-2.5274,1.6981,-1.4775,3.4274,2.3124,-2.4456,-2.7659,0.95925,1
0.36227,-2.3085,4.9703,5.9155,3.638,9.4393,-0.3667,5.4117,2
0.82456,0.16103,5.666,-2.5579,5.1502,3.4861,-0.52597,6.0683,2
-0.61717,3.4213,1.5616,-1.638,0.12865,4.5641,12.843,0.19149,1
-0.76424,2.2814,-0.49365,-0.78396,0.58293,-3.2511,0.16483,0.77198,3
-4.1604,2.7668,4.959,-5.4413,2.25,9.2542,-4.133,6.3092,2
-2.6555,2.7421,3.6725,-2.6962,5.636,6.2761,1.2535,4.5602,2
1.0561,-1.3221,1.678,5.2192,5.0151,2.6248,3.0955,-1.7978,2
-1.2699,3.473,0.40926,-0.38744,-0.13491,6.9847,3.5711,1.6787,3
2.126,0.40788,6.5304,-1.4794,1.2723,5.4423,0.099637,7.6841,2
-1.5125,0.54813,0.40179,-0.43855,1.9671,-0.35828,5.7619,0.69141,1
-1.292,-0.51483,2.7888,-1.0426,2.0891,-0.48291,0.685,4.7428,1
-2.3774,2.2061,4.6687,4.0016,7.285,7.7689,-1.0323,6.7406,2
-0.50821,-4.7863,4.7741,5.5718,4.6686,6.5985,-0.75928,1.8852,2
2.5729,2.9223,5.1414,-1.0119,4.6602,3.9797,-0.65856,6.7418,2
-2.3076,-2.0407,0.45488,-0.073535,0.90227,4.3741,0.85766,2.0162,3
7.2356,-2.0657,-0.34824,3.4287,-0.42608,-2.4432,-1.3339,0.15824,1
-1.0785,0.87642,4.9425,3.9044,3.3065,0.86601,4.1777,7.1428,2
-0.61993,0.73936,0.17648,0.44593,0.96937,10.831,-3.7553,2.6794,1
0.78354,-1.2488,1.696,3.3468,-1.0492,5.0475,1.6964,1.3291,1
-0.2958,3.6104,3.1776,5.3848,6.8315,-0.6166,3.8777,3.9577,2
-0.74609,-1.4209,0.31431,-1.0038,-1.0774,12.898,0.11781,-1.1562,3
0.92635,2.5875,5.7619,6.7837,5.0949,7.6588,-3.9984,5.808,2
1.6373,2.5378,1.4796,0.22985,6.0666,-0.37858,3.1907,4.7043,2
4.4169,-2.6191,4.0323,4.4878,-1.4716,-1.2005,-0.6336,-0.85413,3
1.2072,-0.61643,0.87563,0.20328,-1.4113,-3.9192,0.49867,0.98912,1
0.55403,2.2856,1.3162,3.6444,6.3965,3.6242,-0.75705,1.8849,3
-3.4449,-1.4545,5.8333,0.77132,5.0785,-1.5204,0.19048,5.2335,2
3.7198,2.3435,5.9388,3.9093,6.3941,2.5219,0.67605,5.1906,2
-0.51018,2.2947,4.2222,5.436,7.5582,1.5686,3.2879,6.4573,2
-0.28687,-1.0149,-0.33344,0.74621,-0.81338,-2.0302,0.75272,1.2027,3
-0.28143,0.38789,2.9174,4.3663,3.1984,-2.4314,0.37877,5.1065,1
3.922,-0.93153,1.5,0.04529,-0.040376,1.2811,3.197,1.6065,3
-0.49423,-0.95075,3.2225,1.4522,2.646,-1.0024,-1.8785,2.3584,1
-1.7534,2.4466,7.2786,-4.8405,4.9715,-5.0688,2.1539,6.8995,2
-0.27081,-2.7536,-1.7603,-0.06115,1.8518,0.99504,1.5958,2.0885,3
-0.16707,3.3833,5.041,-5.8968,5.0339,9.9948,2.5745,6.0264,2
2.429,3.5191,5.6068,0.7169,6.0593,7.5235,2.9666,-0.22839,2
1.8981,2.2613,2.8387,1.4695,5.701,0.18944,3.2464,6.1706,2
3.5867,1.9563,6.0512,1.2121,6.5754,4.9856,2.0146,7.7128,2
3.642,-2.4077,0.98954,4.1802,1.4229,4.328,4.4332,2.8117,1
-0.45215,-1.9164,0.42446,-1.3134,1.8644,5.5667,1.2749,1.2972,3
-0.26769,2.2358,4.6152,-0.88686,4.1404,6.4851,0.69808,4.5571,2
0.7156,3.0486,-1.0454,0.64079,6.5462,7.5466,0.89637,5.6056,2
-0.26985,0.86479,0.86381,0.21088,1.5128,4.2695,3.0472,-0.13534,3
2.5261,1.0826,7.6404,3.112,-0.67405,8.702,3.4102,4.4708,2
3.6586,1.1673,0.69197,-0.49087,3.6933,-0.48483,-3.4611,-1.5632,1
-2.5668,-2.2506,-1.1655,0.57119,5.1031,5.0904,3.2007,4.6395,1
2.7234,-1.1529,5.6402,1.4019,6.7711,6.1701,2.4819,6.3484,2
0.30055,-2.1885,-0.32919,-1.5902,-0.66961,5.7676,-2.9968,2.9732,1
-0.7912,3.2107,6.2855,3.9808,6.3148,7.5776,2.9406,3.8672,2
3.2874,1.383,2.944,5.8671,6.2198,6.8423,1.867,6.7369,2
-2.2874,2.6919,2.9902,2.8241,7.1644,6.365,4.2867,1.4985,2
0.9216,-3.1273,5.7828,-8.5796,7.605,-5.9587,4.292,5.6781,2
-0.70074,1.4853,6.3202,4.6216,2.2553,4.1019,-0.66597,3.7915,2
-2.7642,0.19237,5.4358,-6.9469,3.7109,4.0309,-0.58822,7.7471,2
-1.0698,-0.77609,-1.6224,0.10421,1.8391,-0.67736,8.1487,-1.1351,3
3.1835,-0.87463,-1.5042,-1.1904,-0.55546,-4.7933,-4.7609,1.0135,3
-2.5193,0.29038,2.2909,-0.66076,3.1117,2.1765,6.6743,0.96344,1
-1.819,1.7721,-0.74674,2.7846,1.083,-2.3311,-0.58441,4.5303,1
-2.3503,0.29594,1.2599,1.0945,3.0388,-3.0074,-2.7914,0.90802,3
4.1601,-2.7911,3.1992,0.051288,-0.72537,0.50931,-0.94332,1.8714,1
1.0754,2.6969,5.4377,3.5367,5.3243,2.2467,-0.34282,3.9662,2
1.9924,2.9789,4.8732,-0.61135,5.0989,9.9615,-2.63,5.157,2
3.5311,-2.601,4.7198,2.6383,-0.51662,15.038,2.4907,2.6152,1
-0.082012,-1.9633,0.29774,-0.82797,2.4349,-0.53741,1.7705,1.6947,1
5.8526,0.63794,3.2485,0.49623,2.2666,1.9732,-0.78609,0.050634,3
-8.9568,0.10847,4.2527,0.72016,5.7274,8.5402,2.8437,1.5142,2
-1.4978,3.8057,0.1447,0.96674,5.1841,10.037,-4.2149,-1.798,3
2.6982,-0.46714,5.4568,3.0349,6.1884,6.3757,0.75987,7.2289,2
-2.0702,1.6226,1.1663,2.2977,2.4021,-4.9729,-0.55885,0.85485,1
-0.87559,-1.6174,4.0323,1.7514,1.2747,0.5119,7.6388,3.2847,3
-0.83166,-1.3341,4.4865,6.1109,3.8376,8.3526,-0.64509,4.7398,2
-1.7354,0.08645,1.7414,-0.38202,5.3161,20.421,-1.3857,2.378,1
-2.2846,-0.32724,-0.83396,1.8214,-1.1377,0.93488,-1.8303,2.2274,3
-1.4961,-0.46756,0.12311,-0.62979,2.4915,5.8213,17.979,0.41646,1
-0.52343,-1.9604,2.7324,1.7526,3.6183,7.2467,8.329,-0.55719,1
3.3614,-0.30436,-0.99365,2.4622,-1.0634,4.6634,-2.3274,3.8856,3
1.9068,1.6845,5.7152,1.5477,7.1966,1.6655,1.2053,6.5206,2
-1.5587,-1.3806,-0.89093,0.013303,-0.72617,1.9117,9.1731,-1.7402,3
0.43691,0.82303,7.2727,3.6288,3.5881,8.8219,-4.0902,5.9007,2
0.32111,-1.8064,-0.69594,4.0177,-0.47224,-2.8162,3.3907,-0.064556,1
1.3981,1.0926,6.0081,0.11484,6.955,2.0479,-2.0688,4.8628,2
-2.0935,0.41783,-0.46578,0.47262,0.61576,-0.8809,-0.25772,0.91912,3
1.1429,2.831,5.6913,3.264,7.4814,4.0957,-1.534,5.0116,2
-2.104,1.306,1.1454,1.9764,0.21505,6.5975,1.3412,-1.5413,3
2.4707,1.3395,5.4858,5.7492,0.1975,8.2219,4.3504,4.4255,2
-0.33067,1.2837,-0.94955,5.5648,3.7814,-2.3605,-4.3637,0.64896,3
-0.64231,-2.0453,3.1528,1.0972,1.9588,11.923,9.1306,2.5994,3
1.0005,-0.4581,1.9497,1.0463,-1.3634,5.6868,3.6717,2.2887,1
0.79257,-1.7555,-1.3776,3.1206,1.4645,-0.79902,-0.28853,0.35967,3
-0.86952,3.228,6.0475,1.1855,4.2385,6.686,1.6727,7.3589,2
3.1592,3.2629,7.391,5.1248,5.9952,5.8041,4.0666,6.8856,2
-0.41823,0.76288,-1.4833,0.48174,4.5049,-0.57144,2.4262,1.9102,1
-1.5701,0.25619,4.2171,-0.66685,5.2371,6.0826,-2.5347,0.74221,3
-0.96567,-0.10788,0.68398,1.2754,0.62694,-2.3374,-1.2488,3.8863,3
0.89911,-1.5254,3.536,1.0683,-0.15855,4.0305,6.1658,0.77776,1
-0.91622,0.35684,2.6499,0.86331,0.19482,-3.1327,5.1098,1.9257,1
-1.8068,-1.8035,-0.3041,-1.392,0.048294,5.6416,0.61028,3.7118,1
-2.3178,-2.5469,3.2265,-0.94862,4.1619,4.274,-0.69766,-0.69787,1
0.79027,1.8563,6.5268,-1.3688,5.7383,7.2158,-3.2054,4.5795,2
2.5533,2.7609,7.4536,-1.8681,4.4551,2.1804,-5.1862,4.7697,2
-1.0288,-0.005574,0.73709,3.1032,1.1161,4.143,2.7954,1.5038,3
-0.16594,0.87744,-1.6931,3.7618,1.5692,4.5481,-2.4209,0.99618,1
2.6233,3.3852,6.2172,1.4764,5.4888,8.7516,1.9896,6.8038,2
0.35117,1.788,4.7807,5.9785,3.2982,-0.55867,2.4546,3.6031,2
-0.87608,-1.2192,-0.89814,0.29502,0.45466,-4.4917,11.081,-0.75382,1
1.3074,-0.67975,2.0214,-1.3406,-0.14906,-1.5604,6.3335,1.7401,1
-1.5716,-1.7654,2.5379,0.55514,0.58667,-2.8484,-1.304,1.6796,3
-1.0981,-0.38783,-0.3615,3.0003,-0.88846,-1.3764,0.51531,-0.73097,3
-2.0107,0.19697,-0.2917,0.87234,2.817,-2.8206,-2.7577,0.17064,1
2.3241,-6.271,0.84261,-2.7528,3.7474,2.4297,0.98777,4.1877,2
3.1365,3.8695,6.2859,5.8462,4.2363,-4.8138,1.6828,6.8672,2
1.9959,1.6335,1.6387,-0.73875,0.20173,2.1495,-4.3232,1.8368,1
-1.4863,-0.76184,-0.37886,0.95485,1.2551,-0.83462,7.3575,0.46111,3
-2.4364,-0.12539,-0.46892,-1.7781,2.4704,-1.3878,-2.0799,0.38332,1
0.030574,1.1387,6.3952,-0.62757,6.677,1.8828,0.88789,6.5471,2
1.6297,-0.78928,3.5692,-0.36175,-0.88428,-4.4523,7.6103,4.8917,1
2.8821,2.318,6.3224,-4.2712,5.9479,9.0147,1.7325,4.2669,2
0.23794,2.1649,5.2997,2.0621,1.7363,4.6433,-2.9028,4.0414,3
-1.9008,-1.844,4.5112,-0.47189,-0.89772,-2.6213,-1.0464,-0.99885,1
-1.1877,3.4602,-0.7515,-0.7127,2.6706,1.5328,3.1625,2.6519,1
0.65272,-0.1393,4.1932,-4.3604,6.098,8.9031,2.1223,6.3954,2
-0.67902,3.714,3.1066,-1.4837,5.2907,-4.8073,-0.99494,5.7299,2
0.31736,-1.884,-0.96902,3.186,-0.62427,-3.2558,-2.3225,0.16488,3
0.42139,-1.8416,-1.3265,-1.1391,-0.35679,-0.19266,-2.9714,0.95722,3
-1.5017,-2.1408,0.46578,0.19093,3.8959,5.3347,-3.2927,-0.78217,3
-0.36085,0.42516,-1.6228,-0.094378,-0.29844,-0.86674,0.53256,0.45631,1
2.8665,2.117,0.62203,-1.8793,4.0797,3.142,9.9812,3.4549,3
-0.3847,2.3432,5.9446,4.9736,6.8636,0.55691,2.2578,5.8748,2
1.7863,-1.528,1.3132,2.3097,0.83763,-2.9777,-0.09059,2.4074,3
-2.2154,-2.5403,0.48113,4.5687,1.4376,4.6625,7.2702,5.0713,3
-0.34552,0.36508,2.3532,6.2124,6.0542,9.097,-0.75982,3.7296,2
0.74113,0.36172,0.35484,-0.5737,3.878,-3.5645,1.1007,-0.86522,3
-0.28767,2.2792,0.67688,2.9243,-0.030403,-1.5781,-0.22927,3.3988,3
-2.7365,-0.73863,-1.2501,-1.7645,-1.529,-0.93284,-3.7953,4.0629,3
-2.6679,-0.98692,-0.99385,1.2604,6.1106,3.0326,1.3853,0.93707,1
3.0613,0.58805,5.3667,-2.7258,0.88017,3.3687,3.5191,6.412,2
-1.2678,-2.0392,3.2647,0.25464,3.7259,-3.4671,-2.3933,0.22472,3
2.1739,-1.2541,-0.13893,0.9531,-1.1877,-1.224,0.6447,1.4352,3
-1.7332,-0.53624,-1.3844,0.80352,2.2054,12.553,4.8107,0.30992,3
4.3087,-2.1785,5.1893,-1.501,1.3304,-0.24158,-1.3565,1.7138,3
-0.27826,-0.47156,0.77378,0.48956,0.8655,-0.36783,12.413,-0.2096,1
3.5721,-7.1117,0.63243,-3.8469,7.7543,8.8522,-2.8294,3.5119,2
-1.0939,-0.74898,2.8002,3.1024,4.2893,9.0719,2.85,5.5476,2
1.6569,0.73341,5.3342,4.6699,4.2807,5.7218,4.9035,5.1161,2
0.54683,-0.98594,1.3693,4.8515,-1.2817,-0.29384,4.2697,-1.5031,1
-1.3048,0.47295,-0.68165,0.19049,1.0416,0.59134,6.8963,-1.5425,3
-2.863,-0.97288,-0.025835,0.17915,3.916,3.8253,0.93489,2.0228,1
-3.4014,3.3408,5.467,2.3882,6.1811,-0.38121,4.5363,7.6288,2
-1.2616,0.80003,6.0985,1.8543,2.2304,5.5409,-2.3305,2.5592,1
-0.29014,-1.1222,0.52589,0.8556,0.3989,-4.0339,-0.42167,-1.7549,3
1.3281,-0.9441,6.6229,-3.5213,2.7771,2.0066,1.7891,7.9914,2
3.4231,-2.47,0.47242,-0.85927,0.32906,6.3173,-2.5056,0.94972,3
-0.56612,-0.44077,5.3438,-5.6088,4.8461,10.72,1.2681,5.2916,2
-1.2415,1.8966,7.6363,-1.4313,5.4811,7.053,-12.816,2.0114,2
-0.94818,-1.2129,-0.53178,0.80236,0.82515,-1.2945,2.1316,2.4777,3
-2.0078,3.1668,1.6083,2.4386,0.13655,1.9985,-3.1857,-0.39413,1
0.40922,-2.48,1.735,-1.8163,-0.54623,1.3361,-4.3536,3.4414,1
-2.7317,-1.5895,2.5894,2.3758,1.2751,-3.5193,3.6723,2.1998,1
-3.6035,-2.2317,7.1656,1.5833,2.2658,8.221,2.5274,3.7818,2
3.5669,1.0969,6.6193,1.1634,7.7892,9.921,2.7919,6.5967,2
3.1223,-0.23422,0.36967,-0.12496,-1.2359,-2.4228,0.80022,-1.3087,1
0.27474,-3.374,2.4537,-2.1799,4.1825,5.4633,3.9127,5.8689,2
3.5066,-0.68806,-1.7442,-0.16598,5.4922,-3.1673,-0.25037,6.1149,1
0.13371,0.22927,1.8817,0.43019,0.20887,5.4409,-2.8285,2.344,3
-1.3319,-0.98288,-0.19432,-0.80482,3.8196,-0.49549,5.2716,6.8759,1
-0.25058,1.6273,5.3575,-1.3538,0.1713,3.0716,0.47197,1.1641,1
1.2507,-0.90396,0.18063,2.3172,-0.80231,1.1072,-4.9314,1.5023,1
-1.8537,3.786,4.6332,-4.5094,6.7616,10.661,1.1419,6.9813,2
-1.0087,1.9595,-1.3916,-1.5361,0.98442,-1.1059,-0.099322,-0.006233,1
-2.2857,3.8166,3.1551,1.3829,0.61222,-0.81384,1.0518,2.6443,3
-0.098461,-1.3781,1.7516,-1.4627,2.1065,-0.43835,2.7886,-1.0465,3
-3.4883,1.2307,5.8881,0.40091,4.538,2.5239,-2.8109,6.6558,2
2.1853,0.80834,3.9628,2.8345,4.1704,6.3662,4.161,1.3796,2
-2.0017,1.3453,4.5424,2.3352,7.4346,8.5406,0.93049,0.69443,2
1.6336,2.1338,3.8595,0.10851,7.7857,9.9181,-7.917,6.734,2
1.5309,1.1438,4.6283,0.41961,5.9992,9.9382,4.8034,4.7785,2
0.61151,3.2058,6.2354,-2.4536,5.5692,1.6614,0.34832,2.2004,2
1.57,2.5303,0.31884,0.91528,-1.8835,3.4326,6.7653,1.5621,1
-2.8194,0.27118,-1.8812,0.29394,0.86051,5.5449,8.4506,0.97313,3
-3.1978,2.9219,5.1442,1.831,5.8604,8.1461,4.1442,6.6843,2
-0.24,-1.938,-0.1077,2.1745,0.37735,2.1925,-2.3549,0.51453,3
2.7184,0.4089,2.7355,-0.087007,-1.2845,1.6522,13.193,3.3831,1
0.54935,2.5745,0.95751,-0.96711,1.3383,-4.1797,4.4404,0.71884,1
-0.33363,-2.36,4.3808,-1.9018,-0.57847,-2.5114,1.3138,-1.347,3
-2.3544,-1.1282,7.1691,6.7175,4.7651,-1.2129,1.9115,-0.44533,3
-1.4977,-1.5763,-0.95826,-0.26278,0.2192,-2.702,3.3396,0.54588,3
-0.015117,1.7034,7.3396,4.1569,6.3209,-1.4258,-7.4181,5.3429,2
-1.5888,-2.3666,7.0306,-0.99675,0.24889,-2.4018,6.4239,-1.6357,1
-0.027237,-1.2064,-0.060538,-0.55611,6.8332,6.7268,-0.83315,0.62819,3
2.5413,0.62839,2.8781,-3.4666,7.7079,3.0208,2.4433,3.3075,2
1.7558,-0.3835,6.357,1.885,4.4593,5.1465,3.5308,3.651,2
1.332,3.2911,-0.85786,-1.3545,0.1161,-1.6795,6.3071,-0.25151,3
0.6822,-1.6122,-1.5438,0.39003,0.11467,0.10471,-1.6392,3.3135,3
-0.1898,-0.78397,-0.16602,-0.11669,-1.1546,1.628,6.2945,-1.5914,1
3.4795,3.58,6.5977,5.3409,4.9611,2.0941,4.6786,3.8664,2
-1.4977,-0.65452,2.9623,-0.051636,0.25754,0.47968,-3.6077,-0.46554,1
-0.11901,-2.1039,1.2174,-1.1798,0.041153,-3.1394,0.014357,2.0311,1
-0.60118,-1.7944,5.9108,2.5521,7.1818,-4.5633,3.3008,6.5837,2
2.3742,-1.2695,4.0526,2.8826,6.9702,9.5433,-4.8773,6.0444,2
-1.7237,0.089865,0.34752,1.172,1.1675,1.2546,-1.4389,5.6575,1
-2.3144,-1.9031,1.6432,-1.4055,0.10377,2.2863,8.4025,0.232,1
1.4474,2.1504,3.0459,2.0671,3.2263,9.749,3.5716,4.8051,2
0.064053,-2.1297,-1.2798,2.3507,3.557,2.6064,4.9213,0.74813,3
3.0707,-0.98617,1.9897,5.6403,-0.22528,-2.1744,-1.2925,3.2844,1
3.1673,1.453,3.4379,6.5752,1.9509,6.2676,3.1189,6.8952,2
-1.1372,2.7876,2.804,-1.4765,1.3283,-3.7006,4.1804,2.0093,1
-0.15437,3.2345,5.9254,4.2665,3.0692,9.2725,-7.9681,3.3646,2
1.2895,2.0205,4.8843,3.1075,2.6102,8.6695,-0.58244,6.2889,2
2.4903,1.8097,4.5793,-4.9789,7.9058,9.9001,-2.1163,4.2493,2
2.0314,0.84781,2.2444,3.099,-0.28652,3.8448,-0.52548,1.354,1
-0.12563,-2.0027,7.818,-1.183,-0.34672,0.16485,-3.0779,2.1368,1
0.12723,0.33468,3.1929,2.7984,7.3646,6.5085,-6.3493,4.1292,2
0.78337,0.27152,6.9144,3.507,6.367,4.3473,1.4122,6.9887,2
0.20022,-1.1818,2.8894,-0.66472,1.7908,-3.6956,-2.5381,-0.67164,1
5.7293,0.46107,-1.3142,-1.3577,3.1903,1.5044,-2.1932,2.6401,1
3.9366,2.2004,3.502,3.3836,0.56252,-3.27,-0.88343,-0.40995,1
0.4757,1.6296,6.713,-0.78927,2.9944,6.255,-4.2171,7.168,2
-0.50863,-1.7523,7.2117,-1.9723,-1.1383,-4.7173,7.5458,1.4716,1
-1.2652,-2.0124,0.78601,-0.63943,-0.18889,-2.7038,6.3788,3.2824,3
-1.0225,-2.2805,-1.0355,0.34942,1.0484,-0.45449,3.1101,2.3552,1
-1.5861,-1.538,5.1524,-0.062227,-0.75323,5.8402,-2.2082,0.96735,3
-2.3547,-0.70352,-0.69535,-0.42346,-0.86298,-0.42667,2.6858,0.75629,1
-1.3874,-1.8004,0.40034,5.3809,1.0774,7.9539,-1.7114,4.4118,3
3.6356,0.98893,3.5837,-2.5813,4.3184,2.879,1.3464,4.0471,2
0.53545,-0.40447,1.502,-1.1927,-1.6798,-4.0373,0.029883,2.4871,1
-0.29626,-0.5238,0.84687,-0.36341,1.3533,0.93038,5.5939,0.69302,3
-2.3886,1.0003,0.90978,-0.2896,-1.3433,-1.7205,-4.4672,1.436,3
-0.95437,5.4505,-0.32966,1.1295,0.94886,2.4602,3.7341,1.8151,1
3.1546,0.10096,3.9088,-3.6385,3.2415,7.9833,3.8623,-1.3331,2
-0.2013,2.3385,0.46931,-1.3097,3.605,-2.9629,2.0999,-1.2584,3
1.3613,-2.0196,3.2123,2.1664,-0.81992,-0.87653,-4.6957,-0.89348,3
-0.73991,0.089783,-1.8432,2.7083,1.3555,4.9037,2.3491,0.51487,1
-1.3104,0.96185,1.2348,-1.1986,-0.002725,4.3309,-3.1596,-1.6356,3
-0.96189,2.014,1.6394,0.44585,2.1254,0.98396,5.803,6.4143,3
-0.49008,0.61209,-1.1508,-1.4142,4.5962,-2.6113,5.6745,2.698,3
-0.39788,2.6474,-0.73366,2.7761,1.2224,8.0474,0.016952,-1.007,1
-1.0582,-0.21707,0.38789,-1.0304,1.7416,-1.0833,-1.1043,-0.68012,3
-2.8128,-0.78836,-0.26204,1.0137,1.6279,-2.6745,5.3791,-1.9559,3
-0.16205,-1.1613,-0.4505,1.6681,-0.84278,-3.3605,-0.96109,1.8242,1
0.29795,-2.195,4.9215,3.8365,-1.1191,-2.8757,4.0384,-1.2968,1
3.0091,1.3217,1.967,0.92788,6.711,7.3393,5.0141,6.7488,2
0.32678,0.79419,1.0841,4.277,1.7813,-4.5385,1.8841,1.7631,3
-1.3642,-1.82,-0.72067,-0.5289,0.86401,9.303,5.8078,1.2362,3
-6.3484,2.0636,4.2462,-3.8911,4.0255,2.1132,0.7541,4.6894,2
-0.69207,1.7645,3.1381,1.9159,1.6631,9.7281,1.9842,0.10182,3
-0.96145,1.5881,-0.70286,-0.66549,2.471,4.7313,-1.1327,1.1972,1
2.8927,4.1085,0.89066,0.68656,-0.028578,2.9104,5.4212,-0.31608,3
1.385,-2.2621,4.4966,-1.7182,2.1657,-4.6963,-4.1534,6.4084,3
-2.3427,0.4806,-0.97829,-0.45134,5.2332,3.9082,-0.054175,3.436,3
-1.5094,-1.6939,0.44352,-1.2748,1.8199,-0.74244,-3.171,4.6451,1
1.0118,6.5969,0.20167,-1.7929,2.4431,-3.8478,1.5149,0.36932,3
1.3398,3.5374,-1.1338,-0.47633,5.6763,2.8383,-0.60767,0.50735,3
6.0949,-1.1641,0.75007,4.2207,-0.29275,1.0219,-1.888,-1.733,3
0.44468,1.4863,7.3954,-5.5195,6.1455,9.1647,-1.7975,2.1311,2
0.38719,2.591,6.7077,0.69196,3.0334,3.8737,4.1637,7.2909,2
1.9116,4.7151,2.4085,3.7201,0.1458,5.2919,3.2288,-0.79242,1
1.7156,-0.56671,5.7189,-1.4659,-0.24072,-0.12327,5.5582,-1.1333,1
2.3522,0.041879,5.1172,2.7458,7.3704,0.97728,-1.1326,5.192,2
-0.87348,2.4623,-3.3927,-0.4871,1.1502,2.3346,0.81483,7.8685,2
0.15463,-2.5015,2.7396,1.874,1.2913,-3.6918,-1.1229,0.13293,3
6.6804,4.7239,1.023,3.5904,1.4261,-1.729,4.8592,0.57797,1
-1.1208,2.7263,2.9723,3.78,0.29049,1.7157,-2.7208,2.052,3
-2.3265,-1.0775,1.3115,0.36443,-1.6732,1.6839,3.9095,0.76375,3
-1.3297,-1.7621,-0.80838,0.49549,-1.602,10.284,-2.9743,-1.5894,1
2.3295,1.2704,3.0829,-4.8486,5.7775,7.4942,2.5652,3.8127,2
-1.6958,-0.54794,1.6096,-0.89455,0.52029,-4.5388,1.1336,-0.64459,1
-0.26021,-0.36607,-0.066386,0.30364,-0.55986,-4.3923,5.8181,-1.4495,1
-2.1968,-2.8232,0.85318,-0.28745,-0.5345,-0.96944,-2.0764,1.0947,3
2.1556,-2.7967,-1.7406,4.6743,0.8928,-0.77099,-4.6169,1.7749,3
0.63062,1.5447,6.8069,0.73665,1.3814,0.41494,2.468,-1.7363,1
0.63283,-2.1357,6.3343,0.10243,2.7005,-3.0879,-3.3309,2.4941,3
-2.1726,5.0935,-0.28272,1.6249,0.039093,8.8899,5.7325,5.8702,3
4.3654,-0.63179,-0.11356,0.60784,-1.0852,3.7972,-2.7015,1.6122,1
-1.0176,-1.5426,-1.0049,0.029511,3.4646,-4.4686,0.093385,1.0951,3
-1.7086,-1.4638,1.2206,-1.5674,-0.40517,3.3631,0.043216,-0.4318,1
-2.1887,2.1671,-0.23688,0.53399,6.7294,-3.7251,-0.70017,-1.1394,3
1.6187,-1.4424,3.9053,-0.65502,1.7988,3.2876,-4.7265,6.7512,3
3.9131,2.7642,1.5048,1.7836,-1.9062,1.2712,-0.13168,0.16536,3
-2.4491,-0.10183,-0.35444,1.1706,1.5724,5.0081,1.5665,2.9956,1
-1.627,-2.1993,0.17716,3.8483,-0.44879,1.3284,0.57487,2.0176,1
1.7464,0.29925,2.2245,2.3218,0.091025,1.5066,-2.683,-1.9028,3
-0.01548,4.3443,-1.0295,-1.3636,0.32923,-0.60785,-3.9753,0.82595,3
0.95252,-0.67704,6.0282,2.9795,0.93736,6.105,6.6811,-0.42362,1
-1.6148,2.3007,0.4869,1.5862,0.05703,0.18806,1.5846,0.87089,3
3.2847,2.7531,5.5264,3.5103,6.1889,10.172,3.1873,4.2884,2
-0.04996,-1.425,0.63094,1.4841,1.8393,-2.5691,5.2291,-1.2516,1
-0.44935,-0.40812,1.6703,0.38054,1.2307,0.23162,-0.043781,1.2653,3
-1.7005,-1.6508,1.6084,0.46883,0.94779,-1.8025,4.4108,-1.5942,1
2.1682,-0.40423,3.4767,4.0834,3.6022,-4.1108,-3.7225,3.3297,3
-2.7846,-2.4785,-0.98018,1.9483,-0.93029,-3.3705,-1.3699,-1.5556,1
2.6458,-2.3811,3.1086,0.06114,1.2758,1.8973,1.7771,0.37757,1
5.2285,0.78549,-0.55207,6.9838,-1.5117,-0.12793,-3.5286,-1.4117,3
2.4311,0.83068,0.64818,2.6248,-0.79763,-2.4584,-4.3283,2.8833,3
2.7771,1.7601,2.7859,2.6762,4.9158,4.3801,-1.8563,7.3951,2
3.1369,2.4192,5.2369,0.19873,6.2852,9.2693,2.7246,3.0032,2
-2.1187,0.67908,3.2258,-1.7629,-0.43345,-3.0281,3.0172,-0.10743,3
2.132,1.8034,4.1781,0.54018,0.18247,5.2665,0.055615,4.9165,2
0.76788,4.546,-1.6068,-0.48907,1.2547,-1.9587,4.7334,6.7916,1
3.0415,-0.76789,-0.12969,0.60416,0.58176,6.8927,3.8964,-1.7968,1
0.64408,-0.22704,-1.033,5.8248,5.7161,2.6087,5.3059,-0.63387,1
-1.715,1.2272,1.2288,-0.61309,-0.1398,4.2912,14.075,0.73989,1
-2.3384,-0.62902,-1.2098,1.8184,4.4715,4.0095,4.9272,0.60905,3
-1.439,-0.90286,6.4826,-0.85689,-0.59946,-3.4283,2.8927,-0.4696,1
-1.6272,-1.9335,-0.98547,1.8868,-0.29167,2.5467,4.3712,-1.1747,3
0.35296,2.2107,6.8938,1.797,3.1019,6.454,-2.8637,4.1511,2
1.6652,3.1037,4.8044,1.3139,7.069,-0.51149,0.42819,6.7351,2
-2.4622,-0.27103,1.0864,-0.90531,3.1264,-4.1216,0.71714,-1.2067,1
1.7167,-0.60626,1.3236,-0.2208,2.013,1.925,-3.5538,1.7741,1
0.86927,-0.76575,5.5389,-1.3466,3.7752,7.1882,1.308,6.3414,2
-2.1722,-0.59826,1.6004,5.7361,0.14249,1.6407,4.8032,5.5432,2
0.98219,2.341,5.3113,-0.77699,4.1048,8.8825,0.15271,5.1325,2
-0.42513,1.8052,2.2732,-1.1175,-1.7971,1.084,7.9999,0.82918,1
4.6056,0.2064,-0.73016,-1.6337,3.8523,3.9056,-3.5711,0.86967,1
3.8416,4.2217,3.7277,4.315,-1.6452,-1.071,-4.5336,1.4341,3
-2.9295,3.3609,7.3289,-0.54444,5.4163,3.066,2.7395,4.7024,2
1.0409,-2.6153,2.1075,1.3383,3.9085,-0.84173,-1.7666,1.1465,1
3.5355,0.64239,3.6479,-6.4026,1.8162,2.7196,0.43878,6.3999,2
2.9834,2.0177,7.3837,0.44147,7.1656,-2.0257,4.2598,5.1283,2
2.2693,1.9844,3.6143,5.6807,5.1106,7.8,-0.61675,6.1384,2
0.58676,1.3386,9.6018,0.71482,4.028,-0.39313,-1.6397,-0.56431,3
0.03727,-1.4351,-1.7077,1.0756,8.3893,-2.4633,-1.6685,-1.2569,3
2.3425,-2.3412,2.1412,-1.5532,0.2822,1.0647,4.7628,-0.687,1
0.58073,2.4543,5.2423,3.4851,3.3872,-3.3102,2.9865,6.2777,2
0.77452,-1.2354,-0.89277,1.361,2.4576,11.361,-0.062542,0.91997,1
2.5008,0.66177,6.5906,2.0612,-1.0072,4.5443,-0.73405,4.7794,2
2.7491,-0.45545,5.0721,-0.82666,0.84982,-0.73308,1.8122,-1.0076,1
-1.3773,-2.4308,-0.93377,-0.65061,-0.6212,-0.38083,-0.37288,-0.16934,3
1.8463,0.038036,7.0061,-8.9579,6.5692,1.8725,2.1945,1.8387,2
0.077721,-0.59768,3.6978,0.021689,-0.56629,-1.0891,2.335,-0.053765,3
-1.7122,3.9447,0.80445,0.36635,6.3008,-1.2767,-2.596,-1.6187,1
-0.81652,-0.73791,-0.95253,-0.72314,-1.6716,6.7912,3.258,-0.18176,3
-2.7563,-1.8337,0.68117,0.049365,4.7188,2.8138,-1.8369,-0.015145,3
1.2823,0.30374,0.2467,-1.2117,1.9276,-3.5697,-0.090042,-0.39862,1
-1.4324,0.97721,-1.2652,-0.11724,2.587,-3.2428,-3.1249,3.4712,3
2.6757,3.561,7.3942,3.0066,7.4416,5.9839,0.51682,6.303,2
0.87899,0.2942,2.7754,3.3027,3.0252,6.2831,4.6271,6.3499,2
3.4895,-1.5059,5.6486,-5.0901,6.4401,9.4611,1.6182,3.2587,2
6.591,-1.5588,0.72801,1.9647,0.36091,6.9636,4.0355,5.3625,3
-0.51896,1.6704,-1.3114,2.7559,2.1089,-0.55245,0.27078,-1.8665,3
-0.18762,2.4105,-1.5193,1.3936,-1.1827,-0.81915,-2.0865,-0.40872,1
-1.7422,-1.3932,3.471,0.50242,7.2854,-3.0442,-2.239,0.35576,3
-2.4564,0.77944,1.1854,-1.4287,-0.73935,-0.40007,5.0196,-0.72929,1
2.5588,2.0404,3.2769,0.94224,-0.4284,-1.1346,1.6012,-0.47779,1
2.623,1.7614,0.72622,-1.4871,4.3714,3.1785,1.1356,1.1292,1
-0.014998,-2.2204,3.8757,-0.9106,1.0337,-0.64505,-3.7524,3.0346,1
1.3114,1.5041,-0.85857,-0.97141,3.3452,-2.4642,-3.3545,2.4989,1
1.1768,-0.8764,-0.93091,3.9018,4.2372,11.076,-0.4336,3.8086,3
-0.55758,0.55169,4.1326,-0.95528,-0.43877,1.5414,-3.0328,1.709,3
0.44585,-2.6529,0.058754,1.0134,-1.0125,8.5551,-3.1087,-0.03682,1
3.2669,2.2204,7.5362,4.8277,4.3996,4.418,2.1128,0.90409,2
-1.2219,-1.2411,0.77996,1.2043,0.94884,-0.70547,-3.1755,3.8901,3
-2.2345,1.9961,1.1775,1.3754,6.3873,0.50138,11.927,1.9719,3
0.79903,-2.1955,2.8244,-0.021802,4.6131,-0.90651,-2.0502,-1.5209,3
-1.7398,-1.3236,0.96239,1.5059,2.5755,-1.4843,6.3553,0.73553,1
3.776,0.68707,0.75871,-1.5529,3.5877,-1.5769,0.93836,-0.88487,1
2.1137,3.0365,3.7704,-8.5275,7.6052,-0.81336,-1.427,2.6155,2
0.44674,2.0066,4.8264,4.4504,6.4326,10.783,1.2843,3.4911,2
-1.6206,-1.2523,4.9123,-1.1753,1.4896,-3.0793,-0.25029,-1.296,3
-0.20905,-2.2178,-0.63972,-1.6333,-0.53809,0.55388,9.6224,-1.48,1
1.8394,1.4,6.6664,-0.97397,7.0684,9.2781,-4.024,6.5807,2
0.42139,-1.8416,-1.3265,-1.1391,-0.35679,-0.19266,-2.9714,0.95722,1
-0.71078,-0.47794,1.7695,0.36719,-1.8562,0.3234,4.7549,-0.18546,3
3.3087,3.4982,1.2816,2.5512,-0.62018,-2.1488,-3.7882,2.3255,3
1.1352,3.0941,4.5607,6.2507,7.0802,1.884,1.8708,5.7274,2
3.4282,-1.7025,5.9956,-0.12533,-0.76296,1.7926,-3.8569,3.6646,1
-0.31534,2.9593,0.96211,-0.81826,0.88134,-0.69982,5.3602,2.4961,3
-1.4894,2.5407,7.1012,4.3008,0.80713,-0.61641,2.7527,3.8354,2
0.063174,-0.60244,1.0438,1.5258,-0.55812,2.6695,17.268,1.5787,3
-1.7694,-0.56132,2.3154,-0.2512,-1.1097,0.25437,2.7834,-0.51466,3
-1.0163,-1.1655,3.0707,1.5144,-1.1645,-0.46636,6.1486,2.1968,3
1.5899,0.27475,-1.0362,-1.4827,3.1723,1.0221,-2.4331,5.7261,3
0.70512,1.8611,0.56369,-1.4965,1.8543,3.3399,3.2203,3.0263,3
0.60793,2.8986,4.9475,3.9225,4.7553,-2.3483,1.7115,6.7635,2
2.5515,2.6123,5.4226,0.83527,4.5753,9.5375,2.1349,6.5753,2
0.69024,0.051651,2.975,0.55405,2.0661,-2.1199,0.80637,2.5089,3
0.38652,-0.35473,1.7769,1.6873,2.2646,-2.4882,-2.6995,3.8459,1
-2.1191,-2.3754,-0.77537,-0.48366,0.046671,3.3614,2.505,-1.1123,1
1.1153,-1.2816,0.38881,3.9043,1.4582,-3.4079,3.5816,2.2806,3
-0.039417,5.3691,5.37,-1.3933,1.1004,2.3928,-1.2141,0.12512,1
-1.9313,-1.4116,0.84688,0.33092,5.1518,5.0567,-0.38438,1.7872,1
-0.11996,-1.3455,6.0426,1.2653,0.032794,-4.6686,3.2137,1.7371,3
1.8572,-0.89482,2.7638,2.4592,1.1043,-1.4109,1.9608,-0.34663,1
-2.364,-0.50637,-0.4737,0.66371,-1.2015,2.563,3.8887,-0.045873,1
0.70417,0.073771,2.2074,5.7342,1.4254,6.3709,-2.4351,-0.88146,1
0.80375,1.5924,0.64629,0.18668,7.3534,1.2814,-1.3316,1.5778,3
0.64525,-1.1185,2.1438,0.79588,2.4983,4.4568,2.1792,-0.583,3
-0.51681,-0.42477,7.1678,-1.594,5.6894,-0.27201,-1.0586,4.1096,2
1.8852,-1.7616,1.9196,0.18351,1.6118,-3.0017,6.6523,3.6564,1
-1.0087,1.9595,-1.3916,-1.5361,0.98442,-1.1059,-0.099322,-0.006233,3
2.9241,1.3245,4.4635,-5.5949,6.9736,5.9151,-1.476,6.1564,2
-0.98885,4.8784,3.1003,1.5856,-0.65755,-0.887,-1.2084,-1.3625,3
2.0159,-1.2021,3.749,1.7428,-1.2897,-1.2834,1.6339,3.7369,3
-0.78138,1.0711,0.21057,4.8791,4.7363,-4.7211,6.6394,4.9789,3
-1.0655,2.4166,0.94028,2.7025,0.10789,0.90319,-3.5458,0.14217,1
-1.3743,-1.5797,-0.55331,-1.4917,0.33083,-2.6749,-2.2982,6.3827,1
-2.5357,0.57603,2.6373,4.9817,1.5503,-1.6024,3.8876,1.8727,1
-1.6004,0.37985,-1.5874,-0.91932,-1.2126,-3.5425,2.4889,-0.68459,1
1.738,1.5064,6.2333,6.9723,1.6303,2.4643,-0.26673,5.5191,2
-2.3865,-2.7594,4.3623,0.7481,6.9513,2.7933,-2.2382,-1.0132,3
4.5874,-0.98574,0.9226,2.9303,3.3012,9.1807,3.2501,0.8968,3
-2.6455,-1.4792,1.1385,-1.7678,1.7468,1.9933,-0.76724,0.51234,3
-0.52219,-1.788,3.0542,-0.96092,0.76746,-2.8576,-3.3542,-1.5827,1
1.2453,-0.005136,-0.19795,-1.219,0.77689,-2.9562,-1.6749,0.54469,3
-2.1191,-2.3754,-0.77537,-0.48366,0.046671,3.3614,2.505,-1.1123,3
1.3202,-0.8272,5.8598,3.8682,5.4856,5.9425,0.078669,6.2386,2
3.2289,2.0606,5.8643,1.6098,2.5282,8.0283,0.12339,5.941,2
3.6188,1.7958,3.8745,4.2216,5.3853,4.5514,5.3566,6.4497,2
5.7129,-1.4015,1.6232,1.9,3.049,0.2256,9.3534,0.23618,1
1.8374,-0.057396,2.9513,-1.2292,7.8821,-4.3464,0.14118,5.1464,2
-1.3894,-0.026401,-0.036566,0.98057,1.3354,-3.7901,-2.7768,2.8245,1
3.6981,-1.0961,0.4671,0.77539,3.2581,1.9752,4.2755,0.49688,3
1.3377,-0.83189,2.6723,-1.4864,-0.94516,-3.6809,-2.4358,1.7269,3
2.7009,3.3588,0.25709,3.0774,4.835,6.0267,3.1638,7.0759,2
-0.70324,3.2828,1.9071,0.19011,5.907,-1.1934,3.952,0.91396,1
-0.37811,-2.6403,2.2703,-1.4172,0.8525,3.7749,-2.9662,1.386,1
-0.94602,0.18597,-0.39814,1.33,3.0627,3.2051,-1.3703,2.3832,1
3.0913,8.0892,2.9843,2.6026,-1.4015,-3.49,-2.6991,0.058061,3
-0.97426,0.37876,5.8764,1.8778,5.6611,4.2846,2.2897,6.4361,2
2.27,2.3556,-0.43793,0.41074,-0.247,-2.2292,5.4534,2.1607,3
-0.051855,2.0904,-0.0877,-1.818,-0.39354,-0.25555,4.4073,-1.4101,1
0.019274,-1.6418,4.7929,0.32356,1.0751,1.381,1.0864,0.60032,1
0.5997,-1.1158,4.0209,3.6895,-0.71617,-3.3079,-2.108,2.557,3
3.2763,0.58293,6.1459,0.92952,7.1365,1.5748,0.85416,6.5861,2
-0.30954,-0.50667,-0.59961,-0.79609,0.59524,-0.1537,8.9,-0.97353,1
3.0568,4.9635,-1.3728,1.2798,2.1262,4.8517,4.3671,6.1045,1
-2.8612,2.1088,1.1858,0.49755,2.935,-2.6943,-2.1157,-0.87231,3
2.6372,-2.8702,5.745,2.5881,6.4259,7.5465,5.3254,6.4515,2
2.5562,-1.4658,5.693,0.047356,3.8235,4.5582,-3.6793,3.8605,2
1.3972,2.4647,7.197,2.8483,5.025,5.9767,-2.9582,5.9986,2
-1.344,1.2774,1.1293,-0.77671,2.2359,0.91896,3.2341,0.13994,1
-2.6455,-1.4792,1.1385,-1.7678,1.7468,1.9933,-0.76724,0.51234,1
2.7094,-2.798,5.2335,1.2669,1.3402,6.817,1.7014,4.9646,2
1.2436,0.95785,5.3717,5.0039,6.3638,8.7006,1.4793,5.4007,2
-2.4795,-2.8784,0.28091,-0.85536,-0.42915,-2.7148,-3.4134,1.3172,3
-1.2672,0.85708,3.9496,4.275,6.4078,7.6715,-4.1595,-2.2712,2
3.492,2.4751,3.0117,2.4193,6.4958,10.58,4.2074,3.7698,2
-2.5012,-1.8121,1.9386,2.5632,1.5098,-0.25201,0.27525,4.9443,3
-0.61185,-1.6515,-0.25238,0.86352,-0.9157,6.4725,-0.7571,1.8357,3
1.3679,-0.39491,-0.26896,1.7409,2.4423,3.7259,4.3199,-0.74039,1
0.90843,0.92819,-0.10924,3.643,1.5222,-2.3243,0.25917,0.77383,3
-1.8828,-1.2397,4.1109,-1.2434,-1.3986,4.6628,-0.48479,-1.0591,1
2.8801,-0.4044,1.4472,1.6367,0.11749,4.8493,-2.9607,0.1359,3
0.74004,1.4686,5.4258,-2.2553,0.11049,6.837,1.7978,7.3378,2
2.6498,-0.56274,2.9972,0.44572,1.0083,-3.3409,7.9696,0.7223,1
-0.3992,2.1239,0.030868,0.26432,-0.80265,5.061,0.39826,-0.41026,1
3.478,1.3095,6.7215,4.5558,2.6353,-4.664,4.5794,1.9851,2
3.168,2.4286,6.6363,1.5098,-0.92287,-2.738,4.8684,0.92708,2
2.014,-1.8821,6.1217,-1.3608,-0.060713,3.0775,7.2163,1.3558,1
1.0585,-1.6423,0.8871,2.8301,-0.36984,1.455,2.7049,-0.66647,1
1.0157,-1.2258,5.5429,1.1569,5.4051,-0.033251,2.1839,4.8714,2
1.7749,1.7352,5.7548,1.7237,6.3743,5.0319,0.55288,7.8102,2
2.8745,-1.7898,2.6458,0.16821,7.7481,6.7442,4.5144,5.421,2
-0.34999,-0.94783,0.25459,1.1709,1.0342,-3.7282,7.5029,0.20159,3
3.2845,2.8936,3.0105,5.6141,6.3586,2.5597,-1.1538,5.3473,2
2.7263,0.60099,6.0214,5.5068,4.0132,2.3209,2.5275,5.7283,2
0.35432,-1.8551,1.1479,3.5884,-0.4062,5.7851,10.428,3.2796,1
2.8096,6.62,4.2376,3.8244,2.433,3.7059,0.56791,0.45448,1
1.1093,0.031188,3.1393,-0.039556,0.77544,-0.27775,-2.6134,3.9106,3
0.10553,2.4211,5.8878,6.3449,2.6968,7.7068,-0.53603,4.4147,2
5.8468,-2.4143,3.5611,0.47106,-1.8618,3.8786,-0.87666,-1.5834,1
2.7596,-3.2144,3.4397,-1.135,6.695,-1.5745,-0.84937,0.46645,2
0.81041,0.56967,0.31118,3.3554,4.9562,-3.1468,1.4621,0.23103,1
2.4729,1.7568,4.1091,5.4674,6.0129,1.1026,2.8785,5.9544,2
0.271,3.3513,4.305,-5.3869,5.554,5.7305,-3.4921,4.1875,2
-1.2504,-1.9666,-1.6804,-0.93198,5.375,3.3005,-4.7178,2.9931,3
1.1267,0.39771,-1.1883,-0.65402,0.92468,-4.6012,5.4104,-1.44,3
-2.5307,-1.9307,-1.0975,-0.8814,2.4556,1.8573,1.3433,0.24705,1
0.70398,1.6295,7.6531,-2.4439,6.2495,10.256,4.3945,3.6579,2
-0.55349,1.7239,5.0247,4.2243,1.4641,6.8189,-1.2306,2.1566,2
-1.7771,-1.5803,-1.2853,0.1292,1.6146,2.5486,-1.4208,-0.26825,1
3.5318,2.3106,5.5423,-1.7101,4.7813,7.2885,3.736,5.5167,2
3.0808,1.2142,6.7283,1.9075,6.5266,9.618,4.9566,7.7492,2
-2.1059,3.1873,7.687,6.5683,7.0138,0.13861,0.81687,4.9892,2
-2.6366,0.26078,-1.4667,-0.61569,1.8072,7.2393,-3.3021,-0.89524,3
-3.4572,2.592,4.8332,5.6028,6.0931,6.375,3.2002,5.4679,2
-0.2991,-2.1468,-0.48893,0.48929,-0.12126,-1.5219,-3.8754,-1.7241,3
2.3061,3.3279,4.7686,-2.8764,2.7577,1.2451,3.5195,6.1157,2
0.71963,2.3824,0.65891,1.3403,-0.92397,-3.6363,3.9809,3.2027,3
0.48015,1.5605,2.4669,2.095,6.1844,2.8175,0.20965,5.3844,2
-1.7739,0.2528,-0.47555,2.1275,0.40701,-3.4639,0.001039,1.3935,1
-1.4281,-1.2647,-1.0038,3.0675,-0.37857,4.9268,-0.19462,3.5899,1
1.1965,-0.42898,-1.5176,2.0505,-0.73568,3.347,0.44544,-1.2367,1
-0.88293,1.0611,1.7214,-0.014518,1.8227,-2.1301,-3.4143,2.0293,1
-1.0947,4.8282,-0.28135,1.2356,2.3272,3.3218,12.87,4.3136,1
-1.1124,-1.0748,4.3602,3.1104,0.70655,0.99383,0.13006,6.0748,1
1.7308,2.2923,7.5995,-2.3309,4.9664,4.9561,4.9067,7.0857,2
-1.4822,1.0939,3.6271,-0.71843,2.1975,1.3491,1.5851,-0.22293,3
2.0184,0.83366,5.117,-6.9821,5.1719,-1.3304,1.2534,7.0181,2
4.1954,-1.2095,-1.7627,1.6842,-0.63828,-0.94504,0.96327,5.387,1
-2.5877,0.40621,-4.0568,1.6253,6.0538,8.1631,2.4858,6.9773,2
4.2709,0.68267,-0.34245,2.549,1.4177,-2.884,0.86723,-0.6711,3
0.15057,-0.67181,0.44316,-1.108,0.64631,1.1724,-3.9402,-1.5333,3
-1.1557,3.2047,2.0883,0.4584,-1.1394,5.5984,-2.6756,-0.95527,3
-1.7735,-2.9346,3.9013,-0.94871,1.5966,-1.753,-3.0799,-0.51102,1
-1.6889,2.056,6.7773,1.6981,-1.527,-1.6375,-2.4294,1.925,1
0.96201,-1.7293,2.7901,0.84434,2.8151,-3.3515,-1.0664,0.7468,1
1.8591,1.6515,4.4467,2.1623,6.823,5.5069,3.8083,5.7591,2
-1.4358,-2.5675,1.4409,3.2141,-0.94497,-1.3275,0.16053,0.43669,3
2.8078,-1.8106,5.3376,5.0172,-1.0766,8.1292,2.5927,4.3392,3
-0.28553,1.3229,-1.2656,2.6612,0.20067,-2.8527,0.64415,0.52701,1
1.0604,-0.22709,3.5194,1.901,4.2045,-1.791,-4.4225,1.6513,1
3.8015,2.1979,2.2454,3.2984,1.2371,-4.1105,4.8931,-0.10245,1
3.0722,3.1158,0.3073,1.7572,1.6772,7.0602,8.6461,1.9705,1
-2.7633,-2.6079,1.9979,-1.7461,5.4378,0.21011,-2.9449,1.7957,3
-0.060337,-0.04923,5.0292,0.25732,0.16424,0.7686,0.14491,1.9085,3
-0.053616,2.4271,-0.14116,0.31235,-0.34066,1.3452,-1.7815,-1.5154,1
-0.4982,-2.0673,0.68576,1.065,3.2736,-4.3817,0.30853,2.6453,3
1.8273,2.492,4.5678,0.86084,5.8883,7.938,-0.087016,5.9904,2
-2.5351,-1.6889,1.57,5.4535,-0.015168,1.2392,1.0124,0.33768,3
-1.2985,-0.89941,4.0172,4.1201,-0.30518,1.4707,-2.7618,0.61592,1
-0.039417,5.3691,5.37,-1.3933,1.1004,2.3928,-1.2141,0.12512,3
-1.1566,4.2631,-0.57567,1.056,0.077502,3.1308,4.1926,0.96054,1
1.6008,-1.4569,2.1618,-0.10457,1.8812,-1.2707,4.0668,2.396,3
1.7899,-1.2872,3.0865,-0.69109,4.3424,-2.803,-3.1637,3.7634,3
-2.5013,1.2802,0.54386,-0.95715,-0.56118,3.74,-2.2816,1.8331,1
0.29646,0.099149,5.141,0.72395,1.6526,1.5442,-0.03957,-0.88965,1
-1.9565,3.8471,2.6019,0.12679,-1.7543,-0.0408,-4.3107,1.3992,1
-0.23819,0.86638,4.9588,5.1569,7.0671,2.2634,4.8868,6.9666,2
3.8543,0.87402,-0.11908,1.6564,3.1081,7.4867,-1.7643,2.0694,2
-1.1417,3.2611,3.6477,6.1576,7.3353,5.7888,-2.5304,4.8391,2
0.77719,7.272,-1.1659,-1.6005,-1.3994,0.56202,7.4306,0.61946,3
-1.8249,-2.1131,-1.4864,1.3136,0.77685,-2.0914,2.8489,2.4674,3
0.15057,-0.67181,0.44316,-1.108,0.64631,1.1724,-3.9402,-1.5333,1
-0.54633,2.1461,2.9757,4.2139,1.475,2.6542,-2.191,1.8114,3
-0.25452,2.6422,3.1155,-3.0296,-1.9983,-3.2443,2.3895,5.5426,2
-1.5429,-0.69128,6.1097,-1.7907,2.1576,0.52964,-2.5361,-1.6601,1
2.9692,-4.1276,4.9219,3.9261,6.3231,5.8686,3.247,6.1131,2
3.7298,-0.97738,1.0655,-0.62832,-0.22741,11.767,2.9161,-0.71262,3
3.9389,-2.6358,3.2362,0.99476,6.9265,4.2227,1.7203,3.0621,2
-0.092333,-0.47096,-1.594,2.4007,-1.492,3.8069,8.4951,1.8066,1
1.3588,-0.98418,5.3019,-0.76845,-0.88799,2.5439,-1.3743,0.9972,1
0.85192,-0.40205,-1.8602,-1.5564,1.5077,-2.7592,11.067,-1.2345,3
0.78724,-1.7177,3.0608,-0.39794,-1.3773,3.5211,1.2864,1.6596,1
0.99537,0.39208,-0.45095,0.87547,0.75405,-0.9292,0.008257,-1.5123,3
-0.13848,0.25317,3.9875,5.9446,-0.043429,-0.38375,2.2103,1.0622,1
4.1196,-0.087815,-0.14842,2.5091,-0.16975,1.3134,-2.1565,-0.75849,1
0.45874,-0.86483,0.38165,-1.6182,-0.29889,-0.37566,-0.24871,1.815,1
1.0197,-0.56187,-1.1941,-0.17909,-0.41511,-3.2374,4.6764,-1.5139,3
-2.0302,2.8517,1.4212,3.8897,6.3809,7.0198,0.45926,2.0681,2
2.0271,2.5848,-1.6795,1.1891,-0.67552,-4.4007,-2.6876,1.1963,1
3.937,3.8353,5.0618,2.1702,7.8726,5.0713,0.8049,6.5588,2
-2.5428,3.104,5.5248,3.0073,5.9892,6.8899,-0.15759,3.0255,2
0.19307,0.18864,-1.2253,1.9158,0.55438,-4.4265,9.7237,-1.8657,3
-1.634,2.0013,0.25337,1.9696,2.7525,-1.6658,-0.89845,1.795,3
-0.77389,-1.6555,0.46785,0.2001,-0.26636,-0.10945,-1.6909,0.82224,1
3.3803,1.0077,2.2402,0.85094,0.80629,1.7423,7.9848,0.90758,3
-0.86193,-2.0765,1.8398,-0.37562,2.6531,-2.5842,1.0828,-1.5814,1
0.27027,0.20275,1.2019,0.46248,7.7124,4.5895,2.1744,6.6436,2
2.0271,-0.047588,5.9891,-3.3062,7.3773,7.6765,3.0413,4.882,2
2.8486,1.0608,2.6384,6.1067,2.5658,6.9976,-8.5375,5.9363,2
3.3847,-0.75946,-1.8135,5.5656,4.0991,7.1828,1.4815,1.7491,2
-1.0223,4.7367,2.0259,1.9118,0.42111,-0.081778,-4.1004,0.29375,3
-2.9423,-1.1007,0.72873,2.5988,-0.37346,-2.8383,1.6688,1.0083,1
0.2175,-0.98671,0.024188,2.4928,3.6705,-2.4261,7.4159,2.2645,3
-0.10018,-2.2506,5.1344,-1.2312,-0.021378,4.4872,-0.36005,-1.2368,3
1.5018,-0.68458,1.6305,-0.88287,2.5321,-1.4807,9.3263,-1.6683,1
3.3624,1.8426,4.9345,3.4569,5.6307,9.2877,1.535,6.6951,2
-0.86448,0.29754,1.4343,4.4617,3.6855,5.1301,2.8587,4.5967,1
1.8273,-1.9994,0.1312,3.6179,3.0313,-0.49153,-2.3192,-0.84972,1
1.0791,1.7648,6.4,-1.8238,6.5079,4.0042,-1.2016,6.0991,2
0.99028,-1.5241,-1.4815,0.45029,-0.2997,-2.4521,-4.1454,2.836,3
0.30624,-0.18675,-0.60193,0.47189,3.3696,4.1808,-0.35011,-1.367,1
3.4776,1.6176,0.94227,0.004815,1.0646,-3.7228,0.35899,0.034179,1
-1.5204,0.66133,-1.1089,0.40895,0.13983,-2.5239,3.4403,-0.81989,3
-2.4539,1.2145,-0.7788,2.3503,-0.60482,-0.27127,5.7395,0.43826,3
0.4042,2.8237,4.588,4.7331,3.642,8.3045,0.41777,5.0128,2
-0.61185,-1.6515,-0.25238,0.86352,-0.9157,6.4725,-0.7571,1.8357,1
-0.94602,0.18597,-0.39814,1.33,3.0627,3.2051,-1.3703,2.3832,3
-0.39066,0.26773,-1.4921,-1.1225,-0.29062,-2.1601,9.4772,-0.20424,3
-2.016,-1.8615,0.19996,-1.5551,1.6509,1.7223,2.4121,1.1817,3
3.6879,3.1575,4.074,-0.24673,4.6583,10.131,-2.1184,6.8723,2
-0.78808,-0.30583,-0.26786,-1.3661,-0.87346,-2.0046,-2.1503,-0.45998,3
1.6689,1.4406,0.68366,6.4585,5.7307,-5.4057,-0.037536,6.1963,2
3.6734,0.3447,3.525,1.6881,5.838,0.62176,2.079,2.9045,2
-0.24482,0.86272,4.2698,4.5032,5.9089,6.4924,1.3045,5.6843,2
-1.5547,-0.95886,-1.3542,2.0442,-0.90506,-1.9263,-2.6352,-1.475,1
-0.24572,-2.0009,-1.5665,1.0226,-0.66116,-0.16227,-0.65212,2.5078,3
-1.9994,0.62231,3.051,1.3567,2.3587,-2.999,6.028,0.41386,1
1.5419,0.3115,-1.4416,5.4747,-1.7106,0.79085,0.62084,-0.74133,3
2.9545,3.5519,5.6385,0.14803,3.0885,9.1055,2.455,4.7577,2
1.0941,2.825,-0.66243,1.5499,3.7601,4.2143,0.13666,0.30147,1
-0.68051,-2.0321,5.337,0.78939,0.85857,-4.2607,2.9151,-0.41594,3
1.5825,3.3345,6.2073,-0.57232,4.2558,10.36,-0.34527,7.5383,2
-3.305,2.5687,-1.7991,5.0766,6.3898,9.2455,4.0033,7.2929,2
1.6292,-0.49418,-0.32384,0.65172,1.2685,-0.14571,-0.00618,2.9861,3
0.072216,-1.7089,-0.035585,0.58863,-1.5337,8.7835,0.32702,4.8848,3
0.48583,4.6215,1.3566,4.5215,-1.7651,8.1413,-1.9678,0.47483,3
0.67,2.3758,2.0504,-1.0123,2.1143,6.9446,0.913,2.8285,2
1.0098,2.8214,3.2897,-1.4243,6.1554,4.7929,2.6282,-1.6607,2
-0.59663,-0.014905,2.8689,-1.3437,2.1182,-2.1816,11.054,0.23655,3
3.2033,0.71731,0.83781,0.13719,6.5528,5.5015,2.8646,4.4914,2
1.696,-2.9373,2.2896,1.824,5.0406,7.8068,-0.21362,-0.58418,1
3.3488,-0.21343,5.054,2.9849,6.0027,2.8662,-3.2507,4.3438,2
-2.0149,1.3213,1.8808,2.5443,-0.51886,-0.84566,-2.8586,-0.33037,1
-1.4817,-0.97701,0.084249,2.6036,-1.5465,8.469,-4.3379,-0.88718,3
-3.1891,1.051,1.2069,5.6472,6.2036,9.0215,4.4531,5.4081,2
2.987,3.0346,4.7479,4.8369,6.1042,3.8438,2.6361,6.5874,2
-2.085,-1.3099,2.177,4.1633,2.3635,0.96066,0.68211,0.93195,3
-2.0576,0.18073,1.6202,1.0172,-1.4883,6.797,-0.91162,1.2777,1
0.10908,-2.3219,1.8775,1.1998,1.1914,5.3098,-2.9106,-1.0239,3
1.3915,-1.454,3.5248,-0.76799,0.43968,-2.0729,-1.2946,0.16883,1
-2.6442,2.3549,4.919,-0.87475,6.9912,0.62296,-3.9415,2.6051,2
-1.6527,-1.6007,3.8413,-1.8369,3.2108,1.3842,-0.5107,1.2929,1
0.1298,1.7161,1.0394,2.0535,7.8076,3.7278,1.1064,1.6177,1
-1.2646,6.4575,1.6691,-1.0214,3.1575,1.7763,-0.64537,0.092226,1
0.96125,0.26063,0.60091,-0.12871,2.0143,-1.6381,-4.5369,3.619,1
1.7089,-0.81772,2.0278,-1.1191,-0.46991,-3.718,0.07523,-1.4385,3
0.18749,0.72377,6.6449,-3.2641,6.5413,9.1683,-3.3824,4.7542,2
0.29209,-0.065862,1.0457,0.051372,-0.23906,-1.7214,4.6056,-1.8746,3
-6.6755,3.1587,7.6157,-0.64167,5.6731,-4.398,2.3576,-0.34271,2
-0.28796,-0.029014,-0.020825,-0.23703,-0.28613,2.7629,-1.7378,-0.31367,3
-1.7328,0.64851,-1.751,1.0465,-1.7948,10.239,-0.77362,2.6544,1
4.4573,-0.22001,4.8144,0.48043,0.2083,3.1998,1.1892,-1.8257,1
-1.2909,0.16619,3.9671,2.3023,-1.2508,0.25584,-1.6073,1.3107,1
-0.9565,2.169,1.1609,0.67509,-1.1657,4.8104,2.7065,-0.84231,1
1.1267,-1.3358,1.2228,0.34872,2.6034,4.1114,-2.082,0.59845,1
2.1116,-0.6656,3.98,2.4036,1.4244,10.153,-0.060326,5.9683,2
-0.17193,-1.1781,1.5666,6.4151,-1.5388,0.86675,-0.51909,-1.1537,3
-1.3076,1.0618,-0.32288,-1.4899,-0.011418,3.7712,3.9477,4.4633,1
4.4835,1.4964,-0.34412,-0.66308,-0.11676,2.6516,0.92426,5.1257,3
-1.0059,-1.9494,3.7152,0.73354,5.901,-3.1885,-2.2157,-0.906,1
0.099094,-1.0006,2.888,-0.15535,-1.1556,-2.5683,2.2805,1.4382,1
2.5237,2.0345,5.1639,0.75704,6.5088,0.93896,4.1423,3.1487,2
0.31096,-2.1121,1.5645,-1.7317,3.3631,3.4661,-0.93828,-0.1311,3
0.80993,1.1948,1.2724,0.57136,5.3582,3.8693,3.1475,4.0205,2
-2.9265,0.2608,-0.42947,-0.54577,-1.3819,8.0549,7.5137,3.4214,1
3.3817,1.6517,0.25013,7.8494,3.0956,0.99962,1.4462,1.2142,1
-0.60101,-0.45976,0.1116,-0.051604,-1.5581,-2.4846,2.2475,0.71094,1
2.2022,5.8998,-0.95384,-0.62194,-1.0423,-4.6706,2.794,-0.4532,3
2.8139,-2.06,7.8828,5.2884,5.1721,7.531,-2.5115,5.4553,2
-2.5937,-1.7404,2.4099,1.2256,-1.2064,0.018518,-1.2288,-0.68972,3
-0.87783,1.1389,4.7478,-2.0511,6.299,-0.15249,-1.2633,5.8131,2
-1.2647,-1.3975,0.81774,0.57313,3.8543,6.1542,2.004,-1.3206,3
2.9276,-1.9882,-1.7193,2.7688,0.59519,-4.3261,-3.6824,3.1932,1
-0.18538,0.66357,-0.2698,1.0081,0.46519,3.4133,-1.8339,0.90652,1
-1.1033,-2.8962,6.6169,2.7257,6.4944,5.0006,4.5876,6.1062,2
-2.1743,-1.385,-0.69959,2.7169,3.0505,-2.9673,2.3397,4.3293,1
0.292,1.3045,6.6903,3.6887,1.6175,5.4808,-4.0158,4.8103,2
0.42584,1.0909,5.2463,-0.74926,4.7284,4.6334,1.0239,7.3215,2
-1.4075,0.65545,-1.9544,-0.24522,-1.5413,-2.0299,0.56952,-0.13281,3
-0.57475,-2.3137,3.3335,0.11988,2.3352,1.5508,-1.7323,-0.38549,1
2.6004,1.3177,1.4563,0.99713,2.4806,2.5446,7.0284,1.1263,3
1.0689,1.2151,-0.015834,4.8596,5.1586,-4.2443,1.733,-0.91417,3
-2.4119,-0.59652,-1.8912,-0.36542,0.52836,-4.2814,1.8865,3.5268,1
-1.0513,-1.0345,1.1172,-1.219,-0.063939,-2.31,-1.6649,0.58916,1
0.80811,1.5562,0.89838,-1.4773,0.93689,1.6929,3.5752,-1.4958,1
-2.3935,1.3579,3.693,3.6408,3.0919,-1.575,0.18568,2.8851,1
-0.72674,-1.9907,0.6637,-0.27158,-1.8774,1.5782,-4.1029,3.647,1
3.2838,1.3717,2.6595,-0.9026,0.36877,0.29405,7.4483,-0.058996,1
0.12006,-1.2678,7.7058,5.8775,6.319,9.4479,4.8304,4.4276,2
-1.278,-1.7021,0.059378,-0.94396,1.9066,-1.1198,-3.8369,0.7597,3
1.8188,-2.4351,4.3367,4.3369,-0.95408,-1.6235,-1.56,5.9583,2
0.66639,0.82964,-0.87028,-0.52129,7.0636,2.7275,3.023,-0.30767,1
0.57422,6.4543,2.148,3.3314,-0.48794,-0.039889,4.6141,2.618,1
0.84903,-2.4493,-0.30481,-0.67203,-0.79216,4.8135,-3.3129,0.81944,3
-0.013328,0.90299,-0.3472,1.1042,3.921,-3.3997,-3.5686,2.9138,1
2.4189,-1.0229,4.1717,5.685,8.0162,9.8806,-0.31229,3.4271,2
1.8599,-2.2691,-0.35055,1.1822,0.32853,2.6839,0.37208,4.6455,3
5.8688,-1.528,-1.5808,5.2996,2.2556,-3.9136,8.4958,-0.87547,3
1.7233,1.2,3.3638,1.4713,2.9956,1.635,2.3458,3.3864,3
-2.0216,1.4491,0.76803,0.94949,2.5744,-2.1737,1.9808,-0.35286,1
-0.074449,1.6574,4.7805,-0.43513,4.2921,3.1284,2.7025,5.8922,2
0.50874,2.0428,2.414,-5.1217,3.5049,5.3783,1.232,3.9717,2
0.36326,2.7909,3.3044,4.5087,1.5954,6.1663,-0.03372,6.6391,2
-0.024059,-1.9273,0.67386,-0.84517,-1.0253,3.3063,1.2593,-1.6876,3
0.62131,2.7011,0.83536,1.6852,-1.7655,-0.73509,4.5465,-0.92393,3
-0.00892,2.6364,0.85733,1.673,-1.5804,-0.23348,2.9382,3.8745,1
-0.89488,0.80942,-1.4283,5.6458,0.89914,7.7166,-3.9892,-0.52503,3
-1.8627,-2.2416,1.7419,0.34204,0.002807,3.5485,-2.7623,1.8763,1
1.9345,0.47267,-1.0782,3.941,-0.25615,4.9617,0.042774,1.5569,3
2.8691,2.1655,-1.0323,-0.20044,1.4527,-4.4721,-0.019938,-0.29973,3
-2.4622,-0.27103,1.0864,-0.90531,3.1264,-4.1216,0.71714,-1.2067,3
-1.5222,0.32941,4.3558,3.3223,-0.48418,13.223,-2.9575,3.5943,3
3.585,1.3572,-1.6046,0.80246,1.41,3.753,-0.59471,-0.29149,3
-1.8258,0.17559,1.419,1.4958,0.2258,-0.99871,-0.78902,7.1886,3
-0.51706,2.7901,5.867,-2.912,5.522,6.3425,3.0012,5.817,2
-1.3599,-2.2155,-0.75104,-0.52093,-1.6024,2.7396,-3.7465,3.1644,1
-1.3262,-1.3785,2.1988,3.1154,2.0898,2.8944,-2.2136,1.1304,1
2.2865,2.1409,7.5043,4.9094,1.199,5.7795,4.7975,2.5969,2
1.7584,-0.079813,7.0394,5.6821,6.7776,-2.3344,2.4478,7.1122,2
-2.9904,-1.3493,0.42809,-0.22148,2.7023,-1.1582,7.0994,2.1794,1
-0.7195,-1.2075,-0.47774,-0.25621,2.1678,3.9298,12.586,4.0457,1
1.2365,-0.75124,1.2294,2.7798,-0.31423,2.2617,0.85863,0.027914,1
3.3673,3.4078,-0.050207,2.449,-0.677,-2.8471,5.0318,-1.3275,3
1.6588,8.4654,1.4269,-1.4612,-0.73383,-4.6363,-0.59047,1.3045,1
0.41247,-1.4,-0.41731,3.7929,-0.87573,-0.52884,11.168,1.7331,1
9.2136,-0.70279,1.0225,-0.77356,0.55035,-1.4971,-0.91376,4.9688,1
4.6977,-0.97185,4.6363,0.56015,0.13048,7.6899,-0.21961,1.8633,1
2.9145,1.2649,5.6485,3.1436,5.5809,2.0271,-5.0822,6.3316,2
0.32246,1.9273,7.593,5.2847,4.393,9.8546,3.1051,7.9361,2
-0.33755,-2.255,0.21873,-0.50132,-1.4667,-0.57126,-1.9339,1.3088,1
1.0641,3.5462,5.6055,5.8795,-3.5856,6.6079,3.567,3.6351,2
1.5513,1.2807,5.8237,2.8403,4.7617,2.8109,2.0383,3.778,2
-1.5101,2.0884,2.7585,5.0005,5.374,-2.1175,4.6805,-0.3109,2
0.56164,0.48922,2.1357,-1.6691,3.3632,-3.0434,-4.0207,1.3724,1
-0.80879,0.67471,0.3056,2.7195,1.5785,0.16328,5.0142,-0.10219,3
-2.8619,0.3513,2.7604,-0.30185,0.24308,4.5107,-2.8094,-1.107,1
5.7293,0.46107,-1.3142,-1.3577,3.1903,1.5044,-2.1932,2.6401,3
1.4951,-1.9137,2.3507,1.9389,2.9487,-4.099,-1.1189,0.035123,3
-3.3975,0.84974,1.0889,0.69393,7.6856,10.262,4.9522,7.915,2
6.0949,-1.1641,0.75007,4.2207,-0.29275,1.0219,-1.888,-1.733,1
-0.096682,-1.7884,-1.3201,0.12674,-0.18599,-0.43073,0.65167,0.93715,1
2.9497,1.1272,4.8224,2.7672,0.48661,0.34653,8.024,3.6688,3
3.1689,0.97838,4.0216,6.1353,5.7383,3.0049,2.4086,7.2864,2
1.3768,2.2151,3.697,5.3182,6.3478,7.9708,3.9457,1.6739,2
-1.956,-2.0838,0.46797,-1.4276,8.4869,-1.258,-2.4622,-0.32563,3
2.0699,0.23128,4.2392,1.2135,5.9333,0.31468,-7.8517,4.4391,2
3.7657,-0.9448,2.9891,-1.1803,-1.308,4.0808,6.0955,0.99552,1
2.0406,1.7437,5.3652,1.986,6.0676,7.3713,-5.2691,6.811,2
-1.0937,-1.4924,2.6704,6.0319,3.7476,-3.5433,-4.3681,0.97069,3
-2.5892,0.85554,1.5664,1.3558,4.1767,-2.2113,1.7039,-1.2279,3
-2.4629,-2.1284,0.58474,-1.1557,-1.0704,-4.0057,-0.70467,-1.3459,3
2.4161,-0.16366,6.5063,-0.84777,-0.62323,1.7151,0.29347,2.3834,3
-2.3656,-0.86385,5.2685,0.82648,1.5245,-2.0087,1.7476,2.5943,1
-2.5559,3.1664,-0.30514,-1.2428,-0.13875,0.97112,-2.8815,0.78916,3
-0.50946,3.3921,0.81412,-4.8325,3.6817,5.21,5.3079,5.4627,2
2.5174,0.57322,6.9402,2.7722,5.4286,0.88132,-7.1619,5.6824,2
0.56817,-0.54443,5.0271,6.2414,3.5814,4.3284,0.83087,-0.10881,2
0.77763,1.931,6.3816,2.1036,3.6954,0.80085,-0.3941,7.5606,2
-1.2238,1.1952,-1.2952,0.60912,-0.1438,3.1884,-0.054476,1.0012,1
1.6087,-1.4792,4.2026,1.9792,0.30586,2.8465,6.3937,-0.027312,3
0.09403,0.25434,5.6138,-0.060758,1.5701,-4.4361,0.88713,-0.5324,3
2.6448,-1.1036,7.708,2.8271,2.4736,8.2133,-0.98779,7.2265,2
1.6231,3.4495,3.6295,-0.072986,6.1993,5.5701,0.26223,6.0918,2
1.4755,-0.12596,0.46742,-0.5934,-0.66879,-2.0925,-3.1365,3.18,1
2.7506,-0.14161,2.8164,0.92823,0.25144,-4.7885,-1.8459,-1.4006,1
-0.23353,-0.28882,1.8051,0.62716,0.92887,4.8769,-2.0925,2.6928,1
-2.912,1.8147,0.15073,2.886,-0.038865,3.3519,0.74984,0.77514,3
-0.31621,-2.5683,-0.51416,-0.37687,-1.8306,0.54705,0.42665,-0.58463,3
-1.3214,-0.48132,-0.79879,3.9578,-0.75326,7.1021,3.6215,5.989,3
-1.9101,0.62041,-1.2457,-0.5263,2.6576,5.947,2.6591,-0.47108,3
-1.2557,-0.14356,0.083088,0.039725,0.58151,4.0222,-4.0767,5.1952,3
-0.80394,0.24678,3.3822,-4.2019,4.1073,7.5341,-4.4477,5.208,2
4.4119,-0.12471,-0.10058,0.32694,1.7093,-3.6122,-3.76,1.5577,1
4.7914,-0.11092,2.8394,4.901,3.3508,4.0807,-2.3424,0.15685,3
1.5625,-1.8663,7.3574,-0.38498,6.9145,1.6596,4.9535,6.9358,2
7.5484,-0.061413,-1.4041,-0.47701,-1.0054,10.213,0.13679,4.2986,3
4.228,-2.7984,-0.26324,0.83866,1.0032,-1.4731,-0.38238,3.8876,1
1.6551,1.8174,6.0032,4.5385,4.788,10.168,5.0887,4.6926,2
1.1114,-0.014436,1.1017,0.22131,1.6205,-3.7977,5.9861,0.25996,3
-0.85647,2.8395,7.8247,3.8376,3.5552,1.1218,0.44971,5.1137,2
-1.8199,-0.63425,0.84485,2.1107,4.1965,-0.58242,0.21371,-0.77775,1
-2.3814,-1.9689,1.4108,-1.092,0.9535,-0.015089,5.1531,1.3446,3
2.8616,-0.92514,1.5695,6.0992,-1.929,0.94754,2.9304,0.50551,1
2.4047,-1.9653,3.5312,-1.8594,2.4425,0.30046,-1.5444,0.4742,1
1.9546,3.9787,2.0934,2.246,1.2323,-2.475,0.93154,4.3957,3
-2.959,-1.1322,2.5457,1.3574,-1.0904,0.70396,-3.1919,1.4628,3
-1.3702,1.1074,6.5094,3.7901,6.8099,5.9293,-1.0657,7.5889,2
1.8043,3.778,5.7879,5.1157,3.6767,8.7298,-4.3551,-1.1721,2
2.5847,3.6883,7.9157,-0.16369,4.8694,5.2778,1.3687,5.7673,2
2.3598,-3.3034,7.743,6.4193,5.5331,5.7049,2.6618,4.6673,2
-1.7662,-2.1755,0.42639,0.68625,0.43851,-3.8547,4.3662,-0.16279,1
-0.49219,-2.4142,4.2164,2.3309,-1.1514,3.5674,3.304,3.5862,3
1.8938,-0.99182,6.8481,2.1608,4.9407,-2.6918,-5.0396,4.9302,2
-2.3444,-0.48141,6.9688,-10.76,3.9253,5.7853,-1.0947,6.5674,2
-1.5898,1.7789,-1.1313,0.70607,-1.5022,7.0517,4.0111,2.0001,1
-1.2955,1.328,6.5259,3.1135,7.1757,-2.9516,1.6828,6.2366,2
-1.4475,1.9,2.512,2.6289,2.631,-2.1731,-3.4973,0.51703,1
-1.0059,-1.9494,3.7152,0.73354,5.901,-3.1885,-2.2157,-0.906,3
8.171,-2.3649,1.2236,-0.46488,-0.78029,4.1122,16.961,5.2376,3
3.1249,3.5846,5.3911,4.7118,6.3158,2.9607,2.4983,7.4006,2
0.70406,3.5919,5.4314,2.4336,5.8269,9.9779,2.9485,3.5365,2
6.2951,1.534,4.7064,0.34803,1.5202,4.2556,1.4651,0.74007,1
-1.4277,1.2764,-1.6236,0.77751,-0.29681,9.1003,4.8583,0.14689,1
2.9229,1.7317,6.5543,3.7939,5.9533,9.9719,2.0914,6.2174,2
3.4765,2.0435,1.3442,-1.3462,5.1047,-10.481,0.97175,3.9984,2
2.5271,0.69616,6.5954,-3.5527,1.1791,6.1799,4.8446,-0.51735,2
2.7741,-0.31746,5.4661,1.7052,1.3442,7.1472,-4.0396,5.0011,2
0.75163,0.88969,0.36195,4.3071,1.1201,-2.447,0.010223,-0.64814,3
2.6585,2.7422,6.4975,3.6648,6.283,7.0885,1.7497,6.5889,2
-2.4371,-2.8609,0.46668,1.4417,0.33018,-3.3768,-4.5268,7.7947,3
-0.67422,-0.32485,-1.011,1.5876,-0.18516,-3.5472,-0.95003,3.1816,3
2.9625,-0.41787,-1.1239,0.50031,0.12942,3.4932,-3.8713,1.0286,3
-2.0266,7.9555,2.8865,0.98244,-1.1079,0.36105,4.508,-0.81422,3
-0.96795,0.48866,3.2376,1.075,3.3413,13.839,-3.405,0.84237,3
2.3091,-0.6674,2.1686,-0.7889,2.9907,-0.35775,0.90442,-0.45208,1
1.1824,3.176,-0.53805,6.3386,-0.23233,8.3881,5.0911,-1.254,1
2.8203,-2.1615,3.8163,-0.87624,1.86,-4.7564,-1.4069,3.4452,1
3.289,1.9341,7.2245,4.2619,7.169,-5.6502,-8.029,2.5862,2
2.6377,1.619,7.3704,-13.49,3.6658,8.8969,3.9616,6.337,2
0.71763,-2.7914,0.41774,-1.1144,0.95748,16.636,-2.7159,-0.43257,3
3.1771,2.129,4.4129,-10.229,4.928,5.0392,2.1245,5.3097,2
-0.18177,1.4859,5.0173,5.0088,5.1504,7.7819,3.3249,2.0889,2
3.6466,1.6489,-0.49496,-1.8443,1.2688,-0.71449,3.3652,-1.3065,3
-0.62498,2.6724,4.8216,0.28353,5.2744,8.1224,2.6429,6.3951,2
-1.4553,0.45054,1.8835,0.69003,0.053577,2.8865,4.2695,0.77212,3
-0.6141,0.000534,1.5241,0.33976,-0.52314,4.6174,-2.0309,-1.426,3
-2.4682,0.54572,0.7627,2.8303,-1.2525,-1.6974,-3.5214,1.6203,3
2.8073,-1.2679,1.7965,1.6528,4.1659,8.0409,-1.7448,-1.2757,1
-0.38643,0.74226,3.8618,0.51764,3.23,2.4179,0.92887,4.0715,2
9.3279,2.3692,-0.41122,1.1149,-1.2915,9.6675,-0.25732,-0.40197,1
-2.3045,9.1752,0.92188,3.7713,-1.1146,-1.2346,14.979,1.3034,3
0.77777,-1.2271,-0.67889,0.53561,3.5891,10.72,-1.2226,-0.8842,1
-5.5244,0.83614,2.9391,-2.4292,3.7183,5.9416,4.6886,4.8526,2
-0.53586,-0.64751,4.6695,2.2133,1.9727,-4.0561,2.9473,-0.81659,1
1.2143,4.3074,0.99387,-0.87541,0.90608,0.16137,-2.3061,1.9795,1
-2.2968,-1.2264,-0.43565,0.36499,-0.26589,14.906,2.2171,2.634,1
3.6815,-1.0315,5.3481,6.3396,0.41873,12.125,-2.8,0.75062,1
-1.139,0.69208,-1.5448,2.4959,-0.43794,-1.076,0.69568,4.5062,3
3.3071,-2.719,3.3014,1.506,6.1529,-4.8667,2.2807,1.4746,2
3.163,2.5341,3.6526,-2.6789,5.0369,2.5722,0.78068,3.8829,2
1.6129,1.4198,2.0391,3.913,5.6401,1.7233,-2.6894,3.2673,2
-2.1459,-2.9523,0.081217,0.58395,-0.82955,3.4704,5.8766,0.94675,1
-0.56329,-0.36788,6.9354,3.9531,7.2222,10.851,1.9008,2.5094,2
4.264,-2.4124,1.0945,-1.3916,4.3033,-2.5972,1.1357,-1.47,3
0.009328,3.9016,0.81485,1.51,-0.80883,-0.97504,-0.67381,2.8139,3
-2.0252,2.8366,-0.50179,0.58688,2.0183,-0.91732,1.1179,1.1232,1
0.68832,-1.5286,2.3917,-1.6084,4.7626,0.22141,-3.5865,0.28172,1
-2.2021,-0.98549,-0.23988,0.52803,1.847,3.669,-4.1521,-0.56271,1
1.0019,-2.5227,-0.36729,-0.694,3.9429,-3.6151,-0.38081,0.23463,3
3.0972,0.73551,6.9339,2.6122,3.4306,7.2682,3.3478,3.213,2
2.9399,1.7097,5.019,0.09261,6.9371,6.4327,1.4799,4.6854,2
-2.8978,1.5303,6.9636,2.7804,7.5647,5.091,-5.0287,4.3094,2
1.1128,3.7429,-1.6493,-1.0263,-0.065356,-2.5351,1.1387,-0.70411,1
-0.67907,-2.5468,-0.8072,5.1658,1.7847,0.29731,11.003,-0.28178,1
2.1374,0.45817,-0.10324,1.3012,0.22642,-3.8482,4.2017,-0.8631,3
0.93875,-0.74229,-0.04,0.51029,7.9192,-0.98202,5.9746,3.0333,1
1.0699,1.6451,6.0527,3.394,5.8835,7.9932,3.9806,2.4987,2
-0.31853,1.8516,5.031,-3.5482,4.5834,2.581,4.7755,3.9147,2
-2.0972,1.6704,-1.4201,0.52432,6.1272,-3.1042,-1.9018,-1.2754,3
0.42589,-1.6641,0.67774,-0.22924,0.021434,-3.4376,-3.2886,-0.81483,3
-0.46976,-0.31867,-0.86717,2.378,2.7158,-1.0631,-0.045333,-0.15017,1
0.53888,-2.4286,-0.71018,0.83432,-0.77701,4.6099,-2.5395,1.0019,1
-1.0515,3.2976,0.48069,6.1434,6.3462,0.6419,3.8499,1.2754,2
0.45473,-0.040534,3.615,2.8898,7.5724,10.348,2.487,-2.4009,2
-2.1243,-1.6994,6.5339,-1.2579,1.2988,5.7502,-2.2871,-1.6608,3
-1.4894,2.0599,-1.4225,3.2936,1.0663,3.5815,7.2263,3.4137,3
-2.3865,-2.7594,4.3623,0.7481,6.9513,2.7933,-2.2382,-1.0132,1
-1.3589,3.759,4.8489,6.2209,2.0892,7.4176,1.63,-2.8416,2
2.6642,1.1024,6.7208,5.412,1.1442,0.5723,3.6835,6.87,2
1.421,-1.8045,-0.69062,2.0711,0.28747,-2.8853,1.227,-1.0128,1
2.0244,2.8466,6.5108,2.0425,2.7272,8.6951,-2.1373,2.1867,2
-1.4871,-0.88991,-0.17865,-1.6189,1.0687,-2.4142,2.3227,3.3217,1
-0.9767,2.4034,4.3154,2.3243,7.0061,5.0715,-2.553,3.683,2
-1.1204,1.184,4.6958,-2.4011,3.4078,2.773,2.1841,6.1737,2
-1.4643,0.055517,0.063372,-0.4856,3.4878,-4.3592,9.4843,1.3249,3
2.2734,-3.0554,0.40809,0.19818,5.3061,5.4323,0.40376,6.858,2
2.4092,2.4855,3.8959,4.8826,4.5584,-7.0301,-1.6978,2.7997,2
1.9422,2.0952,4.0918,1.8004,7.4909,7.0608,-0.2778,3.8225,2
-2.3118,2.56,3.8085,0.99219,2.1217,-2.9868,-1.7474,1.5249,3
1.1377,1.9118,4.2331,6.8837,6.0184,-1.5338,1.0581,4.1915,2
2.9166,1.2117,5.0911,5.4144,5.1338,4.0237,4.184,5.8168,2
-2.2699,1.7618,0.25741,0.51331,1.287,-2.4708,0.45539,2.7022,1
-2.074,-2.0277,4.3735,-0.42189,1.092,1.0998,-0.13186,2.0433,3
-1.5108,1.4932,6.6742,-4.4692,-0.071965,9.3681,-0.085271,0.8664,2
3.0299,2.4353,4.9459,-1.2578,5.8671,-1.4855,2.641,1.5707,2
-1.3074,-2.8127,2.9931,1.2711,-1.5665,-0.14073,9.9219,0.30219,1
-1.0713,1.9087,3.0891,2.9499,-0.96561,0.64759,12.94,1.3372,1
3.2875,-0.8505,-0.70372,-1.2604,-0.24125,-4.8918,-0.95762,3.9626,3
3.5071,0.082593,1.3667,7.2939,1.7178,8.1085,-2.0719,0.2379,1
0.42759,-0.66497,0.9807,1.2242,1.5095,6.7261,3.2436,-0.078661,3
1.6959,-0.19057,6.5357,-9.2324,7.0757,-1.1355,0.52957,6.7221,2
1.414,-4.7488,4.5954,-5.0564,2.3562,0.57666,-1.6293,5.7745,2
-2.0666,1.8907,2.2218,0.92573,-0.57214,-3.5564,3.1139,-1.1057,1
0.75853,-2.6137,1.0371,1.2397,-1.7056,1.0386,8.6785,6.8182,3
3.0949,2.4945,5.0146,0.58705,2.707,1.5273,0.64965,7.01,2
2.6653,1.5343,6.4464,2.0474,5.7031,1.4415,-0.51078,-0.64858,2
3.1055,-2.0615,0.80644,0.011418,4.0751,10.621,0.20455,1.831,1
-0.48716,-0.55391,-1.2031,2.0834,-0.31836,9.3028,-4.9453,-0.65502,3
3.2423,1.0632,7.2854,-4.7969,6.5319,5.9597,0.057133,7.4661,2
1.9818,1.4866,3.9096,1.415,6.0582,5.1867,3.9934,7.004,2
2.5292,-0.80788,4.8708,4.891,0.22355,0.39092,12.389,0.79775,3
0.9781,1.5239,5.1128,2.8519,6.6954,-0.21235,0.92311,7.3659,2
-0.8819,1.3021,0.92295,3.3761,-1.6987,2.8621,-3.5006,1.7146,1
5.2148,6.8804,-1.5587,-0.54647,-1.524,-3.4706,-1.9402,-0.49353,1
-0.60426,-0.76712,0.83054,-0.83329,1.3429,-1.6694,3.3699,-1.5436,3
-1.7184,0.079622,1.2457,0.85792,-1.2273,8.6606,1.5091,3.2894,1
-0.56664,-1.8676,0.20506,3.292,2.3071,2.2253,2.8164,-0.71826,3
-0.98265,-2.1636,3.0479,-0.17927,9.0506,-4.099,5.2912,0.79228,3
-1.788,-1.5266,-0.78597,3.8637,1.0365,11.958,0.070914,-1.8554,1
0.6649,0.89136,4.0833,5.9448,6.2713,10.472,2.9734,6.0835,2
-2.623,-0.059359,1.5711,3.8047,5.6181,-2.6822,-4.4331,7.4253,2
0.27565,-0.34002,3.6553,-1.9205,-0.11884,2.2085,-3.4609,-0.79514,3
-1.3802,-1.2233,3.5925,0.11396,2.164,0.38041,-0.10155,-0.25429,1
0.032073,2.2814,3.3864,0.038676,-0.83619,0.15512,2.8005,-1.5677,1
-2.8075,-2.2729,0.72915,0.08784,2.9062,1.6221,-2.9666,0.68054,1
-2.2079,1.4155,1.6703,1.2412,0.44205,3.2959,2.32,-0.44406,1
-1.4096,0.68853,2.5854,1.3241,-0.49864,-4.0094,2.9494,2.3473,1
0.97335,3.5585,7.0362,4.3838,6.1327,9.9248,-2.3276,6.8369,2
3.6104,4.4146,-1.7154,-1.1555,-0.15276,-2.9002,12.603,-0.68834,3
1.8213,1.031,4.1392,-0.6073,-0.38636,3.1405,3.3722,-0.43702,1
0.30023,-0.49118,4.185,2.0913,0.77498,3.3307,-3.5161,-0.15931,1
-0.91541,-2.0688,0.33895,1.0295,2.7597,-2.8738,1.9952,2.3009,1
1.3067,3.3389,4.3877,-1.0098,4.6306,7.4618,2.8938,2.6756,2
3.1633,0.23299,3.2167,2.6522,7.3974,-5.348,-1.3041,4.8754,2
-1.3698,-1.1374,-1.3454,0.81863,0.12478,3.674,-2.2131,-0.23305,3
1.5494,0.48308,1.6229,0.71147,3.0599,6.0069,-2.4472,-0.02116,1
2.7008,3.6826,0.093705,-1.0031,-0.82018,0.75247,-3.3064,-1.1735,1
2.2647,4.0312,5.7949,-6.6677,4.3173,9.8598,-9.1071,4.0301,2
1.9431,-1.7153,6.1961,-1.2692,2.0503,1.0256,4.2506,4.357,2
1.4243,1.278,0.99204,0.2026,1.999,-3.4767,0.79601,-0.081704,1
2.0093,3.6666,4.6233,-8.6918,7.674,9.1931,1.6343,-0.23847,2
1.3807,-2.5331,2.5081,0.032177,-0.36986,3.2707,7.9421,0.54842,1
1.1142,2.5125,6.456,3.7305,6.9782,6.1358,4.0525,2.4546,2
4.4244,-0.80159,0.93335,0.75928,-1.1702,-3.4718,-1.3934,-1.4514,3
0.04823,0.67513,6.7837,-0.85735,6.6118,7.4686,3.4445,6.9044,2
0.89806,1.647,6.7264,4.6949,0.62912,-4.522,3.5261,2.173,1
1.007,1.6672,2.8438,3.626,-1.021,-0.47069,3.104,4.7598,3
2.0652,1.7113,5.7205,-3.6203,0.68305,7.0229,-3.7857,7.4314,2
3.976,2.0936,5.2457,-3.6936,2.3565,7.0876,3.1284,6.5516,2
-1.1018,-0.48423,5.3719,-0.55535,2.1181,8.1332,-3.373,-1.617,3
-2.044,1.3718,3.1217,3.7805,0.009011,-6.783,-3.6817,-4.1602,2
4.0245,-0.66389,-1.6064,0.63001,3.6881,-0.20897,0.74486,-0.5269,3
3.8818,1.5703,-1.499,-0.41964,1.5891,-2.1716,4.3558,-1.0046,3
0.54001,-1.6849,2.4317,1.5889,3.6148,-0.47155,-1.4143,3.3685,3
3.1243,3.2548,6.8842,-5.7617,5.2832,-0.10581,0.12623,6.5407,2
-0.59618,0.91953,1.057,-1.6953,0.47202,1.3411,4.0707,-1.5331,1
3.6046,0.34698,3.4385,2.6145,0.7176,2.4771,-0.45794,1.3404,1
-1.2078,3.0068,0.92329,0.56677,-0.076731,-4.2376,1.8522,2.8757,1
1.6968,4.6419,0.38189,-0.13083,-1.0151,4.4508,-4.7391,0.93247,1
-0.26008,-1.4778,0.35291,0.57735,1.2482,-1.3969,11.453,1.5904,1
1.421,-1.8045,-0.69062,2.0711,0.28747,-2.8853,1.227,-1.0128,3
1.3158,2.8624,2.9784,-0.31314,0.66219,-1.2647,2.6935,0.75572,1
-2.0056,2.2718,-0.005534,0.02925,-0.5998,-0.68494,-3.4878,0.1241,3
-4.0461,0.46223,5.5603,-1.2742,6.8404,3.4345,1.3339,4.6171,2
-1.0995,2.6183,2.8893,-5.1915,5.8031,5.3602,3.0516,3.9448,2
2.7759,1.0949,6.3117,2.999,4.4205,4.1716,1.7841,6.5243,2
2.0834,2.8222,6.181,0.75389,5.7822,4.8557,0.78343,5.8973,2
0.15162,-0.056594,6.1643,-6.2247,5.1897,4.0223,4.5555,6.3933,2
1.6604,-0.70598,0.25013,0.077391,-1.0272,-1.327,3.6098,-1.0858,1
0.75428,-0.3772,2.9343,3.6587,6.0849,8.3332,1.2541,7.8187,2
0.21996,-1.7798,-1.8778,1.6704,-0.98305,-0.10473,-2.2588,5.0622,1
-0.071482,-1.6872,3.2744,0.60128,1.0108,-3.2868,7.711,-0.83325,3
-1.908,0.51691,7.9494,0.028124,3.9527,-1.9303,3.9062,2.0078,3
-0.36987,-1.5704,5.7486,-6.677,5.0052,6.3271,0.61639,5.9118,2
-2.931,0.24124,1.6338,0.1393,1.3321,5.594,-0.079747,2.5974,1
2.4085,0.7233,-0.024013,-2.5276,7.8831,5.2359,-2.1503,3.1399,2
0.83062,2.6851,3.409,2.7783,-1.3067,-0.47642,9.2184,-0.5956,3
6.5945,0.20307,2.2795,3.0312,0.030962,1.9525,6.3633,0.8793,3
-1.403,-2.2759,7.3288,-0.36747,3.1772,-2.6547,7.5101,1.2366,3
0.19221,4.0555,3.6131,0.98069,1.3532,-2.2996,16.237,0.55635,3
-2.4055,-1.9726,3.0384,0.64051,1.3308,4.7672,-3.4104,-1.1805,3
-1.5803,-1.2696,1.3685,2.0266,-0.27513,-3.7595,3.8713,2.0337,3
1.0981,-1.8315,0.22435,0.90924,1.3065,5.028,-2.276,-0.84998,1
-1.7724,-1.2826,2.9713,0.22747,-0.8171,-2.0961,0.91044,1.9965,3
-0.57119,-1.0752,2.0806,-1.8936,0.43456,3.8251,-0.29806,0.91917,1
2.5066,1.4233,7.2433,4.8134,6.7311,8.7298,-0.68633,5.6784,2
-1.0239,6.2169,-0.76952,1.1739,-0.057437,-4.4733,6.126,3.7167,1
-0.24949,-1.9169,0.28046,-1.509,-0.96918,10.315,2.8288,0.48336,1
0.10558,2.2189,7.9313,-1.1141,7.9165,4.7769,1.04,7.5289,2
-1.9562,1.4133,0.47173,1.2026,3.4053,-0.94337,4.7132,1.8111,1
3.196,0.30487,0.18487,3.0905,6.2415,6.4982,3.346,5.8984,2
0.12868,-0.89231,-1.2659,1.5736,1.4948,0.43441,8.7253,8.8348,3
2.7582,-0.31203,0.5661,3.5082,-0.67225,1.5166,-1.4707,-0.53171,3
3.8274,1.9665,5.0104,-5.1186,4.2368,-3.3658,-1.2455,7.2509,2
-0.38455,-1.293,1.8341,-0.2229,1.4895,9.5578,8.8198,-0.089908,3
-1.3305,0.32599,1.7561,0.44383,-1.251,-4.0013,-2.1906,0.92579,1
-5.0115,-3.0013,1.0334,0.28923,4.2251,4.7611,-3.013,6.3124,2
-1.0096,3.5421,0.53755,1.0673,-0.20758,12.564,-0.18787,7.9776,1
3.2512,2.2445,5.977,5.9161,4.7548,5.5736,1.5634,0.21756,2
1.622,0.090783,4.2766,6.0727,7.7252,-2.1813,1.7877,6.6189,2
2.8045,2.3079,5.9047,1.5892,6.4365,8.8925,4.9763,5.6156,2
1.3031,-1.3711,-0.69581,-0.61511,-1.5219,-4.7003,0.87792,-1.7576,1
-1.1778,-0.68137,0.88661,4.6257,1.6075,-3.0636,10.285,2.7867,1
-0.22526,4.0498,2.8065,-0.83042,5.5528,9.9869,3.4076,5.4286,2
-1.101,-2.7224,-0.57572,0.81927,-0.51386,4.2469,2.0374,5.3535,1
-2.1147,-0.51106,2.587,-0.62928,-0.59297,1.4596,-2.5539,1.4179,1
1.8807,3.7317,-1.8395,-0.90332,1.0862,-3.6211,4.3121,4.8459,3
4.1927,-0.98791,0.8733,3.1507,1.2556,-4.2735,3.2636,2.675,3
1.1117,-2.1517,-1.5317,1.376,0.25742,-3.1786,0.44715,0.046845,3
1.2996,3.0957,4.0412,3.8513,6.0068,4.1843,0.5153,2.6338,2
3.895,-2.1482,3.3986,0.76864,0.35624,1.758,2.1478,-0.66796,3
0.76562,-0.75658,4.0604,2.932,3.3075,3.2957,0.19956,-1.4909,3
-1.9268,-0.60071,1.4158,-1.266,-0.87082,6.6384,1.0084,-0.96944,1
0.58185,0.65631,-0.67129,0.65164,-0.54957,1.9338,0.99382,2.9095,3
1.2464,-0.48423,5.1952,4.2864,4.4014,5.3135,-0.90948,6.8498,2
-2.6192,-1.0699,-1.0781,-3.9066,2.8662,2.1295,2.9052,4.2605,2
2.1086,1.7177,6.5397,-0.005536,4.9118,9.6629,3.7134,3.7514,2
3.1938,-1.8736,7.5342,3.8385,2.1329,7.3702,5.3575,6.5868,2
-0.85921,1.0647,0.85813,5.9383,0.2544,2.6375,-3.4437,0.51089,3
1.3536,0.55838,1.1411,6.0372,0.42799,-4.5347,18.379,-1.6804,1
3.1481,-2.094,5.2012,0.04895,4.7944,8.0676,4.1554,5.1419,2
-2.4144,1.9361,3.5433,1.8191,-0.29442,1.9588,-3.1084,2.3538,3
-1.8451,-0.062458,0.048054,3.6786,0.86019,13.716,-3.9064,0.19595,1
-1.5945,-1.9939,0.16503,-0.94145,-0.89855,1.1871,11.943,3.9306,1
-1.7262,-2.5171,-0.61115,0.73159,0.13646,-1.2647,4.6339,0.90107,1
-2.4114,1.3746,-1.3775,0.037907,4.4163,-2.9704,5.1096,1.8381,1
0.31473,3.5258,2.3579,5.2,3.6197,0.75224,0.43276,6.4231,2
3.6392,-0.69568,-1.8271,-0.34821,-0.020287,-1.4673,-3.4811,5.8796,3
-0.89488,0.80942,-1.4283,5.6458,0.89914,7.7166,-3.9892,-0.52503,1
-0.98166,-2.0821,-1.5297,0.61547,1.6746,2.1285,-4.5509,0.88048,3
-1.8524,-1.3256,-0.23791,2.0611,2.1709,5.8137,-1.3488,-1.5496,3
3.3758,-0.1091,5.2813,-1.7173,5.9773,5.836,3.1095,5.2416,2
2.9005,2.6578,3.4865,2.7434,6.2956,3.7894,3.1189,1.271,2
-2.811,-2.1713,-0.099598,0.52427,0.20051,11.596,0.87277,-0.57181,1
-0.14401,1.0462,-0.40989,0.28376,0.088685,1.8957,1.3863,4.7799,3
3.14,2.0033,7.5765,0.28531,0.62502,8.8358,4.4003,6.5596,2
-1.1343,2.5997,-0.66822,-0.61303,-0.76279,5.431,-1.5851,0.87028,1
-0.77225,0.60278,0.88973,-0.39644,0.74431,-2.8931,2.1531,2.6184,3
-0.21997,-1.3233,1.2657,1.7127,4.9243,-1.1055,-4.0151,0.086515,1
-2.6567,-2.7918,1.4942,-0.46604,2.0362,1.01,-1.2398,0.25665,1
-0.95928,-1.2568,-0.58678,0.45543,0.046005,11.498,-2.3487,5.4063,1
-1.4259,3.7679,-1.3971,0.57442,1.2025,0.24382,2.4571,0.79848,1
0.31153,0.50852,4.6137,4.2664,3.2173,8.4504,1.649,4.816,2
-2.4992,2.3919,0.19054,-0.38948,0.49224,4.3582,4.4931,1.7925,3
0.64354,-2.1449,0.63346,-1.7574,0.39422,3.862,5.7242,1.805,1
0.058753,-2.5974,-0.95273,-1.6121,3.4087,5.6684,-1.9654,7.8557,3
3.0966,2.5339,-1.5424,5.0946,2.6576,-0.6482,-2.3124,2.0879,3
-1.4325,-2.5982,0.45355,0.62452,0.16283,7.9523,3.3098,1.2849,3
2.8726,2.3094,-0.55851,-0.66183,4.286,5.9562,-2.8715,-1.3242,1
0.80087,-2.5642,5.9634,5.8328,4.3209,10.644,3.0036,2.501,2
-2.2126,-1.7313,-0.77657,0.66985,0.84837,0.41606,2.5061,0.33682,1
-1.1359,1.9236,0.29432,0.92661,1.2106,0.23398,12.315,0.30778,1
2.4111,1.5968,5.5899,4.51,5.4787,9.8103,1.857,5.4416,2
4.1081,-1.6999,-0.88332,4.702,-0.14605,2.3353,-0.30247,0.099731,3
0.071621,2.4125,-0.21947,3.471,1.8643,6.8666,0.32298,0.46087,1
-2.2632,2.698,0.67463,0.43877,5.2217,-0.93161,3.1323,0.74581,1
-1.8221,1.7463,1.6608,-1.1079,1.8635,5.7948,1.9324,0.79638,3
2.0106,0.90438,6.1549,4.9317,1.359,6.4145,3.3691,7.5393,2
1.1825,0.57585,7.3933,3.8695,1.3725,6.8424,1.7734,6.1099,2
2.6051,1.8755,3.7685,5.4992,-1.8198,8.3515,-12.016,6.5737,2
-0.20194,-0.40346,-0.093216,-1.1326,0.31478,2.1543,3.2189,-0.78412,3
1.7706,-0.31,3.7258,1.8585,3.1163,6.0515,-1.3886,6.733,2
3.7383,3.8513,1.5012,-9.5064,5.5622,7.8849,-1.139,5.0571,2
-2.2698,-0.69385,4.2629,1.217,-1.4953,10.054,1.6468,0.65053,1
-1.5715,2.3832,6.7397,5.3042,3.7013,2.5035,3.9053,7.3201,2
-3.0208,2.709,6.8468,3.1555,5.5688,3.4022,1.6185,4.5434,2
0.71638,-2.4411,0.49028,-1.196,0.039975,-2.8283,-1.1081,-0.1315,1
3.1294,3.2676,4.4842,4.9051,3.1988,7.9677,3.9935,4.5212,2
2.604,1.5673,-0.86365,-0.64526,0.088102,-0.66269,3.4868,0.29666,1
0.93222,0.63836,4.6833,-0.87785,6.1796,4.6921,4.9026,7.1423,2
1.4362,0.53481,4.9805,6.7293,5.101,0.51144,3.0467,5.6845,2
-0.33627,0.97168,4.1207,0.039288,-1.4046,10.757,4.1683,1.0188,3
1.725,2.6302,2.831,4.3463,6.6073,10.617,-1.2885,5.3785,2
-0.30375,3.4471,7.381,2.3261,6.3074,6.7995,2.9983,2.4109,2
-2.0901,0.43801,2.9332,-0.27592,2.9975,0.30181,-3.1091,-0.11621,3
-1.2504,-0.097717,7.1759,6.9634,-1.1667,-1.9863,3.4111,-1.0398,3
-1.0136,1.5344,3.3842,5.3168,7.0086,6.8836,-0.85379,6.4037,2
-1.6942,-2.6748,0.24818,-0.38741,1.144,-3.5392,-3.9999,-1.7949,1
3.383,1.6044,5.3747,2.6957,7.0654,0.23336,2.2245,5.0114,2
0.49078,-1.5891,6.7645,1.6541,7.1065,9.5028,2.3688,5.6483,2
0.8387,2.1659,-1.4981,2.3493,0.78121,-1.5062,-1.8192,-1.5208,1
0.46569,0.318,0.36378,-0.95095,2.227,-1.6922,-0.21489,-0.81061,3
-1.669,-0.68876,-0.92912,4.2884,2.5111,-2.39,-0.67523,-0.20677,3
-1.5243,-0.71265,2.2069,1.3102,2.1923,4.8595,1.2696,0.3793,1
-2.644,-0.75367,1.8911,0.74462,5.0983,-3.9239,-3.5289,0.55435,1
0.29494,-1.3628,3.8346,1.0119,-0.3888,2.9636,-0.70085,-1.5508,3
-1.7308,-2.6487,0.65539,-0.38439,2.8862,-4.6734,2.1123,-1.4449,3
-1.8319,-0.064127,0.19342,1.3985,-1.3441,1.778,-2.7642,0.10424,1
-1.6564,-1.9683,2.5803,-1.5879,-1.2431,4.8607,6.6593,1.1962,3
-2.2858,0.044295,2.9332,0.77297,1.8479,-1.7748,1.1011,2.1606,1
-1.6326,2.7907,0.20013,2.8225,0.87318,5.0324,-3.4545,0.69798,3
-1.7034,3.0729,-0.70539,0.33143,3.135,-3.8092,6.9745,3.2308,1
1.5812,1.9106,1.2742,2.9537,6.4834,2.187,4.0995,5.5252,2
1.1275,1.5567,7.7947,-2.8317,4.1381,8.9772,-4.8236,7.3662,2
2.0592,2.8559,7.8643,-7.6165,2.4089,9.6792,2.4637,5.9893,2
1.0819,0.92441,4.9658,5.1087,6.3139,2.6487,2.0663,7.4199,2
-3.1997,-0.14085,6.2535,-1.6839,4.4404,8.2348,3.5221,1.4502,2
5.321,-1.4895,-0.73128,1.649,3.5382,6.6376,-1.5574,-1.1553,1
-0.082591,1.0553,-1.4154,5.9633,1.4372,-2.7542,-4.1426,4.6439,3
-4.8866,1.4647,5.3512,3.8228,1.411,5.6828,2.5889,7.4068,2
0.47762,1.3519,2.0306,0.87214,4.4551,0.16652,-0.03967,4.3932,2
2.6692,-0.51633,-0.049462,-0.57273,1.6775,2.6157,10.696,0.62526,1
-0.065015,4.8122,3.4774,3.1117,0.76874,6.9414,3.7026,-0.53909,1
-0.92607,-0.34193,-0.71218,0.33026,3.8839,0.42277,-0.016668,-0.98648,3
-0.41258,-1.5643,2.8162,2.8821,-0.23207,-1.6325,4.0425,2.0379,3
-0.54225,-1.1761,-1.3864,2.8093,-1.5862,13.3,-0.78368,1.1386,1
-0.13486,0.20827,3.1121,5.2386,1.1056,9.3332,3.2069,4.9909,2
-0.6714,2.4484,2.8151,6.9872,5.5958,3.4191,4.4522,5.6828,2
-0.54218,1.9316,0.16237,6.4568,-1.1798,3.5315,10.775,-0.25794,3
1.5935,4.3866,-0.9531,-0.27632,0.13128,-3.48,15.244,1.3739,3
2.7224,1.3549,6.683,3.6087,4.271,8.1849,3.1832,3.4915,2
-1.5669,-2.9592,1.1232,4.6864,2.6921,0.055493,4.1143,3.903,1
-1.7207,-0.58686,-0.036412,-1.1702,6.0636,5.2622,3.1301,0.87885,3
-0.009869,-1.2567,2.0334,0.095403,1.5751,0.37233,-3.2479,0.77741,3
-1.0489,1.9807,1.4633,-1.4414,0.73175,4.2695,-1.6111,-0.56125,3
-2.7804,0.42904,1.3033,1.1364,1.1935,7.4773,-0.035148,2.5491,1
-0.59307,-2.3336,2.5249,-0.73018,-0.10611,-4.6841,-1.0337,0.79259,1
-0.82701,-1.1417,-0.022912,1.1647,1.1107,-3.5258,-2.5008,-1.0739,1
-2.5506,2.8102,4.7412,0.451,5.1097,2.2523,-2.8037,7.4222,2
-7.5766,1.3834,5.4827,0.92886,6.9564,7.9524,-0.46124,6.8311,2
-2.046,-0.83248,4.0129,0.84403,3.8387,3.4715,3.1828,4.7155,2
2.0181,1.3721,2.6148,3.2787,5.571,3.1532,4.6087,0.94421,2
-2.6638,0.39611,0.90821,0.74321,1.414,3.3043,8.8196,2.7259,3
1.2494,-1.4835,-1.7407,2.7245,2.2595,-2.7958,0.77965,-1.5155,3
-0.71585,0.99489,-1.3642,3.4147,-1.3321,-1.3981,-0.0209,4.9212,3
0.7895,-0.28834,-1.7944,2.5673,1.4605,1.6099,-4.292,5.0189,3
0.042793,-2.4931,3.0222,-0.8361,-0.59876,5.9074,-2.3004,-1.8011,1
-1.4935,2.7873,0.10132,0.63939,0.7644,-1.603,7.3776,4.3857,3
2.7973,2.4575,2.7537,5.41,7.7597,6.4485,0.1941,4.2656,2
1.4585,-1.9665,3.8952,-0.52574,2.4032,-2.7673,5.7963,0.37303,3
-0.018515,-0.97024,-0.63787,-0.56405,1.8984,-3.1138,-2.431,2.4695,1
-1.0843,-2.1885,0.69241,-0.56151,2.3721,-0.90758,0.27899,-0.27476,1
2.1128,0.78454,4.8229,1.3728,1.9677,3.007,1.4791,4.7925,2
-6.8081,0.67006,2.431,-0.28412,5.4838,10.194,2.95,5.6543,2
-1.0219,0.74604,-0.0091,-1.0288,6.0413,-0.26849,3.9149,2.4481,3
-0.34751,-0.13375,4.3222,0.094149,2.4081,-3.4283,-2.4089,-0.099596,1
2.1815,1.3538,7.0876,4.6171,3.8037,9.8359,2.1706,6.984,2
1.9232,0.55435,2.604,-0.064112,0.29463,-2.7792,4.1459,3.6317,3
1.3195,2.6988,3.3141,3.303,4.0389,9.4538,3.4694,7.6751,2
1.8428,-1.2552,5.9246,3.9982,-0.21365,-2.4252,5.4815,0.074672,1
2.9549,3.6857,5.0851,3.3127,3.0324,4.1974,1.0366,2.8286,2
0.48287,-1.4585,2.6032,1.0211,1.7316,-3.548,-1.6027,-0.68244,3
1.4397,-1.7057,5.5013,1.3809,5.8378,10.648,1.9475,2.4823,2
-1.93,-1.0559,-1.8074,2.285,-0.58948,5.136,-0.63634,-0.73087,3
-1.6491,-2.748,1.6605,-0.59473,0.65147,1.7548,4.1205,-0.19318,1
1.5757,0.48995,-1.2199,-0.79969,0.5488,4.3559,-1.2261,-0.37967,1
-1.1448,1.495,0.02923,0.96097,-0.15759,1.1856,-0.39343,-1.7629,3
-0.9752,-0.64306,2.5312,0.054411,-1.8662,1.1442,5.4484,-1.2197,3
1.8189,3.1935,5.6551,2.5896,5.3963,7.67,1.3481,6.8645,2
3.641,0.88754,0.07486,0.71334,0.3046,4.0838,-3.6331,8.0011,1
-1.8276,7.7455,1.6738,0.60985,1.3721,3.2528,-3.1567,-0.24134,1
-0.78464,-0.75556,1.7604,-0.024886,-1.6295,-4.4436,0.8817,-0.81183,1
-0.17053,-1.9683,1.5316,5.6056,1.0995,-0.6564,-2.5601,0.90778,1
2.6498,-0.56274,2.9972,0.44572,1.0083,-3.3409,7.9696,0.7223,3
-1.575,2.9963,-0.95914,-1.7781,2.3406,-0.36194,-2.0241,1.2602,3
-2.1697,1.8215,1.7322,0.4286,-0.18764,-3.0646,-0.52406,-0.086041,3
2.6625,-0.42028,3.1868,0.20448,4.9329,-6.7706,2.964,1.2287,2
2.8226,-0.087648,6.0726,2.5628,6.5594,6.4076,2.2133,6.2518,2
5.4181,-0.77923,-1.35,-0.50692,-0.42148,3.3217,-2.774,-0.71154,3
1.8811,0.38904,0.6594,-0.46067,3.1497,8.4327,-0.66434,2.6128,3
3.721,1.6073,5.2238,-2.8109,7.6505,5.6028,4.4636,7.4357,2
-1.6945,-0.3286,-0.80402,3.1812,1.5904,1.8296,-1.3669,-1.1391,1
3.3519,-1.491,-0.65927,-1.0732,2.1988,-4.3305,-0.37063,1.6096,3
-1.5174,2.245,5.5451,2.8281,7.2799,4.1786,2.8871,7.1304,2
1.2177,3.2634,5.6541,5.3787,7.0009,-0.35744,0.32476,6.1037,2
0.13191,2.4777,4.5936,5.6152,5.3944,0.033827,1.9698,3.0115,2
0.058753,-2.5974,-0.95273,-1.6121,3.4087,5.6684,-1.9654,7.8557,1
-0.012825,1.5879,-0.63766,1.2729,1.5199,-0.36644,-2.1442,-1.4519,3
5.9909,3.0222,0.036412,0.73291,0.34978,0.036912,2.202,-0.48926,3
-1.2844,2.6716,5.3236,-2.0488,5.6289,-0.23482,5.3143,3.3656,2
0.60879,-0.20934,4.4883,6.3318,1.6671,-2.5977,-1.9772,1.4205,2
-0.73669,-1.4854,-1.4689,-0.13211,0.41053,-0.46319,-1.9403,1.4046,1
-0.35235,4.8751,-0.40746,-0.23736,-1.5636,1.3544,4.4617,2.7033,1
-1.931,-1.7919,-0.56717,4.1701,4.2811,3.1025,-0.53841,-1.0801,1
1.0375,2.6407,-0.50596,-0.16288,1.9689,7.7964,4.3083,1.1659,1
0.001091,-2.657,-0.14972,1.9886,0.75111,8.8172,-3.3711,0.080029,1
2.0314,0.84781,2.2444,3.099,-0.28652,3.8448,-0.52548,1.354,3
2.1658,0.86686,6.893,-0.79564,0.59449,-3.6938,-0.03856,1.0408,1
-1.479,6.1647,0.028266,-1.0207,0.56542,-3.3566,-0.13003,0.8483,1
1.6819,-0.28275,-0.54548,2.2946,-1.2945,13.276,2.4903,2.8813,3
0.4687,3.2069,3.3179,-5.3291,2.1515,7.7149,-0.44438,2.5669,2
1.6614,-1.3526,4.03,0.91396,1.1671,5.8013,8.0708,0.57275,1
-2.0774,0.46973,-0.20689,-0.25465,-1.2664,-4.4687,3.9431,1.5235,3
1.6191,-1.097,-1.1924,-0.60373,2.3262,-0.17353,0.14802,-0.98259,3
3.5243,-0.89761,9.4186,4.3857,2.6739,-0.87762,-4.4944,2.6267,1
-2.1635,-2.363,3.5417,1.627,-1.0058,8.677,0.59596,1.6005,1
-2.9031,-7.0203,3.7946,1.3209,5.0937,8.32,2.778,1.8907,2
0.33361,1.0955,-0.43847,2.3824,6.6786,9.3271,1.6762,6.7804,2
0.79138,-0.71865,3.2622,4.9773,5.9403,4.2305,3.8443,3.8082,2
0.42894,-2.6322,9.914,0.8514,2.3062,13.348,3.0992,1.4824,1
-1.7814,0.73658,-1.1192,0.77176,1.257,1.7373,7.1621,1.4477,1
-1.4668,-1.6299,1.5127,1.8543,1.5459,-2.3871,1.5656,0.28906,3
0.78472,-0.28818,-1.1138,2.315,0.28452,-4.4774,2.2671,-0.86438,1
-1.9606,-0.48809,-0.46824,-0.37449,0.29065,4.6435,-0.076466,0.70719,3
-0.11569,-1.7907,5.2263,-0.11116,3.3373,3.7715,7.5483,-0.87368,1
1.9105,1.3763,6.3583,-1.8223,3.5298,5.317,-1.8636,6.2404,2
2.4237,-0.92121,0.26909,-1.1909,3.1498,3.8333,-0.57405,1.0096,1
-1.6506,2.7665,0.19044,-1.7798,2.2161,-4.1704,2.3033,5.5242,1
-1.1867,-0.86829,2.5881,0.068445,3.5758,6.1232,4.7537,-0.85188,3
-1.394,-0.83119,7.7351,-7.0561,2.8914,5.5842,2.2742,2.1254,2
3.0573,1.5735,6.9903,-0.046068,5.9549,2.625,-2.0852,-2.1877,2
1.5069,-2.6937,0.38573,1.253,0.94143,-3.0987,-4.5878,-1.3547,1
1.9931,2.691,2.162,-1.026,3.4364,3.2306,4.1992,3.8673,2
-1.9388,2.8593,0.12935,-0.35636,0.33373,2.4175,-0.03659,6.4426,3
-2.7044,-1.577,-1.0543,0.80218,1.8577,-1.769,4.7948,-1.4512,1
-0.98766,2.3203,1.636,2.1632,3.2622,-3.9363,8.5303,0.69574,1
0.99724,-0.25519,0.92314,0.51262,-1.0228,5.2953,-1.8074,0.52768,1
3.8337,-1.4371,7.2838,3.3907,2.4834,0.096337,2.333,5.9579,2
-1.1006,0.55651,-0.43115,-0.97204,1.4039,-3.284,-4.1095,-0.62975,3
7.5484,-0.061413,-1.4041,-0.47701,-1.0054,10.213,0.13679,4.2986,1
-1.4698,-0.82105,1.5136,6.3798,6.1862,6.2624,2.6186,5.6313,2
0.094741,-1.7094,2.2653,1.6071,0.43266,-0.55909,6.3966,3.0992,1
6.5217,-1.1776,-0.87653,-0.39942,-0.58151,2.4643,2.1739,1.7251,3
0.33048,2.9761,1.8772,1.3572,5.2102,8.0289,0.66905,6.4696,2
-0.55571,0.60704,3.8288,0.19917,-0.26971,-1.4242,-0.24817,0.73055,3
-0.19193,-1.9302,3.3668,-0.98996,1.5157,4.5161,-3.4366,-1.1128,3
-1.6674,3.8136,6.6384,-4.5439,5.0875,7.7814,1.4305,4.7918,2
-0.25342,0.41357,-1.3062,1.7156,1.1836,-4.0448,-1.9884,0.015215,3
-0.46674,8.462,-1.365,0.6451,0.90139,4.8653,-4.1175,0.066551,3
-0.26528,-0.039129,1.0472,1.8734,0.19355,0.39691,1.9153,1.2064,1
0.27907,-1.1509,3.5053,6.2434,4.9073,5.5525,3.8035,6.3651,2
-0.91175,1.2872,7.0864,0.17024,2.485,-8.9321,2.6187,6.2348,2
-2.1037,1.7238,3.8307,-1.5421,2.2665,8.7145,-2.1337,6.1791,2
-1.2065,-0.46129,5.8268,-0.84751,-0.051164,-1.0276,1.3094,1.1549,1
0.38265,1.2047,0.56689,1.7516,3.8439,-2.1101,1.1397,2.6114,1
-1.9084,1.4091,0.007848,0.43109,-1.7824,-1.9588,-3.8476,-0.24013,3
-0.6534,2.4947,3.2401,5.676,4.0548,10.235,0.62657,2.5681,2
-2.0107,1.3561,-0.73482,0.17263,-0.26507,2.4235,-4.3238,-0.45972,1
3.7115,1.4423,2.0811,0.25102,1.4966,4.366,4.7433,4.9822,2
3.8802,2.47,7.6696,-0.94042,7.5943,9.4631,1.3423,4.5557,2
2.6703,-0.29214,-1.5519,4.2124,5.118,7.4988,-1.8023,7.7204,2
-1.1787,-1.9034,-0.001218,1.3292,-1.7343,6.4767,-1.2742,-0.67531,1
-2.168,1.8268,7.443,-3.5171,3.1973,6.7929,3.3281,4.5353,2
-0.47997,2.0103,3.8078,0.14933,5.4387,-1.0762,2.2479,4.2198,2
-1.0002,-1.2593,3.0219,2.3601,2.2796,3.6165,0.15363,6.5653,3
-1.2943,-2.1266,1.1813,3.8417,-0.68906,6.4252,-1.2232,0.9704,3
1.8304,-0.24952,5.8891,1.3537,5.4279,5.7386,0.92231,7.4886,2
-2.0739,1.6472,6.4021,-1.7276,1.8536,-2.1987,-1.1397,4.8083,2
1.7982,3.35,4.5844,2.9937,2.7277,6.6414,-0.12519,7.0678,2
-0.14302,0.22515,3.8844,1.8202,3.0526,4.2889,1.5471,6.3915,2
-1.7839,3.5425,-1.6011,-0.40984,1.6146,0.71399,2.9759,0.37235,3
-1.4923,-0.12533,-0.19634,0.16056,3.6578,3.1967,5.1227,-0.59214,1
-0.23819,1.8359,2.4082,1.1658,0.055202,3.1831,0.88215,-0.74152,1
-2.5012,-1.8121,1.9386,2.5632,1.5098,-0.25201,0.27525,4.9443,1
0.51677,-1.384,-1.8032,1.0145,-0.28165,-3.4772,1.6739,3.373,3
-0.26705,-0.72599,6.4317,1.0097,5.539,3.1726,1.5428,7.9082,2
1.8758,-1.1493,7.251,0.072496,7.1512,5.4864,-6.0777,5.5565,2
-2.7728,0.59984,0.75325,-1.3988,2.163,0.079914,-4.1553,-0.60201,1
2.079,1.9342,5.6471,5.5556,1.1537,-1.4618,3.8632,3.6421,2
3.2445,1.3091,-1.0614,1.6171,-1.8564,1.8028,-2.8887,0.10298,3
3.7745,3.1168,0.75169,-1.5737,-0.82308,-1.2975,1.7028,2.3747,3
0.72457,1.0797,7.3269,6.7949,2.6068,8.0257,1.9743,6.1492,2
-2.0556,1.1388,4.5898,3.6119,6.1505,7.7157,-0.46658,-0.74401,2
-2.8075,-2.2729,0.72915,0.08784,2.9062,1.6221,-2.9666,0.68054,3
3.9611,-1.5397,0.40489,-1.4865,2.0149,11.897,-1.075,-0.18839,1
3.094,1.8748,5.5224,-9.4455,6.0431,-2.0468,0.19165,5.0332,2
0.56079,1.5144,4.6709,-3.0757,3.2859,2.7306,0.82127,3.4637,2
-0.77844,0.64255,0.42561,-0.10632,-0.47446,5.0138,5.8983,1.5007,3
0.70877,2.3407,3.6906,-0.48995,1.5732,7.2638,1.4879,6.9002,2
0.17655,0.34571,1.8171,4.3158,5.9414,5.2285,0.98946,1.2619,1
1.5409,6.4576,2.5826,2.8314,2.302,-2.7879,5.3016,0.35157,1
5.3574,-1.8416,0.30711,2.5663,-1.4675,-0.058966,-1.1003,4.2722,3
-0.9078,2.755,4.4781,-1.7088,0.95788,-0.767,-4.6132,-0.11459,1
-0.40564,-1.5757,7.6298,4.9765,4.4702,8.5687,1.744,4.7423,2
-1.9966,-0.51931,-0.88335,-0.5026,-1.1043,6.4298,-3.3768,0.35387,3
3.3618,3.4778,6.3208,1.0818,3.427,4.9467,-2.0834,2.9232,2
-1.4347,0.1523,0.78164,-0.61135,0.024226,1.2324,3.7619,-0.95737,3
5.0783,-1.7169,4.4438,-1.4656,-0.066463,10.399,-1.8741,0.32395,3
-2.0692,-0.57327,2.8301,1.2504,-1.1344,5.3317,-4.3049,5.3357,3
1.3065,-2.0604,-1.043,-1.4017,-1.2668,-0.76223,0.094608,0.70083,3
0.12808,-2.9767,7.6809,1.1001,5.4834,3.0725,4.2371,1.0139,2
-3.3726,2.8728,4.7426,5.8742,7.4273,3.2621,0.51239,3.5779,2
-2.1834,-1.0026,2.9401,-1.0773,-0.72986,5.0646,-0.67781,1.0938,1
1.0751,1.8191,2.7755,2.8714,6.1748,6.8545,-1.2614,2.6798,2
3.9189,1.5647,4.3806,5.5841,2.6354,9.3352,3.0867,5.3576,2
-0.24266,-0.21341,-1.2593,-1.3544,-0.11582,-2.4016,0.036561,-1.1348,3
-0.4245,1.1484,-1.3727,-1.2583,5.9048,-4.1257,1.2271,0.15337,3
0.017994,-1.4266,-0.80767,-0.012336,1.9171,0.63765,3.4048,5.3043,3
-0.99048,-1.9076,-0.83104,1.3168,3.3653,2.8198,-4.7446,1.1544,1
3.4602,-1.9934,4.6831,0.14903,-0.29288,-3.2761,-1.4836,-1.26,1
-0.3691,0.19084,0.17474,0.79654,-1.5036,-2.3909,12.732,-1.7923,1
-2.4127,0.86845,4.7146,1.9677,-0.75357,8.4834,-3.3654,-1.7487,1
-2.1814,3.3025,4.2402,5.3499,5.4436,1.2507,4.3285,4.3927,2
2.1915,2.3876,2.6157,1.4365,5.3003,8.9779,3.3154,5.3302,2
-2.4245,0.73494,0.90302,1.2822,3.1739,-2.405,-4.1208,0.20325,3
0.60465,0.70174,2.396,1.777,0.14038,1.4569,2.3779,0.50579,1
1.5644,3.0438,4.9518,0.25582,5.6018,5.8335,0.63606,6.1476,2
2.8652,-1.2914,-0.1521,2.343,0.56897,-0.79415,5.1161,6.4614,1
0.21308,-0.54075,3.0524,0.75549,-0.70421,-1.8623,1.6602,-0.91063,1
3.3109,-5.7102,6.4346,1.7028,7.2188,1.1726,-0.62202,7.6466,2
-2.7217,1.9693,1.0773,-0.72395,2.4811,-4.6893,-0.11856,0.68461,1
2.2558,1.9997,5.8283,3.0899,6.5417,10.487,1.1354,2.8575,2
2.9506,-1.3518,8.467,4.8126,-0.10848,5.224,-1.2269,1.1118,1
2.3593,0.7049,5.3567,5.8211,4.4672,10.396,4.2977,5.9159,2
1.3984,1.998,5.4933,2.9029,3.0909,9.4435,4.5595,1.3542,2
0.91554,2.7979,4.8815,-4.3784,5.1848,6.5726,1.3398,2.6017,2
0.60601,-0.30701,0.60593,1.4571,-1.5374,0.095494,12.274,0.3359,3
-2.1921,1.1109,3.2336,1.4994,1.6005,9.2521,-4.0649,-0.025609,1
-0.45634,0.29348,-0.73984,0.77896,4.508,-0.23023,-2.225,1.4007,3
0.80818,-1.5049,-1.3167,1.8699,-1.1371,-2.6749,10.024,2.6682,3
3.2077,-2.0361,3.3589,0.004959,4.9235,3.9746,-3.5414,1.1048,3
0.092628,-1.648,-0.62677,0.78824,1.7158,3.3125,-2.3516,1.7394,3
-1.0477,0.4838,1.3451,1.2444,-1.493,-2.1077,9.7451,2.4865,3
-1.0785,-2.7368,2.8521,-0.70498,0.11955,1.2338,-1.1936,3.2165,3
-1.8221,0.73242,1.4184,-1.7159,1.5239,-3.6288,4.832,-1.6055,1
-0.63291,-1.983,5.322,-0.91466,0.66839,3.9511,3.6595,0.38099,3
-1.3812,-2.1538,-0.17496,0.37826,2.8512,0.78568,-1.9423,0.38103,3
1.732,-0.43119,5.6251,1.2028,-1.2362,0.39941,11.911,0.13369,1
-0.9839,1.4705,7.0598,-3.5929,6.9957,5.5054,-0.31238,3.1647,2
1.9933,-0.33547,3.8224,0.1535,3.3107,8.6635,1.3073,6.3197,2
0.8462,-2.5091,4.4873,1.9547,0.70755,-0.94155,-3.6067,-0.027511,1
-1.676,2.7588,-1.4269,2.1103,2.9159,9.5783,4.8344,-1.1486,3
-0.63521,-1.5065,-0.12974,-0.71625,1.5249,4.4732,11.278,1.4424,1
3.5666,6.0838,0.62932,1.98,0.53999,0.066042,-0.50827,-0.31036,3
3.8248,-1.3681,0.034631,1.1141,6.2259,9.9859,5.1396,1.0874,2
-0.19591,5.4486,3.1027,3.8447,0.21529,-3.0421,9.3234,-0.86659,1
-1.2406,-1.3253,3.6381,0.22939,-1.1673,-3.7963,5.4727,6.6375,1
-1.8677,-0.73801,1.3863,-0.33254,-0.18786,1.3459,1.779,2.0002,1
3.8024,4.1601,-1.0145,0.84291,0.19042,-1.4323,-3.4739,-0.87687,3
0.45721,1.4803,4.7404,3.4768,1.1114,5.7076,0.23374,5.0841,2
1.6459,1.2503,5.095,4.4231,2.5044,9.4133,-0.61375,6.1293,2
0.33439,0.018511,-0.023869,-1.2414,3.295,-3.1375,-4.156,-0.27174,3
1.9526,3.4808,2.5943,5.013,6.5112,10.193,2.2565,1.4497,2
3.5456,0.098187,7.8265,2.6334,7.3964,6.8145,-2.5335,6.6431,2
1.5269,2.8845,5.1624,2.1678,1.3977,4.4362,4.0197,0.99323,2
2.3682,0.47325,2.628,0.50403,2.8505,-0.73232,9.602,-0.71176,1
2.1025,4.2891,-0.005501,6.2419,-0.72147,-3.8897,-3.6114,-0.12604,1
0.11416,0.81728,2.0381,3.4902,-1.5209,4.5067,3.5508,0.22505,1
-2.0056,2.2718,-0.005534,0.02925,-0.5998,-0.68494,-3.4878,0.1241,1
2.1086,-0.92959,0.7124,1.9821,1.5065,-3.529,-1.2776,2.6585,3
3.6283,-2.0028,-0.70236,4.3942,-0.558,-1.8559,-1.7003,1.6914,3
2.7432,1.9992,1.6586,5.344,3.3727,9.1845,-0.16267,6.1125,2
-3.0501,3.0582,2.7921,5.7632,0.16978,5.7577,-0.8994,4.91,2
-3.8351,-0.40266,1.5714,6.9126,3.2222,7.8403,-0.82608,5.6492,2
-2.6163,-0.52814,-1.0797,0.096421,2.4959,1.8671,1.0571,0.71348,3
-0.8987,-0.074039,2.7125,0.66679,-0.52376,-2.7324,-1.5009,-0.97663,1
-2.9904,-1.3493,0.42809,-0.22148,2.7023,-1.1582,7.0994,2.1794,3
-2.1858,0.68985,3.0515,-0.22894,-0.019423,1.9569,-2.5842,6.6831,1
-2.5015,0.42923,-1.9209,-0.003676,0.41311,0.18445,-3.5229,1.5233,1
-2.1108,-1.0705,2.3813,2.6078,1.1474,1.9212,13.557,6.1424,1
5.7746,2.21,-1.9888,-0.55184,2.1469,13.892,-3.1627,-0.18563,1
3.4822,-1.0987,-1.4931,-0.85082,0.60966,-1.2076,5.2871,5.1349,1
-3.7256,0.97232,5.2335,5.0345,6.27,3.4005,1.0031,4.3434,2
3.5597,1.1558,7.365,-1.6513,4.332,5.4021,-1.9906,7.2879,2
0.092446,1.8373,-0.33414,1.7066,-0.00164,-1.5395,2.2746,0.29021,3
0.22503,2.9707,5.3781,-0.19899,-0.29784,-2.6739,-1.2299,1.0287,3
-0.94577,-0.94044,6.7497,-5.9261,1.3726,6.4778,-2.7701,5.4874,2
2.193,1.4351,2.1772,5.7913,6.1309,3.1091,-0.055019,1.8517,2
-1.976,-2.4514,1.3138,2.3378,1.4548,-1.1183,-0.36269,-0.57788,1
3.1625,3.2796,1.9098,4.0936,1.7162,1.8171,3.9561,0.23851,2
-2.7209,-2.1229,1.5855,-0.71817,-0.79922,-4.0608,-4.5345,0.18604,1
0.46258,-1.8106,-0.89987,1.8965,2.7257,-1.564,-2.9652,-0.77557,3
1.1679,0.012708,-0.16168,5.897,0.6574,4.4772,-0.82792,4.6812,3
0.41759,0.42624,-1.3465,-1.9053,2.0449,-3.2678,-3.703,0.31196,1
0.49579,-1.3819,1.2242,3.281,2.2104,-0.36704,5.1836,-1.7098,1
-1.0825,-1.1866,7.4269,-0.54029,6.1706,8.9402,4.6129,4.5753,2
0.31622,0.37744,-1.1115,1.4111,0.40788,0.89172,-0.28189,0.51812,1
0.35467,-2.4513,4.3726,0.55921,-1.5565,8.6139,10.626,-0.39979,3
2.911,-0.60432,5.1141,0.096333,5.6861,5.7021,-0.38907,7.3693,2
3.5172,-3.745,6.0478,-1.7576,5.011,-4.1432,2.5093,2.6619,2
0.70856,3.228,3.7001,2.1072,1.3551,5.0777,-1.7884,0.12688,1
0.036229,3.1785,2.8208,-0.62674,3.3091,4.2487,4.8689,0.56829,3
-0.88401,-0.86751,2.8174,-1.5833,-0.84985,-2.3408,-1.044,2.938,1
-0.89899,-0.42239,3.304,1.0035,-0.68269,3.3727,3.5812,2.7543,1
-0.10602,1.5948,6.7732,3.1543,4.4435,9.2852,5.315,4.9489,2
2.4131,-4.891,6.1155,-4.8768,4.7147,1.025,-2.6009,7.2963,2
2.1658,0.86686,6.893,-0.79564,0.59449,-3.6938,-0.03856,1.0408,3
-0.22985,2.6009,7.2638,4.2865,1.792,10.545,3.9977,5.8173,2
0.69977,-0.88423,0.46385,-0.32323,1.2481,-1.6436,5.6896,5.536,1
2.0699,0.86386,0.25542,-1.638,3.8126,2.7312,-2.1716,0.39068,1
-0.51786,-2.4362,0.23773,1.5837,-0.44666,-0.55311,-2.7329,1.1157,3
0.22626,2.5311,6.6954,5.3735,5.0377,7.1651,-1.0469,4.7145,2
3.7685,0.55797,-1.5271,0.40431,2.7201,-2.5827,7.1857,4.1315,3
3.0913,8.0892,2.9843,2.6026,-1.4015,-3.49,-2.6991,0.058061,1
1.9599,2.3747,3.294,5.1788,7.5286,6.3415,2.6364,-0.085899,3
-1.1404,-0.47122,-1.4655,2.0146,-1.8839,-2.7765,3.9136,1.8619,1
-1.2506,3.3417,4.9896,2.5662,1.5003,2.4006,4.7973,6.7262,2
2.4403,3.4589,6.5248,-6.8673,6.9929,4.7129,0.049153,4.7669,2
-0.48365,2.5047,6.7567,6.6898,5.3246,6.9799,1.3731,5.7359,2
0.34681,1.6417,5.5722,1.0932,4.3827,9.7254,3.9514,3.7863,2
-0.051855,2.0904,-0.0877,-1.818,-0.39354,-0.25555,4.4073,-1.4101,3
-2.1636,5.2143,-1.1661,1.8933,4.0279,6.7178,-2.5918,0.10738,3
-0.6254,-0.76477,7.5708,6.6757,6.7821,8.8002,-3.2576,0.78596,2
2.7241,2.4719,1.9539,1.3425,-1.1673,0.36403,-2.2609,0.23922,1
-2.5715,6.3777,4.7419,0.78144,1.3643,2.1479,-2.3076,5.0062,1
-4.6187,0.30531,5.4067,4.9266,2.0541,6.8049,3.2683,4.5356,2
1.8235,-0.32161,4.7347,-1.7648,5.0376,5.1843,3.1534,5.3743,2
-1.6729,1.6159,9.8786,-0.7474,3.6938,2.6695,-4.1914,0.60423,3
0.23991,-0.60989,-0.83729,2.3785,-0.50816,-3.4715,-1.5795,2.2274,1
1.5416,-1.2423,0.92784,4.2652,1.606,-2.1913,4.9894,1.5484,3
-1.8293,-2.0679,-1.1663,5.0352,-1.7192,0.792,-1.7237,1.3388,1
-1.3001,0.52183,0.16653,1.9133,-1.9917,0.11994,-0.65569,3.2016,1
-0.39363,-0.88684,5.3534,4.0031,0.32763,-2.1067,-1.2668,-1.362,1
-2.2662,-2.6353,2.2126,2.2275,-1.3475,0.01912,4.3707,3.7621,3
-0.91326,-2.71,-0.79265,-0.53231,0.30096,2.2425,6.1605,1.3364,3
0.02776,1.092,0.78366,0.28391,2.0531,-3.6964,2.2207,-0.47054,1
3.6421,-1.7729,2.8514,-0.068885,0.82146,3.4872,6.552,0.65767,3
3.0892,1.1776,3.3923,0.47785,4.4298,8.7635,4.4323,4.3962,2
1.3672,0.43104,4.8792,-7.0495,6.5701,7.8985,0.17906,7.214,2
-1.9607,3.0585,-0.05572,-0.58895,-1.5134,-4.5219,-3.0245,0.16969,3
-0.41204,0.61124,0.66183,-0.30621,-0.98897,-2.4976,1.0821,3.0555,1
1.1237,0.95261,6.8783,-1.4767,6.0769,3.9793,2.8493,6.5427,2
3.243,2.3688,6.5362,-3.1306,3.6456,8.164,4.4002,2.5589,2
-2.7344,-1.3586,0.50927,4.4977,-1.0792,-4.2694,-0.66831,-0.36563,1
0.43125,-1.9802,2.0301,-1.0912,6.3652,-2.9703,0.020214,5.3395,3
2.9026,-2.7676,5.743,-1.9708,4.3392,8.2987,4.0436,4.4867,2
2.7846,1.434,6.8677,0.41521,4.822,3.946,4.6952,5.5458,2
0.87517,-2.0468,-1.0718,0.98576,-1.5859,7.9417,-4.4293,-1.3357,1
0.79645,-0.14319,-0.41834,1.6556,-0.11504,3.8145,-0.10974,3.2279,3
-2.2186,0.82556,3.7589,6.5369,2.8465,9.1644,3.5077,5.1133,2
-2.4828,0.80684,4.1315,-7.527,-0.2749,9.351,-1.5934,3.8757,2
-4.1483,2.7319,5.2939,1.9514,-1.357,8.9287,-0.2013,4.6716,2
3.6315,0.41091,2.898,-1.8183,1.9621,5.7269,1.4919,2.1174,2
2.2103,2.0226,6.5914,5.397,5.8181,6.0383,-8.3197,4.8757,2
2.5414,3.6714,2.3743,3.562,3.6999,5.4522,-4.8148,4.0866,2
6.2158,3.3451,2.722,-0.50094,0.90776,1.9351,-1.9645,-0.2357,1
-2.6892,0.15008,-0.97107,3.9727,-0.74555,5.4951,1.6423,3.4643,1
1.9547,-1.4401,2.8735,-0.85202,3.8535,4.7081,-0.51509,1.4156,1
1.206,-1.804,1.3335,1.7615,1.6353,-2.0994,-3.9453,1.1297,3
-1.8068,-1.8035,-0.3041,-1.392,0.048294,5.6416,0.61028,3.7118,3
1.1897,-0.3911,3.0209,-1.2997,-1.205,6.7276,-0.57776,2.2806,1
2.7654,-1.854,1.9202,0.72288,-0.30783,5.8468,8.8733,-0.21238,3
3.3459,-0.44137,7.375,-4.9199,7.1243,8.6551,-6.9872,6.8838,2
-0.10886,-1.8025,3.8222,2.1485,-1.0839,-1.7229,0.25799,1.643,1
1.6444,2.1266,1.0832,0.98233,-0.74507,-4.7601,-2.4051,1.0606,1
-1.138,1.4168,3.1932,6.7286,4.7022,9.6387,2.4938,0.84243,2
-0.095286,-1.4273,-1.2425,0.69897,0.29929,-3.1586,0.20872,1.2363,1
-0.96955,-1.2876,3.0518,0.83112,1.1453,8.5905,4.4606,4.7815,2
-0.70434,1.2047,1.321,2.119,0.75017,3.5998,0.35285,6.9462,1
-1.7981,-1.6931,-0.49995,3.6391,-1.812,0.39721,-2.3219,6.6046,3
-1.4961,-0.46756,0.12311,-0.62979,2.4915,5.8213,17.979,0.41646,3
2.0332,3.1851,6.1143,-0.67771,3.7946,-4.8591,1.6318,7.1707,2
2.4642,3.0819,1.8875,1.4003,4.4195,1.875,3.315,4.5939,2
-1.2042,-1.1679,2.4168,-0.10192,2.2929,2.2931,-0.70129,-0.37002,3
1.3673,0.70994,7.1254,4.2484,5.1358,8.1079,0.88643,5.0055,2
0.51692,-1.2772,-1.4807,-1.9526,0.022329,3.1643,-0.6092,-0.37974,3
-2.056,7.5661,0.79468,0.80468,1.734,-3.6723,0.44178,-0.066458,1
-2.1886,0.63251,-0.50473,1.3225,-0.42764,4.5994,-1.8042,-0.21167,3
3.3634,2.1274,3.6548,4.1681,5.1662,5.9309,3.9342,3.9824,2
-1.6729,-2.3319,3.1733,-0.2237,-1.1285,0.064803,-1.9575,-1.2677,3
-0.36996,1.1955,1.911,0.77226,1.2469,-2.1556,0.47551,-0.88329,1
-0.36996,1.1955,1.911,0.77226,1.2469,-2.1556,0.47551,-0.88329,3
-0.9129,0.54279,-1.2767,1.5555,-0.16445,-2.2718,5.791,-1.7296,3
-0.77886,1.8719,-0.035197,0.2717,3.7508,-3.1615,1.5946,-0.32341,3
-1.475,1.8585,7.6307,3.1988,5.5277,11.019,2.218,2.2629,2
0.96245,4.7778,-1.6121,0.70899,0.32005,-2.3402,4.0123,-0.89329,3
1.3789,-2.1444,5.8222,3.9757,6.8566,5.3926,2.0989,5.4621,2
-1.3263,-1.718,1.4996,0.95876,0.76101,5.5264,2.4321,3.6343,1
-0.74008,-0.89484,-1.5091,-1.2505,1.6628,-3.7109,7.636,2.532,1
0.23697,-0.47333,6.6381,4.8827,1.4848,-5.7935,-0.78059,5.0372,2
-1.4261,-1.9506,2.3459,0.31428,0.70552,-2.2907,-2.8354,-0.59101,3
-2.2166,-0.89297,4.1592,-1.0371,-0.16044,6.3759,1.7128,-0.25112,1
3.1223,2.6494,-3.7451,0.076825,7.3677,-1.5157,4.9956,4.6583,2
-0.054996,-1.5534,1.6698,-0.56993,-0.18131,-3.2456,-2.7608,-1.194,1
0.18178,0.63422,4.2411,-0.005432,2.083,6.2215,-1.4023,0.15092,1
-1.4459,1.2789,2.2426,2.8676,-0.55423,2.3654,7.2256,0.80502,3
1.8,2.3813,5.7246,-6.5658,7.3351,8.9632,-0.99775,4.285,2
2.2834,0.63107,4.2487,2.9014,6.7583,3.2427,-5.3773,5.6027,2
-1.544,1.1133,4.7706,-7.6066,6.0956,6.5239,-3.7383,5.2517,2
-1.7328,0.10752,2.0529,6.7269,2.3487,2.0534,-0.55698,4.0333,1
-0.73825,0.75054,-1.6427,1.6075,0.8738,5.0577,0.24969,2.0543,3
2.9041,0.63758,6.0078,-0.70757,3.954,9.984,1.0862,1.6489,2
-2.085,-1.3099,2.177,4.1633,2.3635,0.96066,0.68211,0.93195,1
5.601,2.994,1.3213,-1.2623,-0.30673,-2.9633,-3.3269,1.392,1
3.7907,3.1782,6.7509,2.3555,6.978,6.1134,3.6562,7.5274,2
-1.2431,-2.3776,-1.3648,-0.96419,0.51849,-3.8458,-2.9479,-0.9615,3
-1.6045,-1.89,-0.79056,1.5594,-1.5149,5.8898,-3.3363,-1.14,1
3.445,-0.26081,1.7701,1.7034,0.803,-2.2239,0.68766,-1.4367,1
-2.514,1.2149,5.7102,0.17637,-0.19968,-3.691,-2.6902,-1.0473,1
3.1801,2.62,6.9272,2.551,7.3448,9.3009,0.61153,6.2756,2
1.69,2.4465,-1.3936,2.3245,-0.62682,1.7278,4.0077,1.4902,1
2.3136,-0.15502,6.696,0.88428,7.2006,9.2995,-2.1976,4.982,2
1.524,0.90879,-0.15102,0.088095,-1.0474,-2.175,-3.2121,0.12465,3
2.2292,2.294,6.6254,-4.5393,2.0026,3.3501,4.0434,2.094,2
-0.24866,-2.8295,0.30659,-0.47559,-1.2071,2.654,14.57,-0.1585,3
-0.15587,1.5587,5.7184,-3.5633,4.2973,0.99312,2.4374,2.2383,2
0.36899,5.5519,0.61879,-0.83516,1.8463,-1.7129,-2.8566,-0.19537,3
-1.2494,1.2816,5.8948,2.1031,5.9001,8.771,1.2928,-0.1297,2
-2.0518,-0.91935,-0.13661,-0.81246,1.1025,0.48312,10.344,2.4818,3
-1.2658,-2.5586,1.2723,2.2457,-1.6541,1.6712,4.393,-0.60289,1
2.5062,3.0734,3.6294,0.58896,5.4796,9.6431,4.3605,1.3805,2
-1.7525,-1.3117,1.2573,5.9983,0.40238,-2.84,3.4042,-1.4409,1
-1.7516,-1.8211,3.5862,1.0437,1.1283,-2.6398,1.899,-1.4693,3
-0.89621,2.9342,0.59895,2.2934,-0.95878,-2.5519,-1.0153,3.9076,3
1.3482,0.73553,-0.23721,2.262,0.76249,-3.9376,-0.000448,0.94699,1
5.4311,3.2468,0.51917,0.45177,1.4047,9.6688,-2.2526,5.1686,3
-0.26149,2.6507,2.6638,2.1507,0.20643,2.123,-1.8838,3.3037,3
-1.7343,0.11795,0.42649,2.4327,-0.32073,0.12187,5.9134,-1.3628,3
-0.38008,0.96859,2.3946,1.0767,4.8311,2.6535,4.6766,5.3247,2
-1.5482,-1.741,3.6902,-0.51161,-0.77593,2.0237,0.13936,-0.37189,1
3.8098,-2.3081,2.5337,-0.40449,1.4345,-2.4615,8.6352,3.125,1
-0.90922,2.9376,3.2027,4.1502,4.177,5.7923,-2.4299,6.8325,2
2.0002,3.5333,6.9188,6.3871,4.4018,2.6102,2.9423,5.9508,2
-0.28534,2.0134,4.1175,4.5987,4.1201,3.2383,0.64513,3.8455,2
-1.4472,-0.8131,3.2906,-0.30356,3.1841,-3.9634,-2.4058,0.076951,3
0.83627,-0.81173,6.3699,6.2154,3.6135,3.8829,-1.2855,6.4489,2
-2.223,0.84761,-1.8832,-0.018265,4.0631,2.4556,4.1083,0.42869,3
-1.6379,2.935,-0.19481,3.0692,7.7374,3.3081,5.1422,3.5568,2
-1.8607,-1.5742,1.5941,2.6478,0.6956,3.45,4.4928,1.6891,3
-2.0782,-1.2914,-0.052913,3.4527,-0.88023,2.5611,1.9147,0.54456,3
-0.06537,3.3582,6.1194,-10.099,7.1759,-0.9753,1.1078,6.3086,2
3.2136,2.1195,1.7127,-0.37797,-1.3168,-4.0161,3.5353,-1.1577,1
-2.2909,-1.4725,1.0939,-1.4597,0.81043,2.9008,6.3515,0.8386,3
0.48616,-2.4557,-0.06474,4.5723,2.8358,1.7752,-3.369,-1.1566,1
0.68569,-0.81764,0.56758,2.1619,1.6985,-2.7847,8.8547,-0.1515,1
-0.24857,0.72405,6.8681,-0.87145,6.3482,8.0157,3.552,5.0449,2
1.5579,2.3787,4.99,2.0866,5.6585,-5.0616,-0.24018,3.5517,2
2.653,0.81571,4.5885,-5.4651,3.6776,0.72877,-2.1352,6.259,2
0.45244,-0.91255,-1.64,-0.33601,-0.20339,0.058718,11.683,-0.023986,3
3.6693,-0.7191,6.864,1.3947,3.4254,2.9662,0.17888,7.5828,2
0.34188,-2.0249,0.18085,0.75346,-0.21892,6.6503,1.0316,0.29333,1
0.63658,0.32869,4.6589,-7.7167,4.5303,7.4369,-0.78324,7.4846,2
-0.98545,3.6864,7.6245,-11.868,3.8826,9.4732,-2.7047,4.5814,2
-0.39798,-2.8991,3.8999,-0.099053,-0.28332,1.6784,3.2801,5.781,1
-0.37188,2.0347,5.6876,2.1122,2.5613,-2.1164,-3.4049,2.2132,2
2.9948,-1.1045,-0.4264,3.1559,0.049593,-2.2211,-4.1807,2.369,1
4.0595,-0.36001,3.8909,2.5378,-0.53633,-0.87156,-3.0722,1.0171,3
0.81041,0.56967,0.31118,3.3554,4.9562,-3.1468,1.4621,0.23103,3
0.52193,2.5031,3.6083,3.6353,6.7181,8.647,4.1776,6.6825,2
-1.2415,-1.473,2.9307,2.8121,-1.6343,3.0706,-0.27122,-0.25003,3
2.3297,2.5375,0.22821,3.2554,3.9569,-2.2471,4.531,-0.090274,1
4.2546,-2.3236,0.88282,0.84942,3.1583,2.2508,0.26635,-0.59073,3
-1.7684,1.8164,-0.28392,0.28651,2.4708,4.6504,-4.1582,-0.07478,1
-1.9795,0.067787,2.9289,-0.47631,-0.31365,1.4354,4.5766,-0.8736,3
1.7337,-2.6535,-1.0101,1.888,0.23332,-4.3032,-1.8622,-1.6264,1
4.4814,-0.22744,2.8084,3.0585,-0.20913,1.6372,12.198,-0.27086,1
1.1259,-2.3839,0.2197,0.78021,4.2057,1.1606,1.8087,2.8093,1
1.5206,0.91134,3.0184,4.5208,-0.72118,-0.74865,0.84713,3.824,1
-2.6523,-0.57506,0.36735,2.5358,-1.2648,6.2905,1.6411,-0.60033,3
0.26854,-0.44706,0.69925,2.5664,0.94186,2.6736,-2.8453,-0.90066,1
0.74592,-1.5708,-0.18329,-0.93468,4.2526,0.15725,3.5997,3.6088,3
0.83025,-0.20219,-0.005192,1.6004,2.7252,-1.3877,2.4335,2.6824,3
-0.235,2.0927,7.2155,0.11892,4.9825,0.97601,5.0958,4.7358,2
-0.92292,4.723,0.092074,0.37822,0.16864,15.476,-2.6452,0.79887,1
0.74198,-2.8976,6.6291,-0.70077,6.3671,7.2162,5.0051,3.2778,2
2.8033,3.5174,2.7099,2.6702,-0.6895,-2.4181,-0.23566,-1.1337,1
-0.26155,0.54941,-0.092389,-1.9327,1.1576,2.0513,17.378,8.0517,3
-1.2657,1.7631,-0.74603,3.3756,0.75013,-3.7527,2.9498,0.99031,3
2.2428,3.8039,0.53372,-0.63915,-1.401,-0.92324,-2.0975,-0.42001,1
-0.012067,2.0497,5.7058,-2.0626,4.2705,1.4042,2.1087,3.8942,2
0.17697,2.0805,2.2671,3.5982,5.5536,9.5264,-2.0714,-0.29554,2
-0.24729,-0.37979,-0.87343,-0.82532,0.22775,-0.95609,4.6435,1.6401,1
-1.6524,0.059732,-0.80137,4.0002,-0.58453,-0.037131,4.2991,-1.2237,1
-2.5946,2.7474,-1.3815,-0.022947,1.8794,0.99337,10.497,-1.1483,1
-1.9489,3.2727,0.11594,-1.9941,1.3319,6.0867,-2.6669,-1.0278,1
-2.5196,-0.95364,2.7597,-0.26387,0.12083,0.18573,-1.5405,-1.7434,3
0.88253,-2.7985,2.8322,-2.7707,5.9072,8.519,3.6919,2.1124,2
-2.4533,-0.041184,1.5485,3.852,4.7739,5.8297,3.1459,7.6477,2
0.56054,0.17763,-0.40639,2.9888,-1.8138,7.2064,-0.62355,0.2973,1
-1.9993,0.34767,0.3002,-0.46599,-1.3265,-1.1476,-1.1543,0.014568,3
-2.2021,-0.98549,-0.23988,0.52803,1.847,3.669,-4.1521,-0.56271,3
0.59881,1.1789,-1.0925,2.5523,-1.471,-1.0714,0.2034,2.8167,1
0.65902,0.8038,7.3128,3.0379,3.6094,-2.8583,-2.0204,6.8516,2
-0.51031,1.8946,-0.7906,1.4837,-1.2329,0.64621,-0.30683,-0.62078,1
-1.111,1.515,0.11646,5.6118,1.281,4.3956,-0.30241,4.2915,3
3.6391,1.4813,6.2441,-1.3762,5.9284,6.1668,3.3307,4.39,2
1.42,1.9425,2.8455,-3.5504,4.0411,0.65084,3.1525,5.7405,2
3.1007,-5.0678,3.8324,-3.2581,3.9179,6.1965,1.9445,5.8504,2
0.23991,-0.60989,-0.83729,2.3785,-0.50816,-3.4715,-1.5795,2.2274,3
1.2448,0.35818,0.26595,-1.5153,1.0775,-0.79204,-4.2414,0.68373,3
4.9059,-0.10267,-0.36542,0.74711,-1.8313,2.5234,-4.1008,1.2002,1
3.6734,3.294,3.6818,-4.2493,6.4486,4.9269,0.89497,7.2466,2
2.064,2.2732,-0.72437,-0.93821,1.6679,0.6916,-3.5243,1.4736,1
1.9629,-0.45839,3.0649,2.2496,4.9913,0.1105,-2.4458,4.2374,2
-0.22652,2.4088,-1.2276,-0.049243,5.3146,-3.4401,-3.4125,-1.7518,1
-0.76625,-0.28188,2.8161,4.2272,4.108,8.626,3.2669,1.5861,1
0.038832,3.6909,6.066,6.5703,5.5406,6.1893,3.355,4.7775,2
-2.1718,-0.91316,-1.0039,-0.13337,0.17665,-2.9198,2.1018,-0.42141,1
0.21113,0.31069,-1.9228,1.0844,3.284,1.5716,-2.4308,-0.4946,1
-0.28296,-3.6745,3.596,5.2402,7.5334,3.8676,1.7654,3.8234,2
0.43765,-0.47483,-0.98034,-0.89191,4.7872,2.5093,-3.9043,2.0854,1
-1.2623,-1.2753,2.0463,-0.015662,-0.76475,-1.8744,4.8366,1.8997,3
4.1048,1.5724,0.55795,-0.75345,2.8157,7.2172,7.7624,0.2343,3
0.84873,3.0955,6.5084,-2.4894,7.2915,2.0691,-0.41477,3.5056,2
-1.5968,-1.5614,3.7115,1.9862,1.8104,3.2369,-2.2335,0.80966,1
4.0019,0.24161,2.5443,0.33738,7.3901,8.234,2.4264,4.1811,2
0.27114,2.8928,-0.93743,-0.21385,0.90873,1.8639,4.7181,2.4321,1
0.74592,-1.5708,-0.18329,-0.93468,4.2526,0.15725,3.5997,3.6088,1
0.050349,-1.0717,0.062121,0.053923,0.42939,-3.843,0.66487,0.81464,1
1.3187,1.4378,-0.00727,3.9143,-0.23073,-0.086767,15.785,4.191,1
0.44771,3.891,3.0573,1.9733,2.585,5.5528,2.0974,3.0247,2
-0.28767,2.7955,4.857,-6.2152,4.7333,-6.5453,-1.5646,6.8662,2
3.1144,-1.618,2.5308,3.2372,-0.034069,-2.3803,2.1373,1.9831,3
-1.627,-2.1993,0.17716,3.8483,-0.44879,1.3284,0.57487,2.0176,3
0.20749,-1.0628,9.1397,0.21798,-1.5913,3.191,-0.54948,1.0821,3
2.6963,3.3995,6.1254,6.2411,4.1174,10.041,1.8095,0.74559,2
0.68398,-2.2304,1.9609,5.812,5.2768,9.2156,10.632,2.6902,3
-0.82289,0.76214,5.4511,1.9802,0.85402,4.6715,-0.82021,-0.42558,1
0.59139,0.84373,2.2611,-3.2015,3.2062,3.917,4.0635,3.3401,2
-1.7973,5.3735,-1.3072,-0.86296,2.0477,-0.39061,-0.32101,-0.90573,3
1.9852,2.8812,4.7139,4.7411,3.7121,9.4225,3.8897,3.5086,2
-0.73425,2.1967,0.53564,0.047319,0.4918,-0.65013,0.4443,6.2638,1
0.18032,-2.6049,1.6346,1.8407,-0.31306,3.1376,-4.6272,1.2536,3
1.2726,-0.57672,6.9045,5.5168,7.5971,8.0517,3.6758,6.4682,2
-0.72686,0.73118,1.698,1.3248,-1.1829,2.4125,-3.6058,1.0612,3
-0.38095,-0.95921,1.9892,0.017796,2.3334,8.7737,4.4164,1.99,1
-1.004,-0.4967,4.4653,1.7169,2.1285,5.2745,7.819,0.30422,1
-0.67604,0.32894,3.529,0.55057,-0.58026,5.2295,-2.8872,2.3574,3
3.3085,1.3606,6.2306,3.7028,6.3228,1.2596,1.4365,7.7806,2
0.99541,-0.78036,1.3411,4.8374,-0.20192,2.9031,2.4909,0.59935,3
-0.69986,-1.7127,4.3409,-0.79595,1.1652,8.0914,0.99807,5.7729,1
1.8278,3.2415,7.5652,0.66086,6.0601,7.1145,1.7789,5.2994,2
6.2861,0.28941,1.6072,1.936,-0.033852,-2.2106,-3.0599,2.9363,3
-2.7163,2.7426,2.5694,4.9215,7.4915,9.5513,3.3495,6.5349,2
-0.97787,-2.6067,0.45154,-1.7663,1.2839,-3.088,-3.3325,1.7653,1
-1.3392,0.39807,1.7995,0.94958,1.7106,-1.1837,-1.3048,2.8407,3
-0.64329,-0.93723,1.892,1.1334,-2.6262,8.3256,0.17622,7.4091,2
0.024453,-1.954,3.6815,-0.61565,1.0191,-4.3594,3.2935,1.1625,1
3.6084,0.97654,3.5809,-2.375,3.1133,4.3169,4.2308,6.0276,2
-0.95952,1.5758,6.4306,-0.69424,-0.48363,-0.94973,-4.118,-0.7374,1
-2.268,0.13797,4.8709,3.3961,3.7728,-3.703,10.71,1.906,3
-1.1086,-0.41061,-1.2734,1.6597,0.52359,1.5421,2.9401,1.5343,1
-2.6366,0.26078,-1.4667,-0.61569,1.8072,7.2393,-3.3021,-0.89524,1
-2.296,0.70692,0.40017,-0.36002,-0.035231,-0.51263,2.5125,-0.51016,1
-1.3254,-1.8632,0.68525,2.0622,-0.25732,7.3474,-2.7887,-1.1649,1
0.067212,-2.8292,3.0084,0.083945,3.5879,3.7464,12.957,4.8138,3
1.6875,-0.4522,-1.7128,-1.2144,-0.59858,-2.9201,-3.3039,-1.2478,3
0.052332,1.9675,7.782,-4.884,5.2146,1.6484,-0.5289,7.4496,2
-0.65478,2.5423,0.80791,0.46413,6.6239,-2.4006,7.2735,8.5693,1
-2.5193,0.69191,1.1657,-1.5636,5.4682,7.2894,10.365,2.3111,3
-0.65672,-0.32111,0.11063,-0.35203,-1.0508,-0.48394,-0.65289,-0.94078,1
-1.6027,-1.7023,-0.25109,3.781,2.5809,-0.25154,-4.5917,3.4972,1
1.9978,-4.3277,2.6676,2.6371,5.3132,4.9731,2.0674,5.9145,2
-1.1374,-2.2405,0.94189,0.72787,1.5541,11.282,-2.0573,3.2172,1
4.9167,0.55073,4.7981,1.9483,0.48529,8.7639,-2.5743,0.29958,1
0.55209,-1.4371,-0.11547,2.1144,-0.96797,0.16208,-2.2942,0.62311,3
2.9465,1.5361,6.7525,5.9139,5.0989,-2.9462,-1.0434,4.1313,2
-2.3629,-2.8564,0.60259,-0.061257,2.3479,0.77623,1.4721,1.3654,3
0.44585,-2.2189,-1.7125,3.7192,2.3658,1.7545,-1.1347,0.88087,1
-1.7252,-0.25447,-0.56234,3.4,-1.0547,-2.742,11.067,0.13051,1
-1.9894,-0.67134,3.9726,3.4095,3.7659,9.4425,4.7095,7.5263,2
-1.0096,3.5421,0.53755,1.0673,-0.20758,12.564,-0.18787,7.9776,3
1.6885,1.608,3.6484,-3.6302,4.6448,6.2339,-0.90025,6.1961,2
-2.5946,2.7474,-1.3815,-0.022947,1.8794,0.99337,10.497,-1.1483,3
1.0149,-1.9736,3.2818,-2.8305,6.0056,9.4041,1.0695,7.1762,2
-1.1184,-0.34772,0.72172,0.83035,0.36411,-0.876,1.7167,1.3129,1
1.4568,2.9648,5.0456,3.9997,6.3319,9.5645,5.1352,6.1407,2
2.1123,-2.1969,3.1252,4.9184,5.6304,-0.41429,0.84773,-0.48088,3
-1.853,-0.39188,-1.2906,0.6982,2.2739,7.1878,12.344,2.4422,1
-1.292,-0.51483,2.7888,-1.0426,2.0891,-0.48291,0.685,4.7428,3
-1.1356,-1.5727,0.17384,2.5151,0.058713,7.0446,-1.0593,0.2638,1
3.361,-1.1201,5.3603,1.6709,5.026,6.6588,2.5211,1.0321,2
-2.8399,-3.7788,5.3761,4.5176,2.5429,7.0588,1.846,7.4361,2
2.9643,3.1832,7.2666,-1.2493,7.2272,7.8448,-2.4221,4.7476,2
-2.5981,-1.9896,-1.3608,-0.38108,0.82039,-0.50735,8.1375,1.0525,3
0.57699,2.1176,4.2924,5.9772,7.3891,3.278,-1.6979,5.9755,2
0.062608,1.4463,4.5081,2.7868,5.7939,5.681,4.0445,6.0166,2
-0.8392,0.66957,-1.221,0.21908,1.6422,-2.9829,7.9496,1.4126,1
3.6283,-2.0028,-0.70236,4.3942,-0.558,-1.8559,-1.7003,1.6914,1
0.44343,1.6224,1.945,4.8827,5.8796,4.0026,3.4107,2.7552,2
-0.78769,-0.89455,0.60698,1.4702,-0.25385,-4.1681,-0.21515,0.25784,3
-0.4541,2.0587,4.236,5.1259,3.1927,-1.2892,3.9408,0.21999,3
-0.17229,-0.89323,-0.40584,-0.62489,-1.9165,3.337,-3.685,4.7818,1
-2.4255,-1.1991,2.638,0.074488,0.1779,1.9651,-2.166,-0.82081,1
-2.2524,0.48873,-0.035334,-1.5119,1.5093,-3.1628,-1.1759,-0.87599,3
1.5387,-0.68046,4.988,-3.615,5.2195,5.4891,3.2202,4.705,2
-1.988,-1.6818,0.3294,-0.57164,5.6332,0.60985,0.30265,-0.29453,3
-2.4761,0.42044,-0.92262,2.9928,2.4889,-2.398,13.992,1.7271,3
-0.13536,0.99911,0.81895,-0.16002,-1.6768,11.142,0.17513,-1.1749,3
1.5539,-1.485,-1.3933,-0.85552,2.8687,-2.2349,0.63654,2.0315,3
2.0795,-1.1588,4.6147,5.8764,4.4005,2.4167,-0.35584,4.6218,2
1.7403,2.1592,6.5881,0.46026,6.5448,4.8576,3.3741,4.0727,2
0.9724,-1.6257,-0.67696,0.22636,0.26009,-2.3363,1.9598,-1.3376,3
-1.1509,2.144,-1.4891,-1.9819,0.41888,3.5233,9.6513,2.4238,1
2.5284,-2.3433,4.5727,6.2071,2.5535,8.7548,0.87873,4.8285,2
0.022231,3.3711,2.7969,4.2894,7.4498,7.0172,0.94728,5.2447,2
-0.92424,0.60052,4.3819,1.8089,-0.1409,2.1151,2.1966,-1.0008,3
0.49418,2.3182,2.4824,0.96151,0.93366,2.8414,1.2249,5.0449,1
2.4912,0.72982,2.2681,-1.5632,-1.2948,3.178,-1.0449,-0.13258,1
-0.1589,1.003,1.1042,4.9699,4.8442,8.2451,-13.506,5.1857,2
-0.12563,-2.0027,7.818,-1.183,-0.34672,0.16485,-3.0779,2.1368,3
0.54876,1.1098,3.3582,-1.8434,6.8685,-1.284,0.062723,6.7886,2
-1.9359,1.048,2.4151,0.17409,2.7092,5.8451,-1.6888,2.3858,3
2.1291,1.1164,6.1926,2.3407,6.7086,0.10282,1.8287,6.4281,2
5.6102,-0.64142,-0.73211,0.81678,1.041,-0.35203,-2.5788,3.28,1
1.3144,-0.43681,-0.56793,0.15174,-1.5137,7.7035,-0.82824,-1.2044,1
2.8017,-2.0824,-1.7002,-0.3648,0.20825,3.2102,-0.42514,0.65667,3
-0.90045,0.2077,2.6349,4.0666,6.2401,-2.3888,4.6558,4.4705,2
-1.2656,2.8943,0.049949,2.2554,1.0336,0.32372,17.126,0.86769,1
1.8486,1.1623,6.1485,4.8841,2.9001,3.3086,-2.528,3.3132,2
1.635,-1.7223,-1.7451,0.49292,-0.57726,-1.4905,-1.5807,-1.1152,1
0.13577,0.77463,0.19069,1.1311,-0.22062,9.1369,2.9531,1.2938,1
-1.2037,1.3031,0.02282,3.0716,-1.5506,-2.1456,7.6718,-0.81954,3
-1.3189,2.8413,-1.4732,-0.38703,-0.47259,-2.9039,-1.9456,-1.0445,3
1.8273,-1.9994,0.1312,3.6179,3.0313,-0.49153,-2.3192,-0.84972,3
-1.7006,5.2421,-0.14345,0.77777,2.4817,8.9875,5.4031,0.56812,1
-2.8467,0.18741,-0.91166,-1.3278,-0.66036,-1.1052,-3.0296,2.2075,1
-0.18243,-1.8673,0.87374,3.2691,1.1273,-0.38909,3.1638,3.9149,3
-1.9586,2.1177,0.82878,-0.1822,-1.7013,11.504,2.9296,2.1264,3
-0.2107,0.20019,6.5218,2.6659,3.9567,-5.3346,4.4819,5.4858,2
-1.8265,0.49462,2.3435,0.86505,1.082,8.9385,2.6318,-1.8647,3
0.61321,0.26468,-1.5255,0.27826,-0.50061,-2.2052,-0.58867,-0.64748,3
1.5318,1.339,6.5047,-0.21979,6.7538,10.429,-0.42411,6.1146,2
0.22177,2.9138,6.9508,1.8592,-0.11099,5.4778,3.4552,4.57,2
-1.1244,1.9322,3.4626,4.3643,2.9438,7.8902,0.19886,4.8567,2
-2.2114,-0.21773,-1.3969,5.1117,-1.4642,-0.57652,-1.9234,0.65856,1
1.1793,1.263,-0.001909,-0.002753,1.2904,0.92053,-0.99153,2.2741,1
2.3832,-1.4351,5.0525,4.3606,6.6919,5.7833,4.8175,3.0596,2
-0.85476,3.2861,-0.84217,3.201,1.0553,5.7365,8.3709,-0.38753,1
1.6973,-1.1672,-0.48271,2.1374,3.3055,1.7131,-3.8517,-1.3275,3
1.2842,0.51309,4.2076,1.7882,3.3511,2.93,2.5789,5.3533,2
-0.54419,1.3396,0.93318,2.7777,-0.77088,-3.294,0.87287,2.3532,3
1.9444,-0.46732,3.383,0.64708,0.61965,-1.5462,-0.36616,1.206,3
-2.4265,-0.77828,2.7172,1.3052,-0.58094,7.5706,5.5679,-0.73017,3
2.8011,-0.018514,3.5438,0.21403,6.4239,0.65624,1.8212,6.3082,2
-1.0785,-2.7368,2.8521,-0.70498,0.11955,1.2338,-1.1936,3.2165,1
1.8677,-0.92466,0.77534,3.4167,2.188,4.4033,-1.7959,-0.64937,3
2.2634,-1.0366,6.2482,1.7453,1.9031,10.234,-3.9469,3.5453,2
2.3511,-1.6449,2.0697,0.46069,2.781,3.5642,-3.7445,1.219,3
-3.8119,-0.88362,7.2592,3.3152,5.9944,9.7743,-3.756,7.3355,2
1.888,2.9755,6.3822,-6.3723,3.769,5.3602,2.1062,4.1317,2
0.18752,0.27436,2.3771,0.71368,-0.9371,-1.5975,4.5306,-0.39386,3
1.6749,-0.98345,2.874,1.0092,6.6604,6.0995,2.8858,5.8881,2
3.3344,0.29731,2.4313,4.1558,-0.29982,-1.0326,-1.356,1.2919,3
-7.1674,0.68865,5.7011,3.9288,4.8145,4.9769,1.093,4.6925,2
-0.29129,-1.9423,-1.2169,-1.1409,0.089155,-0.67747,1.3817,-1.0948,3
-0.77871,1.7208,6.6934,-2.4947,4.1811,9.4628,0.70523,4.9529,2
1.6444,2.1266,1.0832,0.98233,-0.74507,-4.7601,-2.4051,1.0606,3
-1.0505,-0.11427,3.1111,3.7462,5.609,-0.22267,2.0238,-1.5351,3
0.94617,-0.31188,-1.9358,3.7805,5.4133,4.9964,1.2253,-1.5578,3
-0.9737,-1.6202,2.6284,1.5529,0.078801,0.07624,3.0473,-1.8776,1
0.66963,-1.6441,4.1443,-1.0703,1.2918,4.0155,3.3803,-1.4942,1
0.23205,1.5336,2.097,2.1241,5.2972,1.9531,4.3408,1.4585,2
-1.6319,0.5231,1.8797,2.3019,1.414,-2.7241,0.24222,-0.21133,3
-0.62527,1.7176,2.5992,-0.82829,4.3425,-1.5817,-4.2424,1.2635,2
0.66471,0.6535,8.2104,-0.89273,-1.135,-3.6122,-2.5918,-0.89476,3
1.2007,-2.3004,0.56026,-1.8743,-0.94061,-4.5619,0.69927,0.036901,1
-1.1638,3.3255,7.5294,2.8955,7.0139,5.3233,2.7107,2.8895,2
1.1483,1.948,6.8702,0.014744,7.4741,0.17517,-3.0952,5.2254,2
-2.2248,0.15665,1.0913,0.83071,0.57068,4.9219,3.0128,1.0909,3
-2.5615,0.32966,2.8165,4.0735,5.0111,9.0758,1.4737,-1.8799,1
1.5007,0.54351,5.0602,-3.5015,4.2412,3.7788,0.93235,4.8846,2
-1.3022,0.49019,-1.4444,-1.1454,-1.2828,-0.27471,-0.8805,3.4768,1
3.3574,2.6559,6.487,5.9967,4.7962,4.0244,1.3579,5.1109,2
-1.0405,0.23007,2.0205,2.3179,0.26499,-2.4982,-1.7727,-1.5475,1
-2.7164,-0.812,-0.77525,-0.95736,3.2003,2.0938,2.5868,1.98,3
1.2791,-2.4833,0.48273,-1.3696,0.20974,7.907,-0.8102,0.24555,3
3.2695,2.1256,5.3665,-1.8063,3.8221,-4.0119,-3.0431,5.5891,2
-0.46501,3.9767,0.30206,-0.025601,0.79874,5.447,5.8206,1.1114,3
-0.86252,-0.16925,0.88014,1.0677,-1.3283,3.9191,0.062607,-0.38526,3
-0.012757,-1.0591,7.6499,2.9239,5.4212,3.1119,3.0846,4.1561,2
-2.0536,2.2861,-0.419,5.5461,2.189,0.83354,4.6427,0.14286,3
-2.9441,-2.8971,-1.0113,1.9159,0.39278,6.788,1.396,-0.29215,1
-0.813,3.8028,-1.4772,-1.5857,1.4777,-2.9222,-2.9776,1.9421,1
-2.4837,-2.1004,1.4303,2.1953,4.4682,2.1817,2.7231,4.0951,2
-0.10558,2.441,0.017059,1.6861,-0.58816,-1.0216,3.1032,-0.78418,3
2.0242,-0.53764,6.757,3.8987,4.6874,4.0676,-0.89693,3.2672,2
2.9575,1.1374,5.3245,-3.4745,1.6138,4.1634,0.029067,7.0263,2
-0.7587,-2.2989,6.3122,0.014774,-0.52064,-2.9119,7.7409,1.3727,1
0.31087,-0.036973,3.0895,-0.66577,1.7882,4.2407,2.5336,-1.6401,1
-1.7388,-2.133,4.2165,-0.029139,0.63338,-1.6801,2.3925,-1.5339,3
3.6053,3.5402,5.8634,-0.25897,5.1326,7.5992,0.87633,2.4636,2
-1.9295,3.604,0.027023,2.5844,3.236,-1.6371,5.9316,1.6225,3
1.1702,-0.62028,1.097,-0.77067,-1.2471,-0.12275,0.68557,2.3096,3
0.037299,-0.22825,1.5727,0.80583,-0.37198,0.28348,-4.3198,1.0888,3
2.2394,-1.7002,-1.6043,-0.91401,0.70366,-2.6527,1.4117,-0.33296,1
1.1148,-1.3738,7.3389,2.7505,5.7263,9.4532,-1.6905,4.8465,2
-0.26149,2.6507,2.6638,2.1507,0.20643,2.123,-1.8838,3.3037,1
-1.7547,2.6082,0.47488,2.5002,0.86836,-3.2967,-2.7663,-0.17562,3
1.2889,1.6169,4.8026,2.0019,3.4242,1.1359,4.6926,5.2199,2
-0.36377,1.3199,4.4588,-1.5736,6.6368,4.2503,-6.5388,2.6272,2
0.7892,-1.51,-1.3199,-0.2086,0.32312,-0.60928,5.091,-1.1651,1
2.0109,0.56322,4.9655,-3.4938,5.9188,8.8808,0.9536,4.6905,2
0.66534,-0.20547,6.085,-9.0238,3.013,6.4876,-2.3462,6.801,2
-0.2825,2.3189,3.8421,2.7806,4.2387,2.0506,0.11314,5.363,2
0.64943,6.4004,0.065368,1.252,-0.42427,3.7693,0.68531,2.0765,1
4.7447,4.262,-0.48479,-0.64985,-0.3222,-2.0924,3.4432,2.4518,3
3.4724,1.3949,1.4869,4.946,0.77256,3.4368,4.4973,3.5871,3
0.54434,-0.58426,0.39588,0.030088,4.5289,-0.71774,-2.9169,1.642,3
3.9131,2.7642,1.5048,1.7836,-1.9062,1.2712,-0.13168,0.16536,1
1.8326,-1.6529,-1.0088,-1.0952,-0.65461,-3.2633,1.4427,1.2046,3
-0.69096,-1.3544,6.4191,3.8635,0.19451,6.0034,-2.3931,5.232,2
0.70302,1.2134,-0.91141,0.015034,0.99475,-3.5873,-2.6261,3.5327,3
-2.4812,-0.56689,1.1885,-1.9222,2.0428,1.3237,-3.9812,1.1124,3
0.21331,-0.23264,-1.6413,0.90575,2.7546,3.4278,1.9699,0.92921,1
2.301,2.3223,-0.66808,-1.2399,4.4253,1.4048,5.0515,0.33089,3
2.0319,3.5575,7.0771,6.6081,5.2261,5.9066,-0.13732,4.2652,2
1.116,1.6953,1.8407,4.6789,6.9834,-7.4178,1.8289,6.8757,2
2.6293,-1.3688,5.7109,-0.79492,-0.70979,0.24237,-3.6217,8.0688,3
3.94,-2.087,1.0953,2.8436,4.2908,4.9459,-4.436,2.1234,1
1.7714,0.069377,6.1265,3.4542,7.0507,1.8406,-0.27133,5.4374,2
1.3847,0.16582,-0.29679,-2.4619,4.8947,4.3613,1.9884,6.7896,2
-1.7702,6.2271,-0.66265,2.1098,0.3827,-2.0172,-2.8424,4.9498,1
-1.7312,-1.6003,-0.95058,0.77675,1.8247,5.8466,2.1357,0.64389,3
2.019,-2.5284,1.9706,-0.68161,1.0488,0.79056,4.5923,0.89136,3
2.1924,-1.8826,4.8629,-4.8171,1.5235,-2.9933,-2.9559,6.0346,2
1.2278,-0.54163,5.3732,-0.85999,4.471,6.7378,-1.198,-0.99189,1
2.1441,-2.9233,2.0445,-0.6524,1.3773,9.2013,-1.0182,4.6851,3
-4.348,0.76492,1.6098,-2.2481,5.4657,7.7172,3.048,2.3088,2
-0.043801,-0.03239,7.4485,-1.8119,6.3853,1.6913,1.1878,7.0752,2
-1.6747,-2.6976,0.3726,-0.035034,0.85442,-0.26743,-4.4807,-1.4685,1
-1.3837,0.36846,6.8127,5.2875,6.2903,8.5402,3.5677,4.3914,2
2.6111,2.2478,3.8573,-3.0318,2.2371,6.6958,2.0623,4.9559,2
0.23486,-0.74346,2.7749,2.6443,0.76787,-4.2216,5.9884,0.15681,1
-0.87583,-2.2024,2.4831,-0.36324,2.0546,-1.4728,-0.46735,-0.76517,3
-0.91825,2.282,-0.66272,1.9798,1.7887,-0.77493,-3.6129,0.031456,1
-0.7636,0.37051,2.086,1.3058,-1.5815,-3.7567,2.1312,3.9685,3
3.3391,-1.3751,3.9925,-1.2137,0.2395,0.20063,-1.4281,0.12225,1
3.6671,3.12,3.3641,-0.77061,7.0508,7.4732,1.4846,7.2193,2
0.89433,-1.586,0.65453,0.095177,0.43657,-4.6016,0.48341,-0.28457,3
-0.48105,-1.6901,0.40865,-0.29829,-1.4558,-3.8135,-0.90424,6.1119,3
-0.10275,3.0586,-0.37836,2.2334,0.056166,2.0372,-0.79018,-0.36857,3
0.068629,1.0895,1.7061,5.6147,3.1902,-1.0906,-3.2621,-2.0358,1
6.5783,-1.711,3.5978,1.1653,-0.83683,-3.3621,-3.4572,-1.4391,1
0.84604,-1.6803,1.1426,-1.1516,4.9952,-4.1955,-4.0389,-0.67011,1
1.5751,3.7745,7.5185,6.3328,7.3682,9.1238,1.6577,0.76934,2
-2.0476,-0.19673,6.7818,1.2164,7.2828,6.852,3.4837,3.7921,2
3.4573,0.34424,6.3336,6.848,6.4854,4.5912,2.033,-0.35687,2
3.4934,-0.3087,0.1302,3.3924,1.3686,-3.0136,6.1787,-0.8215,3
-2.746,1.6176,5.5545,1.1229,-1.6322,-1.8238,1.3486,3.2272,1
1.0841,2.0193,5.9834,4.4287,4.9525,10.357,4.2316,6.1739,2
-6.0734,1.9958,4.9165,0.45072,6.1754,5.1488,1.8676,7.1022,2
3.638,0.025838,-0.1194,0.63685,1.8715,3.8721,5.7577,2.111,3
0.55025,-1.4694,0.87184,0.31254,-1.259,0.79875,5.0406,-1.7051,1
-1.1399,-1.7709,-1.3369,0.005722,0.52078,-4.3104,0.11119,-0.43278,1
3.2475,3.2491,3.0351,3.2039,2.3665,6.888,2.4247,3.527,2
-1.3511,-1.1259,0.12237,2.2781,-0.78982,-3.0718,4.994,3.425,1
2.6124,-0.13695,2.7258,0.88762,-0.631,-4.584,2.6054,0.22951,1
-0.72686,0.73118,1.698,1.3248,-1.1829,2.4125,-3.6058,1.0612,1
1.1078,-0.51228,5.5897,1.4612,4.7487,5.074,1.5254,4.2832,2
0.60715,1.4697,-0.76209,3.559,-0.96321,-4.5833,1.6779,0.51739,3
-0.95437,5.4505,-0.32966,1.1295,0.94886,2.4602,3.7341,1.8151,3
0.78122,3.0054,-1.1003,0.47713,-1.532,-3.6929,-3.0282,2.0222,3
0.2583,-1.9603,1.247,-0.86975,0.22412,-3.0678,2.2975,-0.27153,3
-1.4282,1.9221,4.7181,4.5559,6.9796,7.5011,0.93422,6.0328,2
-0.40109,-2.9388,4.1521,0.61389,5.0195,3.6944,3.3624,5.5971,2
2.4131,3.6975,7.0022,-1.8001,4.799,5.0062,3.9729,6.8675,2
0.72463,1.9327,2.5601,0.17855,-0.94483,4.2999,3.9199,-0.19354,1
0.077721,-0.59768,3.6978,0.021689,-0.56629,-1.0891,2.335,-0.053765,1
-2.4329,1.6439,-0.24407,-0.5634,5.4887,8.4511,-3.7679,0.89952,1
-0.022066,-0.012237,-1.9538,-1.8149,0.36068,-0.85465,-1.0295,0.63736,3
-1.4499,0.35802,0.30326,0.68457,2.7573,9.5194,0.15147,-0.57015,1
-2.1894,-1.0861,-0.82375,0.38824,-1.3815,-0.099488,9.0171,0.75493,1
2.4624,2.8455,7.2479,-1.5777,6.2297,5.757,0.76437,4.7805,2
3.5198,1.6966,4.076,-0.53877,-1.1209,0.5559,-2.2789,0.34262,3
2.4751,0.015708,4.0302,0.17425,4.7362,8.9136,-0.55898,6.4338,2
-1.2775,2.4769,-0.44763,0.88799,5.0368,4.6175,-2.8858,-0.38118,3
-0.72522,-1.8518,-0.59108,-0.90872,-1.3746,-2.928,-2.5427,-1.2244,1
3.0136,-2.1164,0.82549,0.31405,4.0533,-0.001421,-3.6324,0.98817,1
-0.097722,-1.1486,-0.40572,0.77812,-1.6146,-0.12175,0.1586,4.9386,3
0.75269,0.50048,-1.6405,1.6078,1.2891,1.7173,-3.3136,0.79078,1
1.2104,0.28336,6.2844,4.609,6.3255,8.1032,3.3338,6.9474,2
1.6532,3.3075,0.77004,2.9847,5.8057,1.9331,-5.9354,4.3708,2
0.059834,1.3346,1.0738,-0.61469,-1.1519,-1.7613,0.4712,2.119,1
-1.4768,1.0631,-0.35636,-1.154,4.3162,-3.8294,-2.6108,0.63779,3
-1.9565,3.8471,2.6019,0.12679,-1.7543,-0.0408,-4.3107,1.3992,3
3.808,3.864,6.4883,-2.3472,7.3019,8.1115,2.9358,4.1801,2
2.1014,-0.18829,5.3984,1.306,2.4977,1.719,-2.0203,3.8774,3
1.3604,-0.24135,4.8246,5.926,6.1079,2.4981,4.1862,1.4181,2
3.85,1.8714,6.1594,-1.9555,7.1469,-0.12564,-4.8003,3.6513,2
-2.2878,-2.6794,0.10917,1.5601,-0.12189,-4.1303,-1.8794,2.0701,3
-2.3935,1.3579,3.693,3.6408,3.0919,-1.575,0.18568,2.8851,3
1.8997,2.1319,4.2458,0.63441,3.2377,-1.6428,2.3249,0.0502,1
1.7912,-1.4145,-0.64208,1.4897,0.21831,-4.0385,1.3804,1.3897,3
0.80444,3.0326,4.7637,-1.1024,1.2027,1.7663,6.9499,1.288,3
0.51221,-1.297,0.43244,1.7016,2.6888,4.3684,1.2244,3.4592,3
0.97241,-0.070863,7.5336,2.0455,7.0739,-12.846,3.6325,4.8824,2
-2.7778,-1.5674,0.22075,1.5359,2.5407,0.29828,-1.1007,0.066225,3
-1.2006,2.9111,4.4642,-3.666,7.6862,10.328,0.22256,6.8939,2
-4.4898,1.9718,4.5935,-2.3035,7.3606,10.091,1.6457,5.7516,2
-0.00912,2.3024,6.6741,6.0492,2.1686,1.8564,-0.37579,5.9582,2
1.9471,-0.46003,-0.050569,-0.64921,0.99332,10.813,15.307,-0.39315,3
7.6697,-0.94899,-0.05494,2.5617,-1.1295,3.2349,7.2974,2.5327,3
-0.36498,4.9614,0.032087,4.1642,4.7782,-1.3561,-2.6932,-0.25938,1
0.80193,1.3028,4.4922,4.7843,5.5819,2.8672,1.9801,7.2881,2
-0.55479,-1.2669,3.243,2.0137,2.1858,0.83715,4.7406,0.72053,1
2.5925,1.4798,1.6229,1.8533,3.948,9.2104,0.42294,-0.15809,1
-2.5935,-1.9802,1.4319,0.004447,-1.4312,-2.8749,-2.7585,2.7603,3
1.5948,6.7439,-1.6802,1.7054,-0.65872,4.8855,-1.4363,4.6183,3
-1.958,0.49974,-1.3593,-0.3414,3.699,6.2129,1.536,0.47716,3
-1.3239,0.63038,0.87572,-1.3589,-0.45323,-1.8926,1.3014,1.7847,1
-0.06886,-0.54633,-0.7458,0.40061,1.2779,-1.4064,6.4784,-0.91697,1
1.7098,-1.2939,-1.488,-0.45412,-0.14648,0.7525,3.3424,0.20475,3
3.4495,3.2196,4.358,1.5072,5.1271,7.7995,4.3726,4.458,2
0.84921,-0.91728,6.5767,-0.57421,5.6251,7.8268,-5.6588,4.596,2
-0.10558,-0.65506,2.0912,2.9746,-1.4267,-3.9099,5.8442,1.5711,3
-2.5854,5.1612,1.1114,0.7983,3.7298,-3.2087,-2.8621,-1.4051,1
2.4984,-1.4238,-0.4205,-0.66635,1.5546,6.1623,-4.037,-0.07193,1
1.7163,-1.8296,7.0111,-5.6455,6.6441,5.4776,2.5055,6.8732,2
0.065316,1.5009,3.4916,5.0288,3.7086,6.4144,0.85533,7.8886,2
2.6466,-1.8641,-0.33086,0.52048,0.83822,2.4554,-1.6594,1.2403,1
2.2676,2.3907,5.0499,-5.988,5.0302,10.542,-0.18306,4.0186,2
-2.4326,-0.27783,0.74631,-0.95853,1.3104,5.6283,-3.1413,2.8744,3
0.78524,-2.2822,7.4093,6.4529,3.0692,0.49409,-2.2077,5.499,2
4.1857,5.7456,0.20425,0.25354,5.5395,-2.3094,4.6756,-0.99209,3
3.5196,2.8706,6.3161,6.9076,6.6477,7.141,0.86413,3.4627,2
4.6729,-1.1979,-0.16656,-1.1963,2.9867,4.7846,6.7084,2.7656,3
1.7146,1.8558,3.9071,-2.7324,7.5861,6.9549,2.6083,3.8348,2
-2.2673,2.8765,-0.62843,-0.5002,0.40564,-0.21752,3.6658,-0.14773,1
0.15748,-1.9707,1.3669,-3.1193,7.4042,4.9508,1.3381,2.1302,2
-0.50666,0.67086,1.1353,2.3449,-0.087829,2.6174,-1.1228,1.3581,1
-0.24609,-1.334,0.86902,-0.2979,-0.22983,-3.4186,4.8703,1.7334,3
-1.2319,0.83413,0.42851,3.9284,0.45404,-0.39579,-1.0984,0.75009,1
1.9585,0.92498,-1.0978,-0.019172,0.99338,0.062567,0.81505,-0.20032,1
-1.0508,-0.7002,5.6919,-8.9877,5.0526,8.6723,3.4941,5.9641,2
-0.30645,-1.6657,3.0525,2.3068,4.2736,-2.6645,2.7085,0.21395,3
-0.17193,-1.9611,4.29,2.6731,0.21668,7.4424,-1.2793,3.3882,1
-2.1814,1.1404,2.5817,3.542,1.5915,0.72102,1.5105,0.75756,1
-1.5711,-2.5446,0.31855,0.95627,-0.95755,-0.35068,9.9452,-0.61903,1
-2.5195,-2.0093,4.3382,1.4831,-0.42072,-1.896,-1.2937,-0.86935,3
0.85266,-1.4858,5.5787,6.3366,5.6444,2.9044,3.839,1.721,2
0.49116,-2.667,-1.6115,1.3112,2.1577,-1.818,-0.57336,-1.5228,3
-0.43048,0.87615,0.28273,-0.023963,0.70657,4.6637,0.6362,-0.85421,1
-1.2731,0.62068,-1.0011,0.72713,-0.87748,-0.53819,-1.651,3.2863,3
1.2597,2.0185,5.9033,0.33446,5.5824,8.9448,-3.5356,7.104,2
2.8045,1.4646,6.5345,2.7382,5.6045,3.6002,1.2722,5.4987,2
-0.8505,1.3603,-0.80219,-1.9564,-1.3023,-1.9213,2.504,-0.19462,3
-0.045612,-0.57,0.96901,-0.74352,4.3587,-1.2483,-2.4607,-0.2206,3
2.0025,3.3231,5.9557,-1.7321,4.5521,4.9579,-5.7577,6.2137,2
-1.8239,-2.8417,-0.61378,3.2783,3.2079,-0.52657,5.2014,2.5646,1
0.78724,-1.7177,3.0608,-0.39794,-1.3773,3.5211,1.2864,1.6596,3
0.26608,0.35746,0.44516,2.7713,-1.1928,3.8452,8.9794,1.4426,1
1.7093,3.1689,6.8975,3.606,1.0945,7.5471,2.4853,5.7613,2
0.32887,3.6816,4.5929,2.0567,3.0718,10.703,-0.24143,6.593,2
-0.53937,1.641,-0.16144,3.7156,1.8088,0.6858,3.6267,-0.80399,3
-0.788,0.57087,-1.7664,-1.4588,-1.5375,-2.8641,-2.755,2.6349,1
-1.3387,-2.4964,-0.41291,1.9532,2.629,-2.38,-0.54074,2.2994,3
0.52537,-0.16827,-0.02343,0.59943,1.0962,2.4932,3.9953,-0.28184,3
-2.0211,-1.167,6.1804,5.0138,6.3445,6.7319,3.9557,6.0186,2
2.8242,1.6049,4.31,-0.50452,6.2236,-4.8081,1.5006,6.866,2
-2.7735,-0.81647,-1.3334,-1.1038,0.90425,-1.2824,6.4901,0.62384,3
1.0931,-2.5853,7.2738,6.0768,6.9476,9.8961,-5.7695,2.5947,2
0.99876,-1.0066,-0.24898,3.3345,-0.46173,11.362,7.4297,0.27237,3
-2.9299,4.5346,-0.96028,5.679,0.34453,-2.3752,-2.0583,-0.66548,3
0.68556,-1.4567,1.7991,-0.057571,0.52758,-3.5596,-3.3378,-0.76027,3
-1.5419,4.3973,0.83317,0.25597,5.4974,3.2661,3.272,0.59883,3
2.0677,3.3558,4.1441,3.1984,6.9666,2.7175,2.8389,5.2675,2
-0.70676,1.4885,0.29256,5.6063,0.31345,0.27479,9.57,-0.096755,1
-2.5494,-0.22725,4.1227,-1.1421,0.16084,3.9969,3.0754,2.1781,1
1.3869,3.8244,1.7091,2.4913,7.9115,4.1041,-2.526,2.5561,2
-0.15899,-2.2475,0.78737,1.053,0.80379,-2.1068,-0.7441,0.0321,3
-0.38119,-1.0122,0.21171,-0.34021,-0.21946,6.8829,4.819,1.2637,1
0.17866,0.7501,4.9791,-0.58096,5.9508,-4.92,0.99864,-0.36275,3
0.63035,2.1857,3.9414,2.1378,6.0127,10.389,0.91675,6.4824,2
-0.079935,-1.3708,0.97573,6.6189,0.53778,2.5624,-1.9517,2.6189,3
-2.274,2.908,1.1657,0.073715,0.58853,-3.4366,-1.8661,-0.21509,3
4.6472,-1.5182,0.9429,1.0309,0.68205,0.61796,-3.7082,-1.1055,3
-0.5112,5.1138,-1.1902,0.31187,0.56101,1.1972,0.65402,0.29917,1
2.3978,-2.3163,6.7209,4.8423,6.2267,2.1328,4.115,2.9062,2
2.9846,2.8546,5.9627,-1.8442,5.4143,9.5805,3.638,5.4364,2
2.0992,-0.36891,-2.8039,1.7281,5.1642,2.4034,4.7135,6.5481,2
3.5156,0.21369,4.587,1.5121,2.6286,10.551,1.9468,5.6901,2
0.90819,0.32551,0.44511,-1.5808,-0.89154,-0.90056,0.21867,0.017566,1
-1.2267,-0.50677,-0.64279,-1.554,0.48767,-2.7807,1.3605,3.0849,3
-1.3303,-0.023322,-0.23096,0.11815,0.31311,-2.576,6.387,-0.59349,1
1.1799,1.1247,2.6841,0.50888,2.5305,2.1622,0.32303,-1.1708,1
-2.2987,3.5893,2.4372,-1.7891,2.4614,-1.6751,-1.198,-1.596,1
-1.9876,-1.6335,3.4221,0.29992,-1.0187,3.3293,3.2227,-0.72605,3
-1.1309,-1.4834,-1.4778,1.056,1.4431,-1.4791,-0.59502,-0.077014,3
-1.1276,1.6315,2.2846,0.78593,-1.2072,5.5966,-0.70377,1.6785,3
0.17624,-2.5961,-0.75402,1.7381,1.4957,1.0297,-0.66828,1.9896,3
-1.5282,2.526,1.5083,0.1561,0.51241,3.5187,-1.3317,1.4038,1
-0.84224,1.1639,0.95383,1.7156,6.9994,-0.24415,-2.3306,-0.16206,3
2.8043,3.3779,-0.82283,-0.90965,-0.054241,4.1755,6.5426,0.76951,1
2.9037,1.5891,6.2967,-1.3604,3.2984,-0.65365,-3.5619,6.5813,2
1.5594,-2.6508,3.9354,-1.1004,0.588,3.3449,-1.4276,1.3116,1
3.7419,-1.6561,0.079913,3.2315,3.5568,-2.7262,17.371,-1.2526,3
-0.46274,-0.94344,-0.11164,0.59794,-0.29121,-3.2302,3.1884,2.919,3
-1.6683,-1.207,-0.75364,1.46,1.2088,8.5699,13.805,-1.1161,1
-0.45908,2.0822,6.2989,-0.44753,-1.6012,4.3876,6.3885,-0.11032,1
3.8776,2.4669,1.4447,1.7713,6.8844,-5.7566,2.9667,6.7046,2
-2.5981,-1.9896,-1.3608,-0.38108,0.82039,-0.50735,8.1375,1.0525,1
3.437,1.204,7.0378,1.943,6.8676,4.3084,-2.3904,6.773,2
0.76916,3.5505,5.6548,4.6738,4.5586,-8.0217,3.2659,2.513,2
1.5568,1.9715,-1.37,1.2359,-0.42308,-0.41171,5.1156,4.1701,1
-1.4075,0.65545,-1.9544,-0.24522,-1.5413,-2.0299,0.56952,-0.13281,1
-2.8176,-0.3177,-1.2226,-0.26688,5.4174,-2.6009,1.118,1.5461,3
1.0101,-0.23882,-0.97396,1.6578,-1.3669,-1.53,-0.9699,1.3048,3
-1.2616,0.80003,6.0985,1.8543,2.2304,5.5409,-2.3305,2.5592,3
-2.7852,-0.98289,3.0262,-0.30604,-0.61652,5.0266,-1.2357,5.1822,1
-1.9944,1.324,4.7415,1.4457,4.4851,2.1066,4.8785,3.1148,2
3.8702,1.6719,2.03,3.753,-0.66831,3.2162,-4.7993,0.24581,1
-0.26021,-0.36607,-0.066386,0.30364,-0.55986,-4.3923,5.8181,-1.4495,3
2.0694,1.2811,6.6096,2.2103,4.9629,4.2161,4.1944,5.5646,2
2.4177,2.9477,0.14816,3.9547,7.0328,-2.2924,-0.50451,5.7441,2
0.26877,0.6884,0.24236,0.24432,1.5261,0.003247,2.3227,-0.023652,1
-1.2832,1.6192,7.8926,-6.976,3.5153,-2.0763,0.00924,4.6701,2
-1.7421,5.2377,4.2201,0.012054,0.52377,1.9098,-1.2693,-1.8825,3
-1.7111,1.483,-1.4429,-0.8754,2.8209,-3.438,4.4861,0.83544,1
-0.51501,0.32856,0.25898,0.62181,3.5977,15.294,5.7662,-1.1791,3
3.7234,-1.2752,-0.84616,3.4722,1.6987,-1.3663,-3.1875,2.2358,3
0.82979,1.2073,5.1813,-5.3261,5.7846,9.3101,0.22146,2.3021,2
2.1948,-0.83413,0.73346,-1.3359,-0.44266,9.3139,-4.626,2.1594,1
0.57337,1.003,4.3577,2.5113,-1.2919,-2.6344,-0.99052,-1.3766,3
3.4799,1.762,4.2547,4.998,5.3095,3.741,1.7256,7.537,2
-1.0163,-2.3498,-1.6297,5.8,0.20211,4.8482,-0.43532,0.62319,1
2.7878,1.9521,7.2611,3.7898,2.0816,4.1634,-6.321,7.0771,2
-2.4129,0.57202,0.44955,-0.36556,0.70806,-4.009,3.2881,-1.0388,1
0.79836,0.4551,4.8034,-1.9138,4.232,3.6586,5.121,4.336,2
-2.3394,0.44818,0.86624,-0.040152,-1.9632,2.1961,5.0327,-1.1576,1
1.6498,0.42443,6.4977,-4.265,4.5987,4.9698,1.4455,5.243,2
-1.037,-2.0295,4.4708,1.0739,-0.83653,-2.44,0.49902,0.65678,3
-2.6147,-3.6893,5.2909,-2.4722,1.905,5.747,0.78243,6.0187,2
-2.3645,-1.4323,0.58909,2.3854,-0.67527,-2.8501,-0.81758,0.19765,1
2.1874,0.50723,-0.47718,1.6971,-0.91984,-0.08859,5.2884,-1.4769,3
-2.2237,0.14264,-0.38727,4.8255,-1.5535,4.7624,1.93,-0.8735,1
-1.7837,-1.6562,0.94798,1.1531,1.4557,-0.51701,5.3141,-0.84554,1
2.8472,2.7977,6.305,1.3865,-0.20211,1.9471,7.9187,1.8994,1
-1.2596,-3.2553,6.4225,1.0015,5.2224,6.8936,4.0542,4.575,2
-2.3688,-1.2304,2.4476,-0.1287,0.71863,-2.5766,-3.4956,2.9742,1
1.1664,2.2177,6.5995,-3.0311,3.6443,3.7115,1.4393,0.21217,2
2.1183,1.4604,3.8164,1.1905,0.042797,0.011914,-0.1539,1.209,1
-1.0149,-1.0317,5.0575,-1.3353,-0.001335,2.6357,7.3447,-1.0181,1
1.4373,1.5035,5.1131,-0.84292,0.11663,5.9745,-0.30398,1.1534,3
2.9005,0.56025,5.6923,1.3209,5.9752,8.9788,3.971,7.512,2
-0.32554,2.0161,1.6974,0.87854,2.7468,5.2093,1.0539,3.2718,1
2.6281,-0.31943,5.3094,-0.3446,2.8933,-2.2994,5.996,4.7576,3
1.7167,-0.60626,1.3236,-0.2208,2.013,1.925,-3.5538,1.7741,3
0.6176,-2.5595,3.309,-1.0942,-0.96442,5.9417,-3.9951,0.15215,3
-1.9341,0.74049,3.1792,1.3981,-1.1081,0.98419,1.1067,-0.02016,1
1.2618,0.14615,-1.3347,-1.0237,-0.8356,3.6282,0.26002,-0.45202,3
0.87938,0.96527,-0.94446,0.77858,2.3962,-0.18889,4.2841,4.3532,1
-2.1751,-0.45432,3.7915,1.5296,5.0156,-2.6308,2.5504,1.123,1
-2.3243,0.74453,6.0934,3.1829,7.5708,-1.9237,4.5762,7.791,2
-1.0619,2.7397,-1.3653,-1.5552,0.86464,-0.33079,-4.4558,0.34375,1
0.44619,1.9322,0.83774,4.5971,-1.2311,2.6226,-1.8991,3.1071,1
-1.7889,1.5777,0.21921,-0.85801,0.9823,8.5299,7.6515,-0.095836,3
2.9805,-0.34369,1.467,-4.3901,5.0537,10.298,2.6343,5.4081,2
-0.098904,1.4914,2.4217,-7.7475,4.0773,2.9159,3.5069,5.4692,2
-0.80652,1.0143,0.83826,0.12369,-0.27435,-2.9559,-0.36923,0.26078,3
1.5849,1.0361,4.214,-1.2484,2.0674,0.41332,-2.9691,-1.0433,3
0.16537,-2.5576,3.8798,2.6925,0.79063,3.6564,3.2917,0.50609,3
-1.032,-1.919,4.3745,0.45409,-1.3501,1.2934,0.8921,3.4725,3
6.3203,-2.1548,8.2905,0.8531,1.8298,-0.88228,-3.3018,-1.5975,1
-0.094724,-0.9685,-0.7596,1.6189,0.18235,2.1584,-0.10102,6.5324,1
-0.90434,-2.5419,5.528,-0.67514,2.3987,7.3447,4.883,0.25045,3
0.97379,0.26865,2.7969,-0.87518,-0.7347,-3.4449,0.60403,0.074195,3
0.47029,-2.2136,0.79434,0.55336,0.11984,5.3964,-0.95336,1.3813,3
1.184,2.5258,6.6564,6.4861,4.425,6.7684,3.9811,7.0236,2
-0.59984,0.40227,5.2248,0.99777,0.14221,-2.6192,-2.5483,-1.7743,1
-0.74778,3.3895,6.3972,0.35213,6.3418,7.252,0.95768,3.8777,2
0.034954,0.65778,0.64869,-1.9554,1.1355,2.0604,1.4827,-0.60436,3
1.7637,-2.6511,-1.7461,1.0923,2.2776,11.492,0.82926,4.6939,1
1.9926,1.0579,6.0222,2.0335,1.4934,2.0205,-3.2536,1.2938,3
-2.4426,1.8106,1.5496,4.1877,-0.041747,0.67227,-1.9977,0.70231,1
2.817,-0.81968,3.5799,-1.9756,4.3925,-0.58184,1.5698,2.0392,2
3.5929,-0.37671,4.6338,3.2505,5.5548,7.5979,-2.759,7.1616,2
-1.0557,2.2416,1.756,-0.39182,-1.8888,1.9677,1.2144,0.38809,3
1.2898,0.22462,0.90601,4.9923,7.5079,4.6449,-0.73423,7.4254,2
2.0293,1.0467,4.3801,-4.2485,6.5378,-2.3877,0.80857,4.923,2
3.5311,-2.601,4.7198,2.6383,-0.51662,15.038,2.4907,2.6152,3
0.11169,1.7475,6.4964,2.2803,0.39822,3.8944,3.7934,2.6603,2
-0.14293,-0.086173,0.61415,1.5117,4.779,-2.7943,-4.3107,0.90957,3
-1.1447,-0.36165,1.6349,1.941,4.63,-0.095072,-2.8331,0.048112,3
0.092628,-1.648,-0.62677,0.78824,1.7158,3.3125,-2.3516,1.7394,1
5.0867,-1.1504,4.7041,0.4418,-0.022613,1.4322,-1.6413,3.1944,1
0.77334,-1.8868,0.66933,0.82387,-0.41999,1.3984,3.7078,7.3507,3
0.25559,0.23053,2.749,-0.48831,1.4089,-3.0752,-3.1171,2.5454,3
1.5933,-1.3557,3.2708,-0.12567,-0.53503,2.1718,-1.3121,4.4921,2
1.914,-3.9149,5.4543,-5.4542,6.8454,-9.9881,-1.9766,6.5031,2
0.28545,0.29295,6.2498,-1.8746,3.8074,0.97989,4.0955,7.1846,2
-2.7365,-0.73863,-1.2501,-1.7645,-1.529,-0.93284,-3.7953,4.0629,1
-1.4687,-1.0951,3.7605,1.9491,6.3264,-0.39493,-3.1712,2.7493,1
1.5682,-1.2999,4.3889,5.515,5.7654,4.7525,3.0309,6.629,2
0.29287,2.3542,2.0276,2.0774,7.2369,-0.2626,-1.1368,3.1364,2
2.4751,0.73616,-1.1542,5.3753,-1.9242,-0.44602,-2.3124,-1.0624,3
-1.141,2.9158,7.8054,-2.3583,6.038,-1.8175,-2.3492,4.9025,2
2.3583,1.2224,1.9248,-6.023,4.9863,7.867,3.5563,5.6133,2
-0.43439,0.17996,2.5957,4.9288,0.15042,-0.46864,-2.9886,-0.78562,1
0.45218,3.8474,0.67212,-0.79794,2.373,-2.4289,-2.5859,0.71243,1
2.891,0.6197,3.7737,0.37621,2.7692,2.3134,0.9079,3.2692,2
1.9663,0.25525,2.6637,2.9004,4.9802,5.0009,3.6131,2.9938,3
-0.73379,-0.87123,0.71518,1.4125,1.0738,-3.5758,0.66443,-0.39132,3
-1.0696,0.4794,1.9176,-1.4426,-0.7687,1.4145,-3.8444,4.8567,3
-0.8392,0.66957,-1.221,0.21908,1.6422,-2.9829,7.9496,1.4126,3
-2.3507,2.9623,-1.2239,1.1389,5.8002,4.7914,-3.9071,-1.2688,3
1.3648,0.79543,-0.44291,3.3069,7.1883,4.8608,3.7131,0.13658,3
-0.44635,-2.4184,3.4349,-1.2531,5.0649,1.225,10.23,-0.4122,3
3.89,2.1629,4.6113,2.6377,6.8511,8.8336,4.1074,3.9537,2
0.27148,0.24508,0.39754,-0.72736,-1.5151,-1.1235,-4.0075,1.2069,1
-0.055073,3.2337,0.49893,1.3653,1.3861,1.5762,0.25952,1.5538,1
0.69708,0.5137,0.62289,-0.69298,-1.6512,-2.0101,0.56526,-1.7441,1
-1.8858,-0.12552,3.4247,1.2908,-0.68653,4.5287,-1.9871,2.047,3
1.47,-1.0639,-0.33957,2.8112,0.26401,-4.4379,-3.9621,4.7961,1
-1.6995,-1.8954,2.9923,-1.4194,0.9011,-0.48535,4.1013,1.7498,3
1.5596,-2.2029,0.35086,1.8359,0.51616,-3.2942,-3.3259,-1.6232,3
3.0535,0.81439,4.3544,-0.60505,7.2828,8.4833,1.9282,4.2922,2
-0.39801,-0.18052,2.6395,0.68006,-1.444,2.9257,-1.1915,-0.49978,1
-1.4239,-1.7822,1.057,-0.85184,0.51448,1.9395,-0.86779,-1.0314,1
-1.4785,-2.6129,-1.6901,-0.6759,0.2289,-1.4097,4.874,1.0131,1
-1.7421,5.2377,4.2201,0.012054,0.52377,1.9098,-1.2693,-1.8825,1
3.8908,-0.96114,7.0176,-1.236,6.1837,7.417,-5.343,6.2792,2
2.4955,1.3235,7.7192,-0.42376,2.6793,0.004295,4.0104,5.8047,2
-2.0571,-0.77224,1.5667,2.7002,-3.2521,6.3522,3.4879,4.5624,2
-2.8972,1.8187,2.9925,0.028878,-0.17025,-3.7723,-2.4291,-0.81542,1
8.1009,0.37062,-1.7997,1.3735,-0.72545,0.059294,-2.7534,-0.074956,3
0.35078,-1.4977,2.776,-0.28871,0.49848,8.7165,-4.9201,-0.92142,3
-0.83961,0.76524,-0.65356,1.7313,-0.98933,3.6165,1.0334,-0.22553,3
2.0074,2.0375,-0.58125,5.1654,6.4076,-0.39842,4.473,-1.886,3
-0.92927,-1.5474,0.94042,1.1522,1.7446,-2.102,-0.009736,0.73663,3
-1.9008,-1.844,4.5112,-0.47189,-0.89772,-2.6213,-1.0464,-0.99885,3
0.87175,3.236,0.81137,4.6628,5.0854,6.2816,-1.9285,3.0951,2
0.64255,2.5478,-0.064252,1.7336,2.2989,1.5789,-4.3258,0.19463,3
-1.3536,2.445,4.4632,-1.5967,-1.108,3.3724,-0.56899,2.6682,1
1.7062,-1.6404,7.7534,3.1726,2.574,4.7764,2.9292,4.0735,2
-2.5455,-0.97997,2.5324,-0.54906,-1.5168,0.92267,6.5606,-0.15605,3
-1.042,4.1064,0.45363,4.5099,-1.383,8.8482,-4.2797,-1.1182,1
1.1944,2.3767,0.80219,-0.41862,-1.6882,-2.4597,-0.89977,0.68204,3
-1.1123,-0.55238,4.175,-0.51817,2.7489,3.2233,1.5019,-1.3217,1
1.0419,3.3199,2.3988,-4.1077,2.4692,0.071007,4.2384,3.8574,2
-0.14024,3.4557,7.6486,-0.82375,0.6385,6.9357,-3.1025,2.2347,2
-1.6888,-0.7175,5.09,5.9833,4.3428,5.9767,2.6621,3.8646,2
3.8869,3.1656,3.7529,5.9556,5.5982,1.6757,-0.1016,3.4378,2
-1.8822,-2.6497,3.2188,-0.83468,4.1132,-4.7353,-0.42223,-0.26001,1
-1.435,4.9913,-1.3866,1.758,-1.3957,6.0697,-3.4155,-1.1035,1
-1.8813,-2.7562,0.52136,6.4145,1.6806,-2.2008,0.28466,1.3652,1
1.4301,2.7536,6.5157,3.845,4.2201,3.4395,2.1947,6.8726,2
-2.7257,-0.68792,2.6352,8.7901,5.7695,0.75677,-4.3242,-0.15261,1
-0.19856,2.7953,7.1784,2.5671,5.9496,3.7463,-4.2704,4.5947,2
1.8278,2.1241,5.8412,3.5458,6.7001,-4.9903,0.44834,2.8394,2
-0.61666,-1.004,4.4361,-0.4681,2.4333,3.1328,4.9764,6.9657,1
-1.071,1.3494,4.7086,-0.14324,0.39895,5.2153,-0.31594,1.3939,3
1.4327,-0.5171,-0.41489,4.5524,3.0709,2.0209,-3.1905,1.4604,3
3.6349,-1.7479,0.94673,-0.091217,2.4273,-4.4878,1.8173,3.4367,1
1.0476,2.2153,6.1815,-0.60126,6.2805,5.0284,0.64685,5.7667,2
-2.6264,-1.4939,-0.92723,4.6334,0.47613,-2.1685,-1.6498,0.38595,3
0.95053,2.2907,2.9856,1.2139,2.9829,6.3359,-3.7135,3.5832,2
3.6432,1.9637,0.83616,1.0418,1.4949,6.7746,-1.2161,0.43053,1
-2.9974,-0.95795,-0.41567,2.3889,-0.13798,2.9736,9.8454,-0.40935,3
1.4839,-1.8688,0.6435,0.35479,-0.46277,-1.4255,-3.2341,-0.65072,1
6.9631,2.8469,-0.56167,0.06912,2.4145,-2.6698,3.2081,0.18102,1
-1.3011,-0.43171,0.042592,-0.91161,1.1024,12.53,6.6359,2.9511,3
0.51505,0.68137,0.57296,0.44512,1.2415,7.4854,-4.1649,3.424,1
0.21142,-1.6756,2.7971,-1.1595,-0.45602,-2.1498,-4.2046,0.28004,3
0.78282,-1.1416,0.10269,0.29085,2.8785,0.49235,-4.573,2.3038,1
-6.8195,-0.24807,4.2937,4.2259,6.8025,-1.5471,3.8618,6.3426,2
4.3062,-0.442,1.8054,5.4235,2.0313,0.27797,0.31143,-0.91818,3
-0.50736,-0.43382,0.15999,0.11522,1.164,6.5172,0.71722,-0.94256,3
1.0472,-2.2648,4.3857,2.3773,1.9275,0.3072,4.2143,0.4763,3
-1.9157,-2.6715,-1.1237,-1.256,-0.99064,1.3318,-0.20496,0.24911,1
-0.31895,-1.7181,2.655,1.8013,-1.4293,2.1383,-3.6019,4.2313,3
2.4924,0.70525,0.97242,-6.3728,6.5781,6.2898,0.061548,-1.1391,2
1.712,-0.97632,6.9337,4.0333,4.9979,2.9968,1.4036,7.3724,2
2.6089,3.4557,6.7219,-14.394,5.0397,3.4737,1.0278,4.4204,2
-2.2418,-0.83242,1.7893,-0.35437,1.4353,4.1517,-2.7604,1.5454,1
3.1911,3.0804,7.6698,1.1945,2.0188,4.8581,3.2144,2.5916,2
0.020725,3.1187,2.6591,0.77884,2.4983,1.2438,-3.4236,0.2153,1
1.9401,1.989,3.4499,-1.357,7.6586,8.258,4.0851,6.588,2
0.74115,-1.3971,6.9985,3.3795,6.7866,8.6683,1.2427,3.9832,2
-2.5029,1.3969,7.1831,2.5389,7.3624,8.873,-5.8662,4.1368,2
-0.94451,-1.871,1.1402,2.1149,1.801,-2.6215,-0.52913,0.58582,3
0.59886,3.3088,2.0603,1.6849,-1.3743,2.1447,0.021325,3.4218,1
3.8277,-0.57354,1.843,1.3992,4.7461,-0.44178,3.1114,-1.6976,3
0.053247,-2.1758,-1.4154,3.4362,-1.506,4.0288,8.4434,0.21873,3
4.5816,-1.616,-1.1644,0.89821,1.8678,2.6024,4.3884,0.94534,3
-2.1858,0.68985,3.0515,-0.22894,-0.019423,1.9569,-2.5842,6.6831,3
1.9473,0.57184,2.5542,2.3682,4.3651,4.4527,-9.8035,5.3999,2
1.1165,-1.0087,2.7932,0.39856,1.4694,1.1545,3.4052,-1.1382,3
4.4723,-2.7233,0.67848,0.70729,-1.0209,11.251,1.143,5.4017,3
-1.6323,2.5364,2.8378,4.3232,6.1948,7.3517,0.11211,5.0493,2
0.27076,-2.0533,-0.029006,1.8442,5.1807,6.529,5.114,0.67675,1
1.8454,-2.5043,-1.2037,0.86298,-1.1773,-0.9038,-0.26659,-0.98613,3
-3.0066,-1.1701,-1.0839,0.2692,1.3701,-3.251,-4.8611,6.4201,1
-1.896,-0.68539,-0.96117,-0.8057,0.36074,1.8814,2.5028,-0.84791,3
-1.6956,-2.5019,-0.020263,0.33029,-0.28937,-4.9761,-2.5476,1.8754,3
-1.2115,1.8674,6.1167,-1.5118,-1.6187,3.6721,-2.5872,3.7,3
-0.46001,-2.0581,3.6081,2.7441,-0.65185,-2.4934,-4.2036,0.019518,1
1.4608,1.2042,-1.6981,0.99131,3.7621,-0.95948,2.0616,-1.8874,3
0.93294,-1.8609,0.97235,2.6338,-0.51029,-3.3387,0.96954,4.4316,3
-0.91677,0.38581,0.22768,-1.0973,-1.6417,-1.8073,-2.9081,-1.8719,3
-1.6626,-1.1159,-0.36526,1.4119,-0.18898,-1.0754,12.119,5.1747,1
1.6772,1.0117,-1.6348,1.6051,0.51093,1.7262,3.1525,-1.7242,3
0.42189,-2.0111,0.43264,-1.358,1.3364,-3.8933,3.8752,-1.2261,3
3.6344,1.121,5.1028,-0.92111,5.9747,2.4275,2.1281,1.839,2
-1.4673,-2.5653,-1.1834,-0.67827,0.55593,-0.98889,-1.0965,1.5549,3
-0.53516,1.3199,1.2163,4.5038,-1.1666,15.309,-2.7799,2.6517,1
-0.63377,1.1635,6.7943,3.8235,2.8426,3.6545,-1.4047,7.2159,2
1.1211,-0.48182,0.66287,7.8274,-0.53478,-2.2379,5.5024,2.9088,3
-2.3505,-1.1009,-1.3155,1.8148,0.75318,1.3837,-2.5137,1.4839,3
0.22069,0.086368,-1.0921,2.0501,1.2048,-0.53432,-0.73868,0.45641,1
0.52827,-0.33797,1.3409,0.025789,1.8108,0.25671,2.4688,0.43596,1
0.35973,2.2057,6.9158,5.4567,5.6115,0.37496,1.9296,7.1512,2
-0.76306,2.5091,4.8943,-0.35702,1.0335,-4.6892,-2.0231,0.39782,3
-2.1243,-1.6994,6.5339,-1.2579,1.2988,5.7502,-2.2871,-1.6608,1
1.8762,-1.6898,4.0267,0.23842,5.5628,-1.3771,0.93787,4.488,2
-2.9733,1.1261,-1.3434,3.585,-1.8245,-0.22152,4.5808,0.16772,3
4.0979,1.0686,-1.6822,4.354,-1.4044,2.9832,-1.3635,0.59718,3
-1.3037,1.9785,3.346,4.684,7.1579,8.2099,2.1512,4.8899,2
2.1874,0.50723,-0.47718,1.6971,-0.91984,-0.08859,5.2884,-1.4769,1
-0.090545,-1.6401,1.5381,0.30235,1.0616,0.78965,2.6952,11.72,1
-1.8003,-0.71536,-1.1449,2.6764,4.47,0.60693,2.0094,0.32391,1
-1.8487,-0.18159,0.98214,-0.7403,1.5576,-1.6343,1.0147,-0.86662,3
1.8605,0.35636,-0.9351,-0.078421,0.59337,-1.2227,-2.5347,1.2442,1
0.38652,-0.35473,1.7769,1.6873,2.2646,-2.4882,-2.6995,3.8459,3
-0.38804,-2.2174,6.8688,0.60165,3.4396,-2.3692,-0.78814,2.4729,3
0.078261,1.6668,5.9767,3.6171,1.5389,5.8688,3.6471,5.0083,2
1.7098,-1.2939,-1.488,-0.45412,-0.14648,0.7525,3.3424,0.20475,1
1.0235,-0.77568,-0.033812,0.19211,-0.20619,-0.45345,2.8376,-0.59562,3
-2.7374,2.959,0.21063,-7.8666,5.7131,3.4975,-2.7443,3.6833,2
-0.82197,-2.7216,-0.44264,-1.0074,2.4747,-0.82974,-4.7102,-0.78561,3
-0.26586,-2.7533,-1.6583,2.1706,3.9251,1.8887,-2.9071,3.6875,1
-0.14225,-1.2229,3.2831,1.9609,-1.2733,-3.9869,-1.4727,1.3484,1
-2.5423,-1.2896,-1.0734,1.3401,-0.52046,5.4084,7.4667,3.8386,3
-2.2689,-1.582,1.7984,1.2094,4.1036,1.2386,0.99975,0.53785,3
3.4002,2.1304,4.9276,5.376,3.8678,7.2972,3.0274,6.7155,2
-2.3442,-2.3995,2.6879,5.2497,0.55427,-0.62307,8.9961,2.6562,3
1.8096,1.0167,0.6121,0.75627,0.81951,1.5039,2.607,-0.50303,1
4.1609,-2.0416,3.0205,1.6713,5.0307,2.0843,0.016955,1.5647,3
-1.0224,1.892,7.2263,2.591,4.3855,7.0364,2.3008,5.3935,2
-1.2605,1.8563,3.9953,-1.3858,5.879,7.3276,-3.979,7.6909,2
-0.74519,0.8593,-0.6495,-1.5749,2.9204,-3.7204,6.669,-0.91512,1
3.6503,0.6584,4.1044,-6.3106,3.7007,7.3056,1.6172,5.5307,2
2.6191,2.7687,2.9846,-0.45399,6.3657,3.1764,2.2136,5.4915,2
-1.6995,-1.8954,2.9923,-1.4194,0.9011,-0.48535,4.1013,1.7498,1
-1.2824,-2.238,5.0492,-0.74355,-0.1456,4.9183,2.1601,-1.1526,1
0.52573,0.30476,4.3788,-5.578,4.7914,6.4556,2.0285,6.5771,2
-2.1535,3.0737,1.0596,0.11123,-0.51289,-1.4693,-0.61813,-1.3003,3
-3.2074,-1.4339,1.6763,5.8299,6.1924,9.3112,0.54859,3.6416,2
-2.0443,-2.3831,1.7193,4.7201,-0.51532,-3.2159,7.9969,2.8366,3
-2.69,7.1528,-0.084528,-1.7048,-0.19686,3.5246,-3.2625,0.054896,3
-0.63088,-0.037206,6.0788,3.106,4.0898,1.9122,3.7647,6.4521,2
-0.6973,-0.14864,1.9779,0.19057,0.80713,-0.27903,-2.0692,5.7678,1
-2.0716,-1.8523,2.7852,0.89676,4.0472,3.1736,-0.085973,3.3785,1
0.23855,-0.2982,3.2398,0.96331,0.6097,3.7273,-4.1805,3.2685,3
-0.48233,4.0539,-0.53887,-0.81463,-1.8564,6.6464,3.7068,3.1696,1
-0.45215,-1.9164,0.42446,-1.3134,1.8644,5.5667,1.2749,1.2972,1
1.4786,-1.3522,-1.3771,-1.8191,0.060719,-0.25095,-0.98452,0.4058,1
1.4735,3.6793,4.0353,-1.9986,6.3362,8.2429,-2.8377,6.2374,2
-1.0541,-2.3572,-1.1055,-0.71696,0.35146,4.1263,-0.28025,1.3258,3
1.0016,-1.4292,1.3238,-0.13911,-0.59345,-0.678,-2.7747,-0.45727,1
7.321,-0.13398,-1.7196,0.042957,0.87658,4.6066,-0.42636,2.949,3
-0.18307,0.26534,3.8147,-1.2857,0.14718,-1.3315,7.5168,0.48109,1
-1.0149,-1.0317,5.0575,-1.3353,-0.001335,2.6357,7.3447,-1.0181,3
2.0091,1.1712,3.9928,0.44484,0.88192,-0.5488,-2.2853,0.015402,1
-0.20393,1.4497,4.7509,-1.1481,5.9503,-2.1026,0.72676,-0.15981,3
-0.39548,0.73691,-0.089349,1.8628,1.4894,7.0578,5.3615,2.4122,1
-0.80823,-1.1115,0.76973,2.2126,0.49,-2.6534,-1.0717,-1.078,1
-1.295,-1.1104,2.6533,2.6981,-0.096305,-3.4611,5.8052,0.47229,3
-1.2723,3.1018,5.3181,-1.5339,5.674,9.3279,0.74363,6.4975,2
-1.1449,-2.0328,-0.29321,-1.1965,0.083541,-1.5815,7.5998,2.6122,3
0.27972,-2.2479,-0.72497,5.7064,-1.3306,1.8673,-1.4364,-0.67749,3
0.68183,4.0306,-0.3762,-0.40803,4.4303,1.8589,-2.4741,0.92658,1
-0.46517,5.9329,-1.4879,2.343,-0.17053,2.0218,10.105,4.6874,1
-1.7919,-0.68062,0.9035,-0.92019,-0.039883,2.5298,9.3435,1.3278,3
3.5363,-1.2005,-0.73234,2.0598,0.86911,-0.2597,-2.9376,-0.23315,3
1.1821,-0.31977,-1.2626,1.2189,-1.1434,-0.76213,-1.867,1.2928,3
-0.95222,1.0521,6.1894,-5.6026,3.1846,6.4782,-0.59193,4.4157,2
-0.75052,-2.28,4.1787,1.9456,0.6628,0.33215,-0.088098,-0.008383,1
0.67735,1.429,8.1588,-1.3375,0.34299,2.6511,1.6109,-1.4476,1
1.2957,-0.7215,2.7721,4.7511,7.0159,8.044,3.8612,-1.56,2
-1.1566,4.2631,-0.57567,1.056,0.077502,3.1308,4.1926,0.96054,3
0.97379,0.26865,2.7969,-0.87518,-0.7347,-3.4449,0.60403,0.074195,1
3.2769,3.3777,3.9583,2.3229,4.2107,4.613,1.4096,4.5881,2
-1.6135,-0.29449,3.5716,1.0052,0.36025,5.9209,-0.89093,0.95706,3
4.0044,-2.5155,0.079716,1.1683,-0.85823,-2.2227,0.44417,0.56744,1
-0.86748,-0.24726,0.22283,1.9462,0.10248,2.1554,-1.2217,1.2053,1
1.0226,0.91187,5.2623,0.5746,7.3543,9.1614,-6.4607,6.3402,2
-0.61632,-1.1508,4.345,-1.4626,-0.084031,2.9713,-1.0237,2.7559,1
0.779,-1.8021,-1.5297,-0.2177,-0.95277,6.1119,5.5768,1.7783,1
-2.1108,0.18562,6.7753,4.9167,-1.3491,4.0469,-10.036,5.0416,2
2.5683,1.4964,4.4368,6.3077,5.5982,10.642,0.15094,5.5073,2
1.7582,-0.70762,0.99639,1.3825,3.5608,-1.2573,-1.1657,-0.002743,1
1.2978,5.4516,0.25555,-1.0757,0.25506,-1.4345,1.6128,1.2535,3
0.39117,-1.3701,0.98279,-0.91316,0.14253,-1.1715,2.3782,6.9276,3
-0.28316,0.011473,0.19719,8.3555,1.3901,-2.6905,-4.8235,4.7479,3
0.80959,-2.5348,4.7961,1.8514,2.7204,-2.7247,0.64852,3.7224,1
-0.85144,-0.1423,-1.4558,-0.63665,-0.051744,0.75172,-2.4356,-0.70441,3
-1.6976,3.0066,2.5035,-0.61739,1.2148,-0.9675,-1.6167,3.2613,3
1.3965,2.6444,-0.52649,-0.91729,-1.7048,2.9316,5.5751,6.8589,1
0.095349,6.9017,1.4068,4.1927,1.1477,-0.014159,0.67786,3.2312,3
-0.73574,-1.7894,-1.5995,-1.1426,0.50253,-3.5295,5.2992,-1.0329,3
0.35859,1.3977,0.41182,-0.60469,4.0888,2.2352,0.89953,-0.18235,1
-1.9998,0.90034,2.4967,2.4467,1.853,2.2968,1.5663,-0.63445,1
0.5026,3.4738,0.37356,-0.62578,-0.30895,-2.3971,-0.10411,1.004,3
-1.1565,1.0875,2.0606,2.3763,-0.86382,-1.5382,2.8811,0.49987,1
0.78313,2.455,6.6023,-1.3456,5.0266,2.9462,0.6374,5.8117,2
0.042646,1.6746,1.1099,3.4193,-1.7517,-0.60138,-0.77564,-0.60573,3
0.26674,-1.888,1.9813,7.1066,6.086,0.49013,-2.6244,-1.9721,3
0.74259,1.0453,5.6091,4.7016,6.6187,0.088346,2.9107,5.5457,2
-2.8587,-2.7397,-0.43841,-0.28386,-0.76736,-0.95306,0.082161,-1.2353,3
-2.6476,-2.3934,-1.309,4.8683,0.69148,3.5189,-2.5418,-0.96337,1
2.9114,-1.52,1.6304,6.0708,7.2685,0.17964,4.4185,5.1726,2
-0.50205,0.71271,2.149,0.91794,4.9535,3.4911,-4.7647,6.1745,2
0.28533,0.56551,3.0622,1.8709,1.8603,-0.87952,-1.0641,3.4653,1
-0.51028,-2.2192,3.9069,0.26723,2.1929,-2.1826,4.6227,0.20322,1
0.008373,-1.022,0.49221,1.5626,-0.99675,-1.7082,-4.5363,1.6046,3
1.8336,3.3007,-1.3757,0.56743,-1.7027,2.3629,2.8475,0.76269,1
-1.55,0.11656,5.4511,-3.7466,5.6169,3.3382,1.4682,7.0914,2
-2.5712,-1.1491,5.4496,-1.3763,1.1234,1.2798,1.9228,1.736,1
2.8314,3.1705,4.8229,0.099241,-0.56002,14.679,-3.2246,0.55999,1
-0.15163,2.1276,4.1601,-8.7989,5.3939,5.544,1.0267,7.5609,2
3.1382,3.5351,6.6036,-0.22167,4.6544,5.6505,3.7422,0.11956,2
0.008715,2.8095,3.0553,4.7939,2.029,3.0741,-2.8093,6.6188,2
5.1042,-2.1501,-0.78963,4.8793,-0.052232,2.1396,-2.1803,0.41469,3
4.5059,1.3524,-0.70039,-0.79673,1.444,-3.3084,-0.75858,-0.21812,3
1.8905,1.8108,7.4547,4.2575,5.9783,7.5284,2.9194,6.9788,2
0.3318,2.0144,0.34718,-0.73248,2.0301,-3.5146,9.6716,-0.40411,3
2.5287,0.32332,1.0871,-0.10474,1.0306,-0.14581,-2.7063,0.19537,1
-2.0969,-0.2508,2.2131,-0.99348,2.3322,0.23497,7.4967,1.1213,1
0.68897,3.1927,5.1109,2.9157,5.7571,5.8049,3.1849,4.3022,2
1.3364,1.1616,4.0387,-0.14483,-1.1763,-1.4936,2.6653,-1.199,3
2.1196,-0.88168,4.5327,0.46419,5.623,0.66929,-2.1998,6.2245,2
-0.5015,3.5921,5.9905,3.9681,6.8804,10.044,1.0056,6.0715,2
2.7513,0.14207,2.9294,-0.29255,3.3744,-3.3837,1.9852,-0.33707,1
-4.3192,1.6889,2.588,-0.75781,4.8497,3.79,2.0964,5.5792,2
-0.49219,-2.4142,4.2164,2.3309,-1.1514,3.5674,3.304,3.5862,1
-2.92,0.34119,-1.1063,-0.69958,1.5621,-0.43779,-3.3941,1.2377,1
0.97144,-2.5025,-0.26512,0.34339,2.5248,-1.5723,-0.65894,2.72,1
-2.4536,3.8553,5.9834,2.2979,7.0822,6.6576,3.2837,4.8738,2
-0.12476,-0.97942,3.2477,0.44328,1.0164,0.5333,-0.8899,0.5031,3
0.76734,1.5402,2.7119,0.48478,7.4242,0.43251,-1.1685,2.9329,2
2.3428,-0.99268,-0.38083,5.9886,8.0885,4.6486,-3.7619,0.14994,3
3.3399,-1.234,5.5005,-6.6571,6.3536,5.068,-3.0208,6.8645,2
-1.0033,-1.7539,1.435,0.51992,2.7499,-4.0152,-0.12409,0.55588,3
1.0475,2.5305,6.466,5.0837,4.5836,1.9481,-10.644,5.1384,2
2.066,2.8173,0.54203,3.9173,-0.38162,10.762,3.5114,2.986,2
-2.0743,-1.1773,1.8052,0.25828,1.5616,9.4319,-2.542,-0.46749,1
-1.4401,2.192,0.20717,2.1821,-0.90672,5.087,-0.27782,2.9287,1
0.78309,-1.924,-1.8345,1.0949,-1.3528,8.7648,3.1508,0.52664,1
2.0211,4.4852,0.036943,-0.76127,0.7769,1.6566,5.8497,-0.51943,1
-0.0556,-0.84713,1.3377,-0.51533,-0.51619,-0.5952,3.0722,-0.89184,3
-1.8937,-2.4999,1.4961,-0.68649,0.64521,-4.0323,11.247,0.74338,1
-0.46828,3.4537,2.9527,-1.6647,2.5668,5.1165,-1.9079,0.27023,1
2.1948,1.2004,3.1231,5.2552,2.6193,4.9318,2.6313,7.1574,2
1.3382,1.0999,1.1096,3.5026,-0.95631,3.0223,-0.42099,3.7154,3
-1.7293,-0.40025,0.28643,1.2641,4.8987,-2.781,-1.9743,-0.9429,1
1.6017,-0.41679,0.56451,1.6957,0.28463,-0.90514,-0.085908,1.1822,3
-0.29935,-1.1169,3.2103,-1.1812,0.56584,-0.66843,2.2923,1.9215,3
2.585,0.81774,3.4619,-3.3001,4.4377,9.2344,1.274,0.15375,2
0.047089,-1.776,2.1527,0.17013,2.2422,-1.1302,7.3838,-1.0979,3
0.44659,4.6353,1.2462,0.33454,-0.62503,-4.6727,4.9163,-0.97559,1
-1.2889,0.9462,0.51275,0.97266,-0.77437,-1.583,1.4297,3.3564,1
0.15718,1.6113,7.0705,1.8442,7.742,7.5786,4.5283,3.8235,2
-1.8052,0.24471,-1.393,1.6197,-1.3882,0.64156,-2.251,1.4828,1
0.11825,2.6192,3.6578,1.6517,2.4447,-1.5784,-2.0392,5.3126,3
-0.41038,-0.015874,6.875,-2.227,3.3098,2.1059,-2.4653,6.7088,2
1.7021,-3.4124,6.0238,1.5271,0.54958,7.652,4.8966,2.344,2
-1.2873,-4.7871,6.2138,2.6156,4.5943,9.7281,2.1034,3.6353,2
1.294,-3.5561,7.3951,2.8533,2.759,0.34928,3.6478,2.5776,2
-2.7312,2.8444,6.056,2.6138,2.8962,-8.6381,-2.6646,1.7743,2
-0.41876,1.0193,-1.066,0.62643,2.6848,-3.9972,-0.38298,3.0978,1
3.256,-1.1671,1.4517,5.0093,3.6617,8.1352,3.8268,6.2842,2
1.9424,-0.004058,0.34806,4.0612,4.3461,-3.7744,0.4968,3.8904,1
-2.9319,-0.22399,1.5512,-0.99753,-0.36555,-2.6326,-1.2376,-1.2314,1
1.2118,-2.606,-1.3957,0.31203,-0.5741,-2.9113,-3.5584,3.1339,3
-0.6578,0.52327,-0.66325,-0.57978,-1.6437,3.5617,-2.9398,-1.1667,1
-2.6328,1.7432,2.6632,-1.1452,0.34671,-1.1656,-2.7631,0.68105,1
0.39215,-2.041,0.44109,4.2988,-1.4546,5.7338,0.39568,-1.9517,3
-2.0723,-0.55159,-1.3335,1.7962,2.4763,-2.0539,9.5164,-1.207,3
0.50059,3.3776,0.25856,-1.795,1.9957,-0.1095,-3.373,-0.17508,3
3.7097,1.7269,3.5196,1.3122,5.3528,4.7752,2.3723,4.7668,2
-2.6974,-2.2719,1.2326,0.65798,1.3022,1.3978,0.85877,-0.045381,3
-0.90822,0.15535,0.77349,1.7792,-1.657,3.8421,-4.1987,-0.61882,1
6.5759,-1.2904,2.2277,3.1377,-1.5817,-1.0264,-1.5979,-0.85416,3
1.9017,-0.57513,3.2425,-3.8741,1.7359,-3.3865,2.9069,6.9262,2
2.5866,3.0585,7.5505,-8.8333,4.9972,3.5552,0.78667,-0.94493,2
-1.2777,-2.3718,-0.010299,-1.2138,6.1553,-4.1851,-4.5241,-0.26153,3
-0.096381,-0.66652,1.7798,0.8442,3.0851,2.7249,0.28461,0.051275,1
-2.3676,2.3572,7.4021,-4.9496,4.101,2.3348,1.3544,2.9729,2
-0.9154,-1.2511,2.2577,2.292,6.754,6.0063,-0.047006,-0.94784,1
1.3494,2.7225,2.9349,-5.8886,4.9773,2.5981,2.5488,4.7679,2
-0.6161,-1.0298,4.5565,6.1681,7.4281,5.1852,0.22705,5.5796,2
0.38035,-1.3555,-1.4465,2.279,-1.2919,-2.1282,-4.6138,-1.0001,1
1.9374,2.355,5.6829,-10.695,7.7531,8.4103,0.2257,6.2711,2
2.4551,1.4296,6.9589,3.1702,5.2762,9.0022,-6.5344,5.3451,2
3.7823,1.1853,4.824,-2.4315,4.8667,6.1696,-5.6937,6.965,2
-0.98028,-0.41913,3.7216,-0.16764,5.2702,7.4121,4.2915,1.5963,2
0.56752,-0.34065,-0.91162,-1.7947,2.0621,-1.7607,4.9098,4.3877,3
-0.79068,-2.8201,5.2807,-0.15156,0.72589,-1.2959,3.0431,-1.2946,3
1.0818,2.4137,2.2603,-1.1122,1.0527,-4.2078,2.7099,0.013926,1
0.97666,2.0819,-0.043429,0.60519,0.071393,-2.5853,2.8545,-0.31927,3
-0.29924,-1.1355,1.0678,-1.8019,0.91268,2.3066,0.32236,0.54154,1
-0.14695,-0.77489,2.2773,3.8932,1.9393,5.3557,-2.3259,6.3751,3
0.67642,-0.53611,3.3199,2.7691,1.996,10.163,1.4847,7.5766,2
-2.354,1.0845,-0.5977,-1.3076,9.0114,-1.3644,0.80833,-1.4059,3
-0.25825,2.9158,6.5663,4.1142,7.131,7.6925,1.5583,5.3959,2
1.3792,-0.023699,5.0327,0.95025,1.0402,9.3049,3.4086,4.6459,2
0.58138,-1.0402,-1.21,1.9579,3.8816,-2.3386,3.3413,6.8152,3
0.017047,-1.9144,-0.07182,-0.2623,-0.34831,2.5731,-2.4569,1.2129,1
-1.9527,0.14493,5.7145,3.7437,5.1828,-0.83134,0.15887,5.478,2
4.6958,0.31283,9.9754,-0.6483,-1.3584,-1.7857,-3.3155,0.17424,1
3.3342,2.9942,2.5845,4.3421,5.0257,-3.7691,2.6946,6.284,2
1.6973,-1.1672,-0.48271,2.1374,3.3055,1.7131,-3.8517,-1.3275,1
3.0353,0.30109,1.4137,-1.0414,0.52656,-0.58834,3.9908,0.91548,3
0.084118,0.496,6.9394,-4.2271,4.783,3.6286,2.4377,5.4665,2
-2.7228,2.8983,-0.32512,-0.4773,1.4368,0.23995,-3.7245,0.72197,3
3.77,1.7356,0.27907,-0.30984,1.2437,1.7444,2.8076,3.6938,1
0.45251,2.0229,5.7378,-3.8477,6.2034,0.35417,-1.4771,6.354,2
2.2152,-0.3048,0.16953,-1.6171,-0.18332,-1.9735,-1.1473,-1.5177,1
1.2987,-2.3509,1.8473,0.82506,0.16667,6.022,-1.2973,1.4655,3
4.0565,2.9474,-0.2448,2.6648,2.4894,0.65984,-2.3643,1.6864,3
-0.80639,1.5154,-1.963,-1.638,1.1875,5.7513,-3.2125,-1.3585,1
-0.077348,-0.52521,2.2821,3.456,2.3871,-3.0213,1.7759,-0.19242,1
-1.7027,-0.88681,10.282,4.6201,0.89427,-1.6464,5.4555,0.14478,1
-0.72486,-2.599,7.1516,3.9793,3.8873,2.6494,-5.2188,4.8001,2
0.087952,0.42248,5.936,0.32585,4.4914,8.6759,1.7102,3.2635,2
-0.79102,0.4211,2.259,3.1418,4.4713,-4.4643,0.12656,1.3569,3
0.59844,0.29109,2.5135,0.89676,5.2576,8.2021,4.2985,7.4439,2
-2.556,-0.26585,0.22476,-0.68034,1.9593,0.33914,0.55547,-0.4185,1
-0.5217,2.3498,6.0603,0.86735,6.0581,8.2951,0.29945,5.3574,2
1.3325,-2.0395,2.7829,3.3971,3.0276,9.5946,4.6118,-1.0619,1
2.604,3.6931,4.4276,-4.7549,6.7565,-6.4732,3.4899,-0.19029,2
-2.8376,-0.38184,-0.4044,-0.13136,0.75886,2.8402,3.6851,-1.7372,3
2.1146,1.5175,1.819,-0.69148,1.8426,4.0846,5.5818,-1.4516,1
-0.06116,1.176,7.0478,-0.30789,5.02,7.727,4.8452,4.5895,2
0.57288,-1.4944,2.5548,-0.434,1.9525,-4.0238,7.0359,0.98254,3
1.9414,3.2927,6.6265,-0.56874,3.7337,2.4395,-2.7022,3.4299,2
1.8191,0.16048,0.19824,-1.2192,1.3906,2.5921,-1.4524,0.9591,3
1.6223,-2.4529,2.0819,-0.57868,6.9408,-2.2199,-3.619,1.5844,1
3.3484,-4.2585,3.3582,6.1614,0.10822,-1.6169,0.87886,5.8073,2
0.68556,-1.4567,1.7991,-0.057571,0.52758,-3.5596,-3.3378,-0.76027,1
1.6772,2.6578,7.0694,0.54928,4.3524,1.6172,-1.0239,5.4305,2
3.0859,0.60021,2.1857,-1.2012,-0.30124,9.7883,6.4091,3.9327,1
1.249,-0.24948,-1.1994,5.1292,-1.0482,-3.7604,1.3625,-0.45613,3
2.6405,0.50687,3.8366,-3.9085,5.5861,3.1652,0.51792,6.0916,2
0.20761,-2.3145,0.96024,-0.4775,-0.89151,-2.8964,-2.1999,1.9484,1
0.089913,3.0829,6.2289,1.3045,7.094,10.863,1.5035,5.9546,2
-1.492,-2.0543,0.23351,-0.045221,1.9061,14.492,2.384,-0.49044,1
2.645,-2.3767,6.4734,-4.1956,7.1617,8.8137,-2.3944,3.6621,2
3.2565,1.3519,-1.508,2.0616,2.5202,2.2241,-0.75062,4.8551,3
2.903,2.6453,-0.57973,4.744,5.879,-2.3431,4.5231,6.2633,2
0.86634,-0.03067,-1.6586,-0.94411,-0.96093,1.8381,-2.6379,-1.3168,1
2.6364,1.7373,3.8597,-3.2295,5.1807,2.1277,1.8289,4.8986,2
1.7498,-1.6181,-0.36777,-0.55701,6.1733,0.10943,3.356,0.69598,3
-2.5881,8.6216,0.18192,3.6972,0.74315,-1.8985,0.29899,1.8555,3
-0.33938,-0.38595,0.069306,0.66451,0.67747,3.9514,-2.5083,2.5564,1
2.4316,0.38613,-1.5583,-1.8466,0.67126,-3.3097,3.1712,0.16783,3
3.1641,-0.83712,3.5721,2.5278,-0.9352,-2.1767,3.4902,0.50603,1
1.4839,-0.20971,4.762,-3.435,3.2639,7.1259,1.0649,4.0519,2
0.93688,0.049752,7.5429,2.4806,4.2438,7.2818,-1.1527,5.0028,2
-2.4828,1.6399,2.6222,-0.1648,2.6608,-2.2557,1.2056,0.53303,1
2.4432,0.87598,5.3358,-8.139,3.5654,1.3311,4.1278,4.8344,2
1.6179,0.82951,7.9053,6.2297,1.499,9.8554,-1.5828,4.5584,2
3.3857,2.1433,6.8971,-0.48637,5.5203,6.9391,5.1713,4.1581,2
2.1852,1.5938,6.7583,6.6144,5.6613,6.4598,-5.4952,5.4678,2
-1.7895,0.8933,-0.12846,0.30705,1.1231,-0.37155,5.5509,0.13888,3
-0.84937,-1.2263,0.27853,-1.7839,3.0474,-1.4742,-3.8378,2.3906,3
-0.099395,2.5037,2.5794,-0.090458,1.2994,-0.5756,-0.32488,-0.42498,3
-1.5416,-0.27184,3.688,-0.045753,-1.274,1.3664,1.6668,-1.779,3
-0.33363,-2.36,4.3808,-1.9018,-0.57847,-2.5114,1.3138,-1.347,1
1.3932,2.5538,2.046,0.57644,-1.1562,0.71061,-3.4578,2.2272,3
-0.065015,4.8122,3.4774,3.1117,0.76874,6.9414,3.7026,-0.53909,3
-1.4915,0.7703,4.6599,-2.2797,5.4621,10.097,0.84262,6.3924,2
-1.1679,-0.96019,0.072467,2.52,0.50849,1.6911,4.0948,-0.78582,1
-0.020823,-0.11213,1.7146,-0.36097,1.0525,-2.5296,-2.2945,0.86771,1
0.78122,3.0054,-1.1003,0.47713,-1.532,-3.6929,-3.0282,2.0222,1
-0.83032,-2.9849,-0.96161,1.3596,2.2246,4.3836,0.57021,-1.1203,1
0.38889,2.8127,7.1638,3.0958,5.1706,8.1863,-3.6184,5.5941,2
-0.61226,1.9188,3.0805,-3.1556,3.2994,4.7797,-5.0419,3.1417,2
-0.028951,1.7764,5.21,-0.10637,5.6987,4.4187,3.3426,7.2262,2
-2.4828,-0.19385,0.57837,1.7184,0.045985,1.2778,-2.3749,6.7441,1
2.8369,3.5108,5.9079,-1.4568,-0.45663,7.5327,4.3771,7.0878,2
-0.39259,0.38326,5.3699,2.6059,6.0509,3.2158,-1.3614,4.609,2
3.6571,0.24053,6.6208,4.5688,7.4137,2.0765,3.583,6.0189,2
-1.1422,2.3595,-1.2705,0.58204,3.6175,13.974,0.98736,-0.60509,1
1.0611,3.3378,1.6766,-0.36064,-0.94544,-1.6956,-1.666,-0.41994,3
0.95229,-4.4595,5.9056,-6.5664,6.087,6.3049,2.3492,6.54,2
1.3768,-2.3003,1.4377,2.038,1.3766,-1.4957,2.0741,0.51431,1
-0.41339,-5.8013,4.5175,5.5439,3.5184,6.378,-0.26335,2.6067,2
-1.7412,6.5601,-1.4413,-1.2544,4.242,-3.584,-0.36032,1.4844,3
-0.46361,1.4645,3.5481,-1.5195,1.2924,7.7315,10.876,0.083838,1
-0.18936,2.7098,7.0185,1.1573,5.4501,6.3496,2.9648,5.6561,2
-0.077643,-1.7374,2.9161,-1.0506,0.61564,5.2275,3.206,-1.149,1
3.344,-2.2894,1.0459,2.0648,5.007,-1.6356,-0.61319,3.9139,2
3.9467,2.24,7.2113,-3.5236,6.0575,0.38215,1.0743,6.1454,2
-2.2057,1.6449,-1.2747,0.033235,-0.31567,5.4086,-2.7361,-0.13341,3
-0.78035,1.6047,5.6127,3.0991,5.5422,-4.4082,-0.12426,6.6316,2
2.0301,-3.2508,3.8807,6.7735,4.5971,-0.73622,-5.1122,4.5412,2
4.372,-2.7399,4.0586,3.5122,1.7556,-2.1103,-4.3189,-0.078493,1
0.10565,-1.4968,-0.68036,0.48961,0.081807,3.214,-1.0744,-1.3999,1
-2.0783,-2.607,-1.1449,0.65452,-0.10063,-0.20233,-2.6316,1.3972,3
-0.76205,-2.1256,3.5543,1.8385,4.2923,5.3675,7.5293,0.097825,1
0.017207,-0.92987,-1.5273,1.5799,2.9083,-0.23493,-3.012,0.55972,1
-1.9667,-2.4133,-1.8003,1.0207,3.8576,-2.1124,-3.1548,-0.32912,1
-0.65295,-0.40536,0.45599,0.009747,4.7944,3.7703,-4.7923,5.9659,3
3.3774,3.8722,6.2745,5.8656,7.7273,8.2633,3.6936,4.8056,2
-2.9977,0.99308,1.5577,0.8167,-1.1274,3.7257,3.3039,2.6896,3
-2.6541,-1.0842,2.3135,4.6115,1.0436,3.356,3.2373,1.9151,3
7.2837,3.9272,6.8825,0.49074,0.15691,-0.77681,2.9732,2.8366,3
0.74712,0.98518,7.4389,-11.983,7.4586,4.7559,2.1549,7.6093,2
3.9703,1.842,0.66189,-0.59597,-1.4351,2.1234,3.4351,-0.97905,1
2.1447,1.1309,0.27031,-0.20187,-0.20497,1.9972,4.2001,-1.0083,3
2.8995,-0.6197,4.7367,-0.64468,0.72708,-3.4117,2.0286,0.000959,1
3.1347,1.2246,7.4221,4.8437,1.18,8.1865,4.4978,5.4772,2
-0.62643,-1.1342,2.2773,1.0029,-0.84822,9.4146,6.158,-0.11919,3
-2.5726,1.5954,0.397,0.72956,-0.26686,4.7776,3.3127,5.0862,1
-0.67847,-0.39812,-0.50084,0.86745,-0.094646,3.1385,2.9984,1.9429,1
-1.8071,-1.94,0.96674,1.3187,3.3446,-1.6355,0.1676,-0.98414,3
2.6853,3.7427,2.5865,3.3903,6.6949,10.648,-2.1361,7.9837,2
0.40739,1.5166,0.14869,-1.4292,-1.2726,-0.86316,3.7825,2.6842,1
2.1379,0.13467,5.3215,0.71442,5.058,-4.0219,0.84441,2.9438,2
0.8053,2.2416,7.0524,-6.6133,4.277,10.471,1.3351,4.0612,2
1.3029,-2.2565,6.9113,4.1356,6.1061,-0.26302,-3.814,3.6945,2
3.502,0.38441,6.0852,3.4527,7.5332,3.3692,-1.3483,4.8393,2
0.094741,-1.7094,2.2653,1.6071,0.43266,-0.55909,6.3966,3.0992,3
0.91763,-0.52106,0.39751,1.6283,-0.68713,-3.0915,0.2176,2.2956,3
-3.8777,-2.5752,1.7299,3.142,7.2373,8.2285,0.25201,3.642,2
1.5385,1.7329,-0.38314,0.81671,0.2423,-0.26198,1.6887,-0.6957,1
-1.3459,0.031215,7.0043,5.9978,7.3755,-0.53668,2.7174,4.6938,2
1.6533,2.4291,2.5415,5.1678,6.8978,8.0268,1.2387,6.7986,2
-2.5115,1.1092,-1.527,1.7721,-0.38852,4.8833,6.7891,0.34594,1
-2.5799,1.0826,-0.14597,3.0211,4.0586,-0.097088,-1.029,-1.3592,3
2.9331,-0.39253,6.2712,2.1054,5.2718,5.2219,-3.0934,5.1969,2
-0.09511,-2.3486,1.1933,3.4122,-0.32529,3.9714,3.1877,-1.3964,1
0.73885,3.2506,-0.22235,1.4341,0.40336,3.2258,1.2477,0.069423,3
2.61,0.79985,7.9537,3.7523,2.5786,6.8748,0.75889,6.8267,2
-2.3427,0.4806,-0.97829,-0.45134,5.2332,3.9082,-0.054175,3.436,1
-2.3644,-1.226,-1.5343,-1.3712,-1.7285,-4.3643,1.5185,-1.5485,1
-1.4418,4.5594,0.87024,1.9384,1.2712,0.53244,-3.147,2.1106,1
-2.1012,-2.3341,5.8448,-0.7247,3.5118,-0.53924,2.06,-0.90066,3
1.6892,2.0484,3.0084,1.1379,7.5798,1.3994,1.7234,5.9437,2
0.5125,2.3408,2.1624,-0.57803,-0.91787,-4.2653,-1.2907,6.3409,1
0.22075,-0.89059,-0.67987,-0.58038,5.3352,-2.6445,-3.3768,-0.15697,3
-0.26401,2.0323,-0.98201,3.6848,2.0549,4.0243,-1.9789,1.4417,3
-2.8808,-2.7854,1.7119,2.2839,2.5283,-3.3012,-2.717,2.5398,3
2.8325,3.5618,6.5564,-2.0003,5.3414,3.7419,2.1926,4.7282,2
-0.72232,-2.2382,2.6192,4.9045,6.1497,9.251,5.2798,7.6617,2
1.8119,1.3666,3.8884,-2.4537,6.074,6.0463,1.454,7.4811,2
-1.2178,-1.0754,1.1003,1.8307,-1.7065,0.90605,-1.5448,3.8362,3
2.8443,-0.049445,0.35374,1.1962,0.0852,-3.8101,-2.3312,4.1193,3
-0.95192,-1.5757,1.5245,2.1996,3.5558,-2.8442,7.5697,0.2241,3
-1.3127,-1.3398,-0.64467,0.50867,1.5173,-0.067391,0.55664,2.4729,3
-1.1347,1.1773,1.8207,0.23022,-0.661,-4.6265,1.6417,-0.055575,3
1.8197,0.19092,1.0727,0.43995,2.6506,9.0761,-3.6685,-0.025317,3
1.5206,0.91134,3.0184,4.5208,-0.72118,-0.74865,0.84713,3.824,3
-0.82424,0.73813,1.229,3.5673,-0.67042,-1.2764,1.3995,2.1092,1
-0.43318,1.0303,5.4948,6.0132,5.0086,6.4368,2.1332,3.9151,2
3.2379,-1.6869,-0.33985,0.48024,-1.8023,1.627,1.0794,4.0758,1
3.8586,1.4527,0.92928,-1.7743,1.5393,-0.18485,-2.5708,1.4759,3
0.45736,-0.79116,-0.84505,-0.37991,1.7569,-1.4604,1.1177,0.49377,1
3.4198,2.2314,6.9568,6.453,2.1637,5.1084,0.32184,5.8221,2
-0.44943,-0.64029,0.51039,-0.63741,-1.353,2.7214,-4.1311,-1.1992,1
-0.6703,0.70603,4.6287,1.6954,1.987,-1.5343,-2.3564,-0.6115,1
0.74603,-1.3625,-0.51167,0.16003,-1.225,-2.9425,-2.3507,-0.26403,3
-1.5358,0.83914,6.2742,4.5035,6.8492,7.6618,0.29713,6.1308,2
4.3227,-0.79704,-0.73876,0.32556,0.34761,-0.45237,0.16426,0.39271,1
0.73026,-0.96383,1.7262,4.5394,-1.5415,-1.5298,3.6413,1.9814,1
3.2762,1.8758,7.1332,4.3395,1.4791,8.2003,4.004,4.3582,2
0.56627,-2.5793,3.4534,0.4957,1.9245,1.6612,0.59605,-0.10361,1
1.5126,1.3022,6.4107,2.1644,5.0306,4.6944,-0.94273,4.7003,2
-1.0398,-0.33053,-1.1782,3.0481,-0.9599,-1.3463,7.4791,2.2026,1
6.4307,0.65602,3.5632,0.16552,1.395,6.7283,-2.3296,1.1572,1
-1.7566,1.1811,-1.2858,0.07175,3.5692,-4.3626,11.503,-0.46081,3
4.7525,0.92118,-1.413,4.1159,1.3261,-2.5533,6.5985,-0.034071,1
-0.47425,-0.033792,0.92835,3.7827,1.8618,2.9034,0.76355,-1.6276,3
-2.4275,-1.6546,-1.07,-1.3073,0.70229,0.29696,0.69308,2.1511,1
0.7447,-1.3056,0.93756,-2.0141,4.7649,8.8131,6.7431,0.10489,1
-1.8967,1.4863,9.931,-0.52369,-0.51486,-3.9095,-4.5258,2.5834,3
-1.3461,-1.5337,1.2153,2.1713,0.55268,3.339,0.80561,-1.0502,1
0.18321,-2.602,-1.2887,5.1851,-0.59539,15.983,2.4601,-1.8503,3
-1.4164,-0.074162,1.0242,-0.038194,-1.3509,4.0188,-1.6891,0.82881,3
1.415,3.0446,3.665,-1.6022,2.1117,-2.2582,-0.14361,6.2942,1
2.1052,-0.78438,2.1295,-0.9915,4.1724,6.086,5.6158,1.739,3
7.4334,0.97142,-0.55825,0.39911,2.4018,9.2097,-0.4164,4.2905,3
1.5682,-1.4022,3.0981,-1.5174,2.7262,5.4793,3.6207,3.2178,2
1.78,-1.5948,-0.55686,1.5367,-0.61836,-0.2065,-2.0184,0.22902,1
0.59948,2.0619,4.8694,-4.3146,2.9379,10.66,4.0884,6.9314,2
2.7096,-2.1897,0.097775,1.2663,-0.41771,-1.6705,-1.0745,-1.4466,1
0.8134,-0.94731,4.6238,0.015458,0.8138,-4.487,2.9289,1.7027,1
-1.1681,-0.83064,3.6535,0.65237,5.9881,8.3607,-1.0647,2.5008,3
2.2929,1.0493,6.2459,-1.376,3.4722,8.3144,1.3438,7.9258,2
-1.7249,2.1679,3.5155,-7.1291,7.5259,6.6791,4.6083,5.2706,2
-1.1125,2.3252,7.2552,0.90399,-0.48223,4.564,-1.9921,1.0225,3
1.3042,4.7159,4.1357,1.2304,1.3306,-4.5139,1.4612,1.4441,3
2.9968,-0.28458,5.2042,-2.4038,5.1022,-1.4887,1.0719,2.7448,2
-1.3123,1.1209,3.2977,-0.14595,0.86643,-3.9962,-1.0661,0.89693,3
0.020362,-0.34982,-1.1918,5.6882,0.72054,-2.4991,-3.0648,0.49333,3
-2.0165,2.009,0.531,0.42221,3.244,6.1409,-0.29537,0.000533,1
-2.7874,1.0979,0.95746,2.0804,-1.104,1.9268,-2.3852,-1.8928,1
-1.2352,-1.4497,5.4917,5.4237,1.5931,1.0513,2.0277,-1.7057,2
-3.4301,-0.94248,7.3933,4.1509,3.9427,6.0802,-3.7926,6.6842,2
4.5447,1.5147,5.8271,2.0969,3.086,-3.7999,2.0924,3.6951,1
-1.4414,4.2061,-0.21477,1.0435,2.8448,2.0567,1.525,5.0863,3
-1.2759,-0.98857,-1.227,0.2513,-1.3673,-1.0979,2.6049,-1.9179,1
-0.34536,-0.047927,-0.4286,1.5284,1.3867,1.6164,-1.0305,3.3759,1
0.45532,-2.8959,-0.52374,2.2204,3.5993,2.4251,-2.6125,-0.016091,1
0.23008,-0.95298,0.63435,-0.14508,-1.8555,4.5097,-4.6734,-1.8757,1
3.7657,-0.9448,2.9891,-1.1803,-1.308,4.0808,6.0955,0.99552,3
3.051,-0.85235,5.2914,0.17272,2.07,0.070875,-2.328,0.53056,1
1.452,0.1338,-0.85856,1.2778,2.1697,2.7021,-4.0448,-0.9256,3
-2.5751,2.0166,5.568,1.4518,-1.0683,10.082,3.5391,0.31745,1
-5.6689,3.0882,7.2743,-0.835,4.8326,5.7696,-1.4713,6.7689,2
0.21439,-0.58666,6.9687,-2.3404,5.2851,8.2216,-0.24933,5.9652,2
2.7724,1.923,6.4685,4.8015,3.5384,9.6642,1.4426,7.394,2
1.8776,0.9505,5.7068,1.9646,4.6973,1.1994,2.1261,1.5714,2
1.2361,-3.0987,7.309,1.1438,6.7426,10.548,2.078,6.4915,2
0.79209,-0.37057,4.9746,-1.1145,1.9909,-1.3264,-2.0142,0.94607,3
-1.3151,-1.4809,1.2275,1.6235,-1.3965,5.1376,1.0478,0.1293,1
1.9679,2.7028,3.5986,3.3629,5.9934,1.7996,4.1088,-0.02779,2
1.5058,2.0565,2.3433,3.1411,-0.31892,2.3977,-1.5165,-0.3545,3
2.2073,1.1265,6.1912,3.8937,7.6999,8.4237,2.7551,6.5181,2
-0.70442,0.79689,5.7566,0.44606,5.9473,1.2811,1.4439,4.0579,2
-1.9051,1.3142,-0.54754,0.76277,0.9696,-3.2198,10.127,-0.49072,1
-1.0901,0.98031,6.3338,-2.2542,6.8374,6.1367,1.1716,4.7958,2
3.4825,0.27116,7.2597,-5.7646,6.1865,5.692,-3.6203,5.5731,2
1.6827,3.0317,1.4421,0.98177,0.74881,-2.0191,6.0183,-0.66132,1
-2.3727,4.9762,0.39831,6.5791,-1.1816,-3.2655,-3.1771,1.9972,3
-1.0696,2.9822,5.7935,0.36862,4.4177,1.5276,-3.7968,5.409,2
-1.5196,2.5817,1.3341,1.7889,-1.1378,8.4939,6.4173,1.5601,1
2.9859,-2.0759,4.2323,1.884,0.46686,-1.8134,-3.8921,6.1805,3
2.1217,0.31269,4.3687,1.2674,6.7322,10.449,2.6282,3.4685,2
-1.6568,-1.8925,-0.013967,-1.5624,1.6354,5.9112,-0.88435,2.3798,1
0.7124,-1.2028,1.5823,3.4816,-0.82644,-3.4685,-4.1728,-0.75403,3
1.1689,2.9331,3.7827,0.23731,6.9014,0.033453,-0.371,4.8085,2
-1.2233,-0.89121,1.192,-0.43482,-1.8111,2.3923,0.70899,0.96061,3
0.68832,-1.5286,2.3917,-1.6084,4.7626,0.22141,-3.5865,0.28172,3
2.3089,7.0938,-1.2132,-0.75735,0.37257,0.99826,0.68189,-0.13369,1
-3.225,-1.1967,7.2886,3.0978,1.5802,6.1208,-4.9873,5.7696,2
-0.77886,1.8719,-0.035197,0.2717,3.7508,-3.1615,1.5946,-0.32341,1
1.129,2.3571,-0.34797,3.6025,1.0914,1.8741,-4.3601,2.2026,3
2.1813,1.7802,6.6355,3.9567,5.1629,7.3302,3.8493,2.3872,2
0.37265,-2.0661,-1.0422,-0.95197,2.4244,-0.87611,-2.8433,-1.0678,1
-2.7694,6.9422,3.0086,1.8191,4.3459,2.9872,-1.8402,-1.2256,3
0.21367,0.1265,-0.42382,-0.38041,0.66665,4.7976,0.84951,-1.2837,3
3.1117,1.2181,-0.77102,1.9826,-0.74213,-1.1893,-0.23587,1.6251,1
-2.2164,-1.7659,-1.7436,-0.11342,-1.6373,9.8803,-0.10577,2.7825,1
0.81391,-0.74441,0.33293,0.51954,-1.435,2.8618,-5.0048,-0.88831,3
-0.95942,-1.4458,-0.70412,0.1993,1.1077,0.73682,5.4838,-0.37666,1
2.5185,-0.34389,3.8398,4.9044,7.14,10.575,-1.2583,7.8768,2
2.5563,0.67312,7.1767,0.055884,1.2807,8.4797,-0.11227,4.0194,2
-0.95404,-2.472,-0.66786,6.3062,1.7542,-3.4599,-2.0513,2.8214,1
2.6909,-0.004933,-1.2559,6.2455,-0.056387,-2.1019,2.1672,0.79381,3
1.2703,-0.71497,0.89976,5.7298,0.33668,-0.084969,3.5891,-0.16415,3
0.465,-0.40457,-0.88882,-0.63363,0.57527,-1.7406,2.8198,4.413,1
-1.2877,3.1551,-0.17887,1.0747,1.9348,-3.6848,1.2349,-1.8378,1
0.66043,1.1758,6.2411,5.0729,5.2499,-4.3543,2.5376,5.6824,2
-1.8188,1.24,1.3199,-0.75671,-0.88599,3.0488,-0.97906,0.7205,3
0.6442,-1.6021,4.4385,3.7924,0.09617,5.0133,1.4161,0.066796,2
2.1283,-0.28781,0.6579,3.6416,0.86506,-3.7557,-2.7557,0.17371,3
5.1874,-2.0486,1.5103,-1.0138,4.3797,-0.89963,3.3505,2.3982,1
-2.0307,0.59552,-1.119,-0.019386,-0.40241,4.705,4.7625,1.5952,3
-2.7039,4.9062,0.56189,-0.077154,0.19088,-3.3525,1.2734,-0.71385,1
2.9565,0.54826,6.5556,5.6796,5.3883,9.8467,-2.5997,5.5013,2
0.059834,1.3346,1.0738,-0.61469,-1.1519,-1.7613,0.4712,2.119,3
-2.4926,-2.5378,0.82122,3.631,1.4771,-2.5484,-0.32987,0.38946,1
-1.3807,-1.2861,0.13841,0.32501,0.31646,0.077524,-1.7072,3.8852,3
3.2168,2.6001,5.3801,3.3524,5.18,9.6595,4.5979,6.4374,2
2.3584,-0.16052,7.6158,-1.7396,6.0125,8.5605,0.70095,7.482,2
-2.4024,1.762,3.6756,-7.7738,3.1605,8.5453,0.28959,6.009,2
-0.45818,0.35269,-1.1866,-0.49584,1.4875,-4.2876,-0.9941,4.1556,3
-0.16142,1.1641,6.5484,-2.3988,4.0957,-1.5212,4.2175,2.8339,2
2.3264,2.1268,0.49249,2.6309,-0.48503,-2.717,3.5505,-1.5726,1
0.27764,-1.7895,-0.61545,-0.44514,0.99288,0.51964,4.0839,0.24907,1
-2.8191,-1.6782,0.796,0.76911,-0.39542,-0.21618,2.5376,0.35736,3
-2.4368,-2.208,1.4577,0.38706,1.5186,-2.0987,-1.4965,2.333,3
-1.1644,2.0539,5.071,-6.9415,2.1219,5.6626,4.5069,4.6501,2
-0.58656,0.50773,1.5857,0.082174,0.10309,0.83916,-0.63975,3.9716,3
-6.4876,0.50185,4.7344,4.2342,6.6756,-0.87209,-1.1444,6.1418,2
-1.0737,3.2364,-1.0765,-0.89627,-0.13672,-0.15488,-1.0336,3.6982,1
-1.0455,-1.9607,2.7079,-1.1173,1.3878,2.2217,3.0776,1.9533,3
0.17415,-0.14794,0.69892,-1.3804,2.9037,-0.21241,0.89248,1.2214,1
-1.3104,0.96185,1.2348,-1.1986,-0.002725,4.3309,-3.1596,-1.6356,1
-1.7565,-0.60713,-1.1237,-0.053121,-0.51831,0.35092,-1.8095,0.87913,3
0.27366,-0.87238,1.5176,1.0571,0.83814,-4.539,-3.0046,0.69195,3
-2.8113,2.5435,6.6152,-0.048667,7.6475,5.6866,1.5314,2.987,2
0.37077,2.4685,2.9035,-5.6638,0.16751,4.8768,4.53,3.1148,2
0.32294,0.36871,6.1116,1.94,4.7937,8.9092,4.6492,4.3349,2
7.1231,0.5168,-1.2911,1.5588,0.40831,-1.8693,0.74909,2.0846,3
1.2249,-0.41207,7.0075,-4.0255,3.3386,2.5201,1.4257,4.6814,2
-0.81193,0.22407,1.9375,-1.1892,-0.16529,2.7405,-3.1722,0.98788,1
1.1311,0.45221,5.921,5.4356,1.5698,6.5773,4.4395,5.8696,2
2.759,1.8632,-0.61645,3.7882,5.2729,3.5456,-0.8653,5.7207,2
-2.1956,-1.5495,0.32082,1.1366,0.80231,-1.3783,3.6203,0.87227,1
-0.052556,-0.62201,1.683,0.79703,0.72577,-2.6983,1.0646,-1.1785,1
-1.5547,-0.95886,-1.3542,2.0442,-0.90506,-1.9263,-2.6352,-1.475,3
-0.1003,-2.6313,7.1981,-1.8166,4.8726,8.0574,4.39,5.3906,2
-1.4067,-0.10335,1.2614,-1.4465,2.5773,-2.6684,2.9323,-0.29792,3
3.5901,-2.8572,0.9078,-1.1787,2.6,3.718,0.83615,0.10617,1
-0.97079,0.19257,1.9758,-0.4856,-0.24365,-1.4206,-0.84121,-1.5493,3
0.58184,-2.6993,2.9271,-1.8271,0.73508,0.48849,-2.9243,1.8227,1
-2.2213,2.5593,5.88,1.9178,6.2647,5.7925,-1.1835,6.2882,2
-2.1299,-2.0813,2.8885,1.3288,1.0665,3.2488,-2.855,1.2127,1
0.97855,-1.0986,-1.5845,0.45099,2.8198,0.86748,-0.82905,0.73467,3
-1.6821,-1.16,1.719,-0.68836,2.8138,3.0167,0.8291,2.3727,3
0.45751,0.1535,-1.3117,0.57328,1.07,-3.7324,-0.44571,-1.5667,1
-1.5486,-0.17223,6.7218,3.614,4.5413,-0.11934,-2.504,2.7409,2
1.0889,-1.2579,6.8398,1.4098,2.1497,7.7786,1.9864,7.8317,2
0.71281,2.0063,0.33534,0.88899,7.682,8.051,1.9861,5.907,2
0.7137,0.75255,3.1338,2.3115,7.5146,10.128,3.9964,6.4934,2
2.8045,1.0158,6.3072,-0.56956,5.107,8.8907,3.1869,6.9316,2
0.23345,-1.2708,6.5822,1.9872,0.49106,9.1112,3.7904,4.2345,2
0.47486,-0.49111,-0.89575,0.75454,0.73494,0.77716,-1.0349,1.0894,1
0.23571,7.0322,0.91751,-0.86909,0.37026,2.7224,3.0389,0.39121,3
-1.2155,-1.9773,1.4456,5.0271,1.7932,-2.6961,4.9165,-0.5071,3
-0.74927,1.9385,-1.5226,0.84474,4.5274,-2.7778,-3.0076,-1.4106,3
2.5564,0.021975,-0.39697,-1.6521,-0.95481,-3.4793,-0.081533,1.158,3
1.7571,0.077114,4.5212,3.3731,6.5765,5.3364,0.20021,5.3518,2
-1.205,-0.98862,1.2624,3.9832,2.0478,-1.2692,7.1492,2.0805,3
0.47655,-0.13784,3.2863,3.6652,2.0058,2.1759,-5.1959,6.9101,2
-1.3881,-1.6922,-0.18588,1.8452,6.9885,9.5833,-2.7753,3.1117,1
-1.4673,-2.5653,-1.1834,-0.67827,0.55593,-0.98889,-1.0965,1.5549,1
0.84891,1.196,0.54024,-0.14577,2.5036,4.9067,0.9359,0.65441,1
2.9984,3.1317,5.4723,1.1438,6.7058,-9.1088,1.7742,7.4035,2
0.58136,3.0824,6.5118,4.8632,5.9244,3.6361,-1.3278,5.6967,2
2.0765,2.62,-0.035912,1.8257,6.3527,4.9843,3.3042,6.8418,2
1.7262,-2.3339,-0.56876,2.0746,0.50673,1.9897,8.0904,-1.7774,1
-0.030048,2.2642,4.214,4.5414,5.6959,6.8531,0.64277,6.5347,2
-0.60869,1.3418,-1.4516,1.0263,5.2739,2.0269,5.5278,2.8417,3
-4.154,-1.2001,4.8558,-0.078605,6.2356,4.6189,-3.3528,7.0809,2
-0.97921,0.96547,1.8536,2.4664,7.6847,6.3872,3.7709,1.6997,2
3.8493,3.0994,3.976,0.78496,6.1816,6.5932,2.7235,6.5043,2
1.9221,3.0631,2.3843,4.1484,1.0105,4.694,3.4476,3.6586,2
0.24773,2.9784,-1.6681,2.5705,3.2414,-2.3087,-3.6578,1.9911,1
2.0649,1.0019,6.9997,3.0188,1.1243,6.2247,1.2127,1.8538,2
2.8987,-0.65827,-1.3907,-0.40694,0.45302,-3.3414,1.4942,-0.78412,1
-1.8358,-0.67041,0.20895,-1.8899,-0.068778,-0.66701,-0.35659,-1.6423,3
-2.3805,-1.9932,-0.29738,3.009,3.3469,6.1474,4.2997,1.3306,3
-0.49454,2.3117,4.7211,-2.7304,4.037,-0.73592,1.9752,2.8308,2
3.3302,-1.5194,5.4191,0.2391,6.0241,0.26007,-0.47997,4.9084,2
-1.5407,2.8626,1.6157,2.9062,0.79818,-3.5242,0.5671,2.2815,3
-1.0121,0.32859,-1.8376,-1.8355,3.8527,-0.9938,1.6297,-0.17376,1
0.82904,-0.45485,7.233,-5.3302,5.8145,-0.94466,4.6591,4.8337,2
2.5129,-2.5277,4.261,2.8219,0.72449,-0.74711,2.3614,2.4867,1
-1.1,-1.4913,-0.80041,-0.10817,-0.62311,6.1414,4.2765,-0.39081,3
-1.0718,-0.9555,-0.87542,-0.38828,-0.53915,1.8015,-0.19,-0.43622,3
-3.0624,1.7047,6.5242,-2.4126,7.1851,8.8121,-1.7334,6.8944,2
2.2404,0.2034,7.272,-1.0977,4.9394,8.3426,4.6496,7.4543,2
-2.7614,-1.6133,1.5133,1.5879,2.2388,-4.758,8.2744,0.20085,3
-2.0716,-1.8523,2.7852,0.89676,4.0472,3.1736,-0.085973,3.3785,3
2.9415,2.0776,5.0865,-1.3066,3.3287,3.26,1.7094,7.4208,2
0.45837,2.2293,7.4599,-0.11602,4.3711,2.4725,3.3839,6.168,2
3.323,3.3622,1.2558,0.20889,-0.41302,2.9177,-2.7893,-0.98473,1
-1.3164,-2.4065,1.3997,1.9576,1.4869,-3.7687,0.27919,0.24795,3
-1.0698,-0.77609,-1.6224,0.10421,1.8391,-0.67736,8.1487,-1.1351,1
-1.6859,-0.22543,0.006052,-0.74411,3.7894,0.40373,3.2413,-0.45646,1
-0.28201,-3.8899,4.5859,6.0976,7.0409,8.4919,1.1723,-1.2156,2
3.0954,1.2623,5.7109,4.7112,4.2691,7.7939,-2.3275,6.8464,2
3.8014,-0.70056,-0.32876,-1.0579,-0.63176,2.5505,3.9841,-0.86803,3
3.0302,3.0321,6.6959,1.7742,3.969,4.5813,-3.005,5.7104,2
2.0296,1.0503,-1.1524,0.038803,3.3402,2.4203,-3.1469,-0.067104,3
-1.0349,-0.11455,1.0657,4.7899,1.7706,6.9844,-1.909,-0.66845,1
-0.38884,0.62711,2.0861,1.2899,4.118,4.9322,-0.44692,1.9715,3
0.67546,0.58385,-0.58036,1.1117,3.019,2.7976,-1.9624,1.431,3
2.1211,0.45782,-1.0617,2.3606,-1.3956,3.192,3.8267,1.103,1
-2.725,-0.69724,1.6268,-1.0056,0.89284,0.019726,2.0259,-1.1179,3
2.1398,0.80391,2.1738,1.8305,-1.1524,2.3747,-0.076923,4.717,3
0.60639,-1.8018,1.4045,0.45707,-0.20121,3.5023,2.6758,-0.98005,3
-0.07479,1.0397,1.8713,-1.4444,2.0794,3.8731,-4.4147,3.1092,3
1.7364,3.5511,7.6167,6.4277,6.8034,7.4132,3.9836,6.839,2
-1.4969,1.1615,-1.1864,1.4057,-0.55993,-1.6562,-4.163,-1.309,3
-2.669,-1.2257,-1.0418,1.9412,3.769,-1.8897,-1.3701,1.4987,3
0.24637,-0.078913,1.9314,-0.90252,2.3679,11.434,2.7177,0.27338,1
-0.76367,-2.5101,1.0567,1.609,1.6747,-0.42013,-4.8069,0.28229,3
1.081,0.22834,1.9866,-0.49119,-0.38235,-4.0927,-4.3789,-1.2092,1
0.086801,1.9766,7.4134,-1.7451,5.0297,5.7979,-4.6415,0.93041,2
0.70222,2.3311,6.3009,4.4568,3.558,7.3687,4.4043,7.9114,2
1.1892,-3.1478,6.8349,5.6542,5.5829,1.8299,2.5984,3.8197,2
-0.94662,3.3814,6.6109,-1.0134,2.7632,6.211,2.3035,-0.72824,3
-2.0159,0.75788,-1.0815,2.0956,-1.8405,3.5519,-1.1944,2.4876,3
2.1418,-1.4646,4.5024,5.5441,6.4896,4.1045,0.46168,6.9943,2
3.5963,0.93162,3.2694,3.9885,5.505,8.1939,-5.3914,5.7718,2
2.6565,-0.30672,0.8313,0.82769,-0.18398,-0.89499,-4.1221,-1.0901,1
-0.89507,0.24995,1.8201,4.4395,-1.3546,-2.1259,1.0096,-1.8755,1
0.1333,-0.34305,-1.2995,1.0723,1.0268,3.2218,0.63451,-0.88962,3
-1.6348,0.82118,1.042,4.0594,5.4988,8.5171,1.1576,3.5398,1
-0.59147,-2.3112,6.5927,-0.19487,-1.7218,4.7827,-1.9069,-0.18287,3
0.74859,1.8533,5.7062,2.8966,4.3978,-0.7124,4.2896,7.2063,2
1.2443,-0.9604,-0.42355,0.37998,-0.203,-0.41191,-0.5235,2.9813,1
1.8899,-0.5018,1.5226,0.32646,0.93405,-2.8002,-2.9338,-1.6874,1
1.1638,0.50294,6.4065,4.7143,7.1088,7.8948,2.1837,7.3844,2
-2.0325,3.6781,4.8031,3.139,4.3013,0.65234,-1.2553,7.3107,2
0.46838,-2.1188,1.9125,4.2805,4.0643,0.84801,-2.3399,0.93469,1
-2.1229,-1.9248,2.7931,-1.8187,-0.12918,0.78654,-3.0139,1.2979,1
1.5465,5.4346,1.699,-0.89245,4.6479,2.379,-2.5192,4.8738,3
1.8795,-0.58945,-1.779,-0.71812,1.7101,-3.736,-2.5315,1.1298,1
1.8715,0.46072,5.2669,1.8078,3.6222,-0.93843,1.4876,3.4322,2
2.7814,1.5308,5.8282,-0.03937,6.6346,8.7061,3.2267,6.2221,2
0.89843,0.022265,2.4665,0.13424,-0.92329,0.21397,4.4236,1.8091,3
-2.573,2.4516,3.1397,4.2444,6.1848,7.8691,-1.1777,5.7285,2
2.6956,4.1352,-1.3554,2.2522,-0.76842,2.0855,-1.1825,2.9735,3
1.2703,-0.71497,0.89976,5.7298,0.33668,-0.084969,3.5891,-0.16415,1
-2.2418,-0.18367,0.36964,-0.91898,0.41662,2.7927,0.52411,2.1374,1
1.5556,3.1074,3.522,3.0319,3.3382,1.4558,-1.1885,-0.043571,1
3.753,0.76375,3.7072,0.24514,2.5721,8.2468,0.40685,-0.2501,1
3.0793,0.60517,2.9712,-13.866,5.873,2.4571,2.3971,3.2468,2
-0.89219,1.25,6.97,1.5331,2.1337,10.297,-2.1316,6.0035,2
1.3588,-0.98418,5.3019,-0.76845,-0.88799,2.5439,-1.3743,0.9972,3
1.5624,2.8895,6.6111,4.6351,5.1651,8.396,4.3863,1.2173,2
5.7356,-1.2946,-0.22347,0.036556,-0.046965,1.6306,-3.7409,1.3554,1
1.0517,-0.46088,-0.26951,1.978,-1.1388,1.7976,0.68967,9.1911,1
2.6201,-2.2433,3.8569,-0.39922,-1.5725,-1.8688,9.3334,-0.64906,3
-1.3459,1.0521,1.4402,5.0156,2.2126,-4.7296,-1.5987,-0.42533,1
1.6704,-0.67111,1.0382,-0.10928,-1.3898,-0.59793,-4.1685,0.55997,1
0.49148,1.5626,7.4065,5.316,5.891,2.4374,4.2025,6.2894,2
-1.2864,-2.869,0.50378,3.1946,0.57071,5.9432,5.6193,0.46586,3
3.5956,-1.9999,0.23523,3.432,3.1094,-1.5414,12.192,0.54488,3
-2.0153,-1.4551,-1.4707,-1.3656,1.3635,4.7632,-2.3848,1.2501,1
0.048435,-1.3125,0.027617,0.51056,4.0671,2.5435,0.85346,0.11599,1
2.8102,-2.4105,6.743,0.25135,6.5306,4.8107,4.0302,3.5025,2
-1.9041,-0.16349,-0.047802,0.14214,1.6507,-3.9999,-1.1114,-0.99169,3
-2.5367,-0.36776,-1.9364,-0.69641,1.3819,1.074,4.7644,0.005026,3
2.2631,-0.14052,6.1923,-0.12137,5.7693,6.2138,2.3852,5.7552,2
2.8285,1.7254,6.4684,-12.844,3.9809,6.4817,1.4386,6.9702,2
1.0462,3.68,5.3166,-1.4479,7.3379,7.0761,1.9346,6.0833,2
-1.0239,6.2169,-0.76952,1.1739,-0.057437,-4.4733,6.126,3.7167,3
-2.1572,-0.56425,0.90831,0.50614,4.4324,-1.0084,-2.4028,-1.3717,3
-0.97776,3.7124,4.7544,-2.1427,4.86,1.7384,2.9317,4.7947,2
-0.77015,-1.7552,-0.53427,0.96788,-0.63466,1.0652,6.3376,0.16586,1
1.2217,2.5695,6.6978,4.0465,5.3078,3.5901,2.5192,3.7039,2
3.289,3.4638,-2.9298,2.3182,6.7403,10.555,4.6535,7.636,2
2.332,-1.3604,-0.03538,0.83124,3.9138,-4.3112,-3.381,-0.7748,1
-0.67424,-0.55378,3.2481,2.9195,-1.9129,2.3031,4.862,-1.3389,1
0.21263,-1.9098,1.6911,1.6402,1.5106,7.2403,1.1553,0.83725,1
0.76252,-1.9715,1.9008,2.0982,5.1983,-4.0372,-1.3022,0.35094,1
3.7797,0.74852,1.0656,2.1093,-0.19416,-4.4409,10.529,-0.17863,1
0.037232,0.8841,5.5534,2.4689,3.7942,-4.7388,1.6237,3.0496,2
1.4969,-2.7948,0.62353,3.9534,-1.2293,0.50424,6.3052,-0.1162,1
2.0953,0.3553,-0.89172,0.42737,-1.2051,8.2946,7.99,-1.6491,3
1.4014,0.4653,4.031,-0.48823,7.1169,7.7569,-1.1115,5.6517,2
1.0198,1.1459,7.8003,-0.76512,6.5707,2.7678,0.5286,5.2229,2
-2.2041,5.2292,-0.89401,-1.8504,-0.008851,2.2506,-3.351,-0.29118,1
-1.7539,-2.1194,-0.30673,3.8533,-0.27052,-2.0828,3.3906,0.069547,3
-1.8746,1.0841,-1.297,1.8225,0.65331,-2.6119,1.0805,0.93254,1
2.1471,-1.7164,4.9544,6.1641,2.4793,10.208,-0.14797,7.4415,2
-6.6386,-7.2035,2.6577,3.6089,6.3763,7.6857,3.3991,1.8177,2
-1.0275,-2.2695,1.7749,-0.36853,-0.79905,13.659,5.7014,0.70227,3
4.4438,1.5962,-1.0781,2.343,-0.32413,-4.2159,3.7024,-0.91049,1
-2.0901,3.8874,7.6494,6.0089,6.2943,6.1037,-1.1209,7.5049,2
-0.94505,-0.70818,2.1262,-1.1892,-1.8892,5.1153,0.14612,-1.1668,3
-1.0891,1.3338,5.1072,4.557,2.8003,0.95594,0.26108,3.108,2
1.2791,-1.0152,2.298,0.54892,7.705,-2.576,-4.0203,2.0403,1
0.50781,-2.0338,2.4967,3.7527,1.217,-0.89655,2.6115,3.445,3
0.64679,-1.8869,-0.51356,0.88426,0.66466,-0.64167,-4.4844,0.21186,1
0.55316,-1.744,2.2912,2.4317,-0.44839,-1.7742,-2.6663,1.097,3
3.0803,3.4538,3.9052,-0.71833,1.6413,4.3003,0.8683,6.4995,2
2.3344,1.3851,2.1843,-0.81383,2.1735,7.1572,-0.36713,7.2866,2
1.2443,-0.9604,-0.42355,0.37998,-0.203,-0.41191,-0.5235,2.9813,3
-1.692,-5.4318,4.599,2.547,3.539,5.9342,4.5431,4.657,2
1.8081,-2.6158,3.5504,-1.7549,0.73961,0.22153,2.7598,-0.37294,3
0.54836,1.1022,6.9522,-12.981,3.9293,10.88,4.0755,2.5213,2
-2.457,-1.9881,2.0518,0.50419,4.2784,1.1906,3.8069,1.4192,1
-2.2075,0.59085,-0.71399,-0.14674,0.42599,-0.33721,5.5846,2.3914,3
1.0458,-2.0639,-0.44988,-0.33156,5.2207,-1.7058,-0.82258,-0.65574,3
4.4573,-0.22001,4.8144,0.48043,0.2083,3.1998,1.1892,-1.8257,3
-0.83244,-1.2027,0.89073,-1.0081,-0.96393,4.3099,-3.5999,2.4125,3
-0.68693,0.13895,-0.22415,-0.36244,-0.11596,-2.1364,-2.1573,4.0496,3
0.80138,0.65012,1.3122,-0.37605,3.2408,0.59264,0.91133,2.2279,1
2.8451,1.1945,2.7978,0.14377,0.61746,8.5302,-2.5373,-0.075386,1
0.57457,0.80192,7.6536,3.096,1.3999,7.2888,4.0221,3.5449,2
0.72047,3.0157,-1.0426,-0.65352,0.08366,2.511,-1.7931,-1.0715,1
0.70384,0.3003,4.8147,-1.6435,2.2576,4.5374,-1.3929,4.4307,2
1.452,0.1338,-0.85856,1.2778,2.1697,2.7021,-4.0448,-0.9256,1
0.32693,4.159,0.40551,1.6841,-1.4194,-2.2636,12.589,-0.77714,3
7.0794,3.8218,0.85403,-0.10838,1.533,-3.1382,2.0148,2.1542,3
-1.9772,-0.82215,1.7682,0.74213,-1.38,2.2357,-0.16223,-1.2984,1
1.62,0.222,3.6332,-0.010523,4.2665,3.6349,-0.27662,6.5056,2
7.2812,-0.50952,0.037295,0.60766,1.1894,-0.30584,-2.8753,-0.37786,3
1.6008,-1.4569,2.1618,-0.10457,1.8812,-1.2707,4.0668,2.396,1
1.0028,3.0337,7.6775,-2.7715,6.3261,-3.7411,2.9295,3.1733,2
2.0594,0.54098,3.001,-0.28442,7.0545,3.2014,1.4388,1.7264,2
-0.11249,0.99948,5.729,4.1254,6.3767,6.355,4.1598,6.6876,2
3.9716,3.7651,0.61237,0.14815,-0.052726,-1.814,-4.164,2.2217,1
-1.0617,0.046721,0.39522,1.6584,0.83068,11.811,-0.205,1.8041,3
3.3032,0.89566,7.0661,-2.2787,5.5635,6.7821,4.0966,5.8578,2
2.6696,-1.0984,4.2392,6.2973,2.3708,2.7072,1.34,6.2793,2
-0.53056,3.4695,3.9259,-0.10316,-0.40172,-0.70877,6.5442,0.035445,1
1.4227,2.2456,5.8647,-3.7853,4.0917,3.022,3.8858,1.0901,2
-2.0906,1.2038,0.84886,1.7217,1.0655,-1.1708,-2.412,7.4731,3
1.1969,-1.0776,1.5506,0.4033,0.87455,-0.75071,0.47782,-1.4129,1
0.5858,2.8594,5.7571,6.4314,-0.0125,10.646,4.9216,4.8653,2
-1.3205,0.91203,1.236,2.3057,-0.27681,4.5928,-0.85402,1.1943,3
-2.8836,2.413,1.6624,1.6261,1.0158,-4.3443,1.1198,1.7246,3
2.1247,1.9152,-1.7715,-1.1789,-0.19788,-2.7242,0.047274,-1.8668,3
-1.2241,-1.8673,1.1652,-0.98258,-0.41862,2.1821,3.3377,-1.347,1
2.3722,0.89447,1.3679,2.0945,1.9962,2.5535,2.991,1.9164,2
0.4961,-1.4197,-1.1388,-0.70608,-0.07543,5.8876,-2.7786,-0.58124,1
1.2798,-4.9458,5.542,5.8962,1.0017,3.8539,-8.4585,6.5959,2
0.63356,-0.57894,0.5971,-0.69135,-1.138,-3.6193,6.4558,1.1089,3
1.4237,-0.36095,7.0934,1.7155,4.684,8.1511,3.6928,3.3058,2
0.49835,-1.0284,0.35727,-1.6045,1.0467,-3.2856,7.5482,1.7397,1
-2.9866,2.03,1.5913,-1.0414,0.77176,-2.1914,-0.96415,1.6152,1
0.50192,-0.095715,3.2589,-1.9035,2.8678,12.994,-1.8572,2.3778,3
1.7006,-0.63318,1.0059,-1.2755,1.4792,-0.54007,-1.0212,-1.3664,3
0.72296,2.7359,3.5889,5.9213,4.7269,3.2698,2.0505,5.3549,2
0.77198,0.55807,-1.0706,0.20434,1.758,10.739,3.9581,0.87599,1
-1.5896,-1.6161,-0.12432,4.0636,5.7164,6.6434,14.839,1.834,3
-0.30177,-1.5866,-0.90661,2.1507,3.7888,2.3446,3.2269,-1.7738,1
1.5121,-2.62,-0.34071,-1.231,1.894,-2.6937,-0.77915,1.3597,1
6.1192,0.85462,2.6912,-0.92102,1.7603,2.177,8.0127,2.845,3
2.518,-1.2166,-2.6653,-0.56706,7.5246,2.7062,5.2551,6.265,2
-0.53717,-0.64485,0.86701,0.70193,5.4731,-3.7723,-2.5849,0.97135,1
-1.599,2.59,4.0684,0.89061,3.6035,8.376,4.4243,6.0953,2
-1.8317,-1.8966,-0.13641,0.65011,0.89162,1.067,-1.7059,-0.64052,1
-2.5302,-0.32109,1.5723,1.0422,2.014,1.4205,1.917,0.14673,1
-2.2678,0.46224,-0.97715,2.2571,1.5579,-3.3132,3.0109,2.3572,1
-1.6874,-0.26677,0.63466,-0.67961,1.5151,6.1527,-0.98058,4.2407,1
-0.32501,2.2369,6.2208,1.393,7.3137,2.2191,-0.069302,4.0374,2
2.4889,0.12261,1.9306,-2.097,2.2852,0.62231,-1.2719,4.8686,2
5.7383,-2.2006,1.5725,1.1345,-1.7778,2.1712,2.6676,1.7136,1
3.4792,-1.9555,1.3062,-0.26135,3.0519,-2.9556,-4.331,1.0823,1
1.8606,0.88607,4.1986,6.3491,4.9905,-2.7,3.2721,3.9484,2
-1.855,-1.8954,1.2617,-0.51,-1.1368,-0.49765,2.2251,-0.87354,1
0.041589,-1.2754,5.8343,0.47319,3.6476,6.7523,-0.26184,3.3107,3
2.4692,-0.36768,0.56435,1.069,0.021328,-0.84218,2.6959,-1.5897,1
-0.60842,1.662,0.80369,6.0881,4.0984,4.3639,-3.8715,3.8235,1
-2.009,-2.1295,3.201,2.1709,0.016201,-3.3761,0.18321,-0.66138,1
-1.0213,-1.0928,1.1354,-0.4701,-1.8198,8.5456,7.7452,-0.42904,1
0.66563,-0.46065,4.2667,6.2965,7.0461,8.1777,1.0527,7.7786,2
3.0603,-0.97647,0.91998,-1.9193,5.496,0.4888,3.382,0.89665,3
1.8117,0.6304,3.6775,1.3472,5.3268,4.5185,-1.978,1.9265,2
-0.18885,2.4916,6.9001,-0.4701,6.7698,0.79702,3.0385,6.1515,2
0.98321,0.14508,1.0033,-1.2272,2.5875,1.8172,-1.393,-1.5641,3
2.875,-0.69531,7.0678,-2.9405,6.2591,4.6461,3.731,4.8733,2
1.9108,2.8179,5.7877,-1.3747,6.4587,4.0311,1.471,7.0134,2
-4.2291,-3.1863,2.5444,3.9643,4.722,-4.7432,1.4577,1.9126,2
0.027489,-0.43583,-1.1175,1.1431,-0.28972,-2.9807,-4.5552,4.1322,3
-1.9086,0.68621,0.27467,0.17757,-0.92976,-2.5938,6.8181,2.9891,1
1.9666,-1.5388,0.77251,-0.50377,-1.0889,-1.4139,-1.2489,-0.72449,1
1.2232,-2.2647,1.6399,-1.8143,-1.4033,-3.4908,4.2033,-1.688,3
-0.61135,-1.8344,-1.5219,-0.3542,-0.24664,3.393,-0.65777,0.28162,3
-0.027675,-2.7685,-0.67959,1.6795,2.1593,-3.3776,2.9915,1.4148,1
3.5963,-0.90667,-1.162,-0.81061,0.36029,-0.25403,-1.822,1.8498,3
-0.46517,5.9329,-1.4879,2.343,-0.17053,2.0218,10.105,4.6874,3
-0.99215,-2.5369,2.7055,1.5727,2.4436,-3.3265,0.3905,-0.69421,3
-2.0069,-0.52771,3.8118,4.1524,4.8543,7.7869,4.3995,5.4916,2
0.14921,2.9259,0.58562,0.79567,-1.5194,-4.269,6.8989,-0.17123,1
-2.0382,-1.5671,-0.22401,0.76886,-0.72964,-1.873,-4.0745,7.7276,3
-1.4602,-0.94554,1.1789,0.30917,-0.91759,3.8435,1.8573,2.4969,3
1.8817,1.2083,3.1155,-0.95372,-0.95267,-4.8361,-0.40594,1.2468,3
-1.8086,0.49218,4.4502,0.50921,6.8346,0.62509,-0.84427,5.4168,2
2.8936,2.6687,3.1986,0.58608,4.3544,2.4641,0.38288,5.836,2
2.967,-1.4409,-0.617,-0.50077,3.8095,-3.4513,-3.8683,0.36757,3
3.1633,0.004277,5.8576,-5.7512,5.0147,2.3208,-2.0283,2.2402,2
1.3927,-1.9968,-0.55919,1.2931,-1.3408,7.3764,-3.2791,-0.34309,1
-0.16012,0.75172,1.1847,-1.0876,1.945,-3.49,0.92494,3.8802,1
3.3238,-1.1797,2.8456,-0.18662,-1.1617,-2.0268,-4.2628,0.073264,3
2.904,2.4643,0.55624,-0.02447,6.4107,7.3936,0.82908,3.1934,2
-0.53771,-0.46783,-0.010229,4.2307,-1.5148,-2.2972,-0.67832,3.2545,1
-2.1494,5.938,-0.38707,-0.070765,-0.73458,-1.8978,-3.392,1.0626,3
2.3083,-0.64513,-1.6269,4.0442,-0.47138,-3.9145,-0.37323,2.2407,3
-1.6821,-1.16,1.719,-0.68836,2.8138,3.0167,0.8291,2.3727,1
3.0669,1.5475,1.9436,0.012467,5.5001,7.658,-1.2729,4.202,2
2.3326,0.8339,6.5131,6.499,3.7061,0.71181,-0.53053,6.9806,2
-2.3454,-0.13954,-0.40546,1.4385,1.6678,1.9519,-2.2357,0.60414,3
0.93514,-0.7451,-1.2131,-0.87797,0.53358,13.46,-2.9488,0.72608,1
-1.4175,-0.9364,-1.251,0.86172,1.0645,-4.2527,1.5687,-0.096518,3
-1.1138,5.0164,0.48091,6.198,2.5327,-3.3495,-0.7104,0.6547,1
2.0176,3.2944,5.9941,3.1101,5.757,6.1244,3.3197,2.803,2
1.8205,1.869,3.5409,-3.5054,6.1713,3.7449,4.0086,5.1435,2
2.5758,1.4967,6.8377,0.029975,2.363,3.6724,-5.6855,7.1941,2
-0.99048,-1.9076,-0.83104,1.3168,3.3653,2.8198,-4.7446,1.1544,3
2.6837,1.6501,6.0698,-4.1733,6.8282,9.0319,3.5974,5.7723,2
2.7994,1.9848,2.089,5.7796,3.693,-0.33064,-4.435,6.152,2
-1.1791,2.3163,7.2688,-3.1356,5.3432,3.8876,-5.5058,5.438,2
-0.44633,2.5562,7.3087,1.4404,2.1133,2.6921,2.9171,4.6781,2
2.858,2.7318,6.5111,-4.0455,4.9666,-11.017,-1.2434,6.8243,2
-0.17051,0.66442,2.4211,6.1305,4.9762,5.8371,4.4735,-0.45744,2
-1.7401,-1.399,0.96246,0.12458,-0.33379,7.3226,0.048908,1.7381,1
2.5547,-2.3813,6.9421,1.2113,4.129,4.3493,-0.59313,6.0914,2
0.26301,0.35126,3.139,5.433,-1.2965,1.7745,-3.5847,0.051386,1
2.7041,2.0584,3.2852,-3.22,2.4747,1.6259,1.7322,3.8,2
2.6843,3.982,6.3657,4.9697,4.1086,6.7956,-4.324,4.7223,2
5.2938,-0.30788,3.9187,-1.6124,-1.3424,-0.55444,2.7817,0.96127,1
2.3189,3.1806,5.4992,0.17652,7.3958,4.974,-0.085796,5.6782,2
-0.99477,-1.8516,3.4374,-1.2157,3.3365,-3.6385,-0.30407,0.15927,3
0.01215,1.6816,4.9022,-1.2109,5.7935,7.5139,2.5083,3.1151,2
5.145,0.60721,0.47509,-0.1741,6.5477,-0.91964,-0.34146,0.78547,3
0.3772,-0.66257,1.1246,3.2012,7.1982,4.3884,2.4865,7.6037,2
-1.0425,4.632,-1.1304,2.3763,5.8709,9.3998,-2.9193,-1.6077,3
2.4762,-2.8987,-0.92916,-0.77602,1.3781,-1.2546,-0.065596,8.6502,1
0.31637,-1.4256,-0.41908,-0.90377,-0.85186,-1.9666,-2.6518,4.0119,1
-0.02107,1.3972,0.059427,1.1981,-0.4552,-0.18482,2.1242,7.298,1
-0.73379,-0.87123,0.71518,1.4125,1.0738,-3.5758,0.66443,-0.39132,1
-1.4935,2.7873,0.10132,0.63939,0.7644,-1.603,7.3776,4.3857,1
-2.8916,-1.3447,2.9329,0.9614,-1.3751,-3.1112,-1.6364,0.77801,3
2.3756,-0.47136,-1.3207,1.4309,5.1662,9.4467,8.5258,2.1431,1
-0.39259,-1.0948,-1.9585,-0.87222,1.962,1.5352,4.3596,0.20324,1
0.55593,-1.622,5.5104,-2.3586,4.6015,9.6231,-0.22067,3.7544,2
-0.39564,3.7059,7.1964,3.2441,6.1455,8.2288,-3.3179,1.2198,2
2.551,-0.9446,5.9137,3.6946,6.3313,0.20123,-1.1403,7.0478,2
2.6937,1.6479,4.4814,-6.9507,2.1919,2.0816,-0.10811,6.9021,2
3.8348,-0.92748,1.6072,-1.365,1.4846,9.7228,-1.8388,-0.19965,1
4.746,-1.3789,2.1052,0.10324,0.73389,0.75096,0.44145,3.3953,1
1.3409,-2.7738,3.8958,-1.0386,-0.001306,4.0935,-2.7396,2.8326,1
-0.32711,-2.7907,2.1121,0.57791,0.11056,-2.7204,5.3613,-1.2046,3
-2.0303,-2.209,0.29311,0.89807,-0.74428,-3.3434,-1.6997,1.6279,1
1.3651,-0.81119,-1.1551,-0.50447,1.2308,-2.1306,-4.9453,0.12562,1
2.047,2.6218,5.204,4.5209,2.8978,5.5698,1.3636,7.1677,2
1.7029,-0.76182,7.5058,5.8236,1.3489,6.4219,-2.1923,4.7343,2
4.5492,-2.3378,-0.2307,-0.058591,1.3858,11.107,13.281,3.6672,3
3.6005,1.4236,3.945,1.8208,6.7273,6.304,4.1652,4.3475,2
1.0849,2.0565,-1.2257,-0.20163,0.27614,0.48294,12.123,2.1429,1
-1.03,0.58322,0.35828,4.6606,3.5376,4.4244,-3.9262,5.7371,2
2.4324,2.6115,3.4561,-0.71643,0.76735,2.1175,-0.5318,4.8989,2
-0.14377,-0.022367,0.30241,1.334,1.208,4.902,2.1466,0.58362,1
-2.0966,-2.1791,1.5576,0.3195,-1.0474,-0.14062,-2.3872,0.006114,3
-1.219,0.14937,-0.12854,3.3365,-1.534,5.6555,-1.318,2.0403,1
3.8586,1.4527,0.92928,-1.7743,1.5393,-0.18485,-2.5708,1.4759,1
-2.7335,-0.68352,-1.1732,4.2049,4.5894,3.7639,-0.40469,0.51325,3
-0.48159,-0.45702,2.3131,-5.7417,-1.0899,0.1048,-2.3051,7.0164,2
-1.3604,2.7877,5.4657,2.5383,4.7831,5.5571,3.2572,4.4624,2
3.1742,2.1847,3.5058,0.74124,7.9068,1.5389,3.3181,5.1444,2
-2.2628,1.224,-1.1952,-0.30887,0.89549,-2.5277,9.7045,3.5717,3
3.3015,-0.90357,5.7927,4.7822,6.5753,9.67,2.4461,4.0411,2
1.8488,3.268,7.025,5.1116,4.1838,-0.27246,2.7386,5.6437,2
2.175,-1.8758,4.2364,0.50613,6.1977,-3.4608,4.3465,-0.23159,3
1.3531,2.9184,6.8281,1.1194,6.5876,10.289,1.0438,6.5521,2
-1.114,-2.0305,-1.6068,0.12095,-1.2667,4.3363,-3.1956,5.8176,3
1.3077,-0.37415,2.074,2.1336,5.9196,10.377,-1.5433,6.688,2
0.41022,1.2071,2.6678,6.2439,6.2771,9.3497,3.0438,6.5917,2
0.95831,-0.69607,3.1027,-0.4201,6.7901,2.8439,5.0787,0.28657,1
-0.72841,-2.0493,-1.1527,-0.33467,1.1966,-0.92085,2.4021,4.4788,3
2.7659,1.9086,4.1036,1.3637,4.4298,9.7261,3.5433,6.3994,2
-2.3383,2.0391,3.014,2.2861,-0.50324,-4.442,1.025,3.3371,1
-2.1632,-0.36327,1.116,0.52676,-0.71132,-4.6445,-2.3611,3.1843,1
1.5234,-1.4526,5.1289,2.1273,2.7627,9.2203,4.6856,5.7022,2
-0.43925,4.1197,-0.14865,3.9953,4.308,0.98661,2.794,1.9332,1
1.4692,1.4573,-1.2723,-1.4189,-1.527,2.6811,9.0065,-0.73358,3
-1.5416,-0.27184,3.688,-0.045753,-1.274,1.3664,1.6668,-1.779,1
-0.24572,-2.0009,-1.5665,1.0226,-0.66116,-0.16227,-0.65212,2.5078,1
-0.63307,0.90721,7.3176,-2.5282,4.5333,5.6652,-7.0307,3.984,2
0.20846,1.0727,1.8621,4.6064,-0.020164,-4.0668,2.9491,-1.577,1
2.5271,3.3568,3.9612,2.1544,0.39373,-2.1052,0.33786,0.2916,1
-1.4398,2.3944,2.3116,0.26271,0.83042,9.0386,-2.9267,1.134,3
-1.2145,0.91727,0.88654,-1.2291,-0.035762,-1.0838,3.5487,2.69,1
-2.529,0.4771,0.71824,1.2144,0.45254,1.7655,3.7172,0.070238,3
2.8808,3.8256,4.1965,-1.3337,1.5142,11.28,-1.1077,-0.021275,1
5.0613,-2.1191,-1.3225,-0.27782,3.9405,3.3112,8.8287,-0.65639,3
-0.5003,-0.017441,-0.6181,6.8696,0.44896,-1.3313,4.2246,0.24596,1
1.5635,4.3339,2.1043,5.6783,-0.7036,1.6474,5.9203,0.67612,1
2.4708,-0.60727,1.5038,1.2036,-1.7945,-2.1425,-2.1468,-0.6403,1
-0.26817,-0.76634,0.05995,1.5523,-0.89026,-0.002578,-1.9814,3.6599,1
-0.64425,0.72257,1.3856,1.777,4.2651,0.23489,-3.7729,3.0647,1
0.87517,-2.0468,-1.0718,0.98576,-1.5859,7.9417,-4.4293,-1.3357,3
-1.9889,2.4297,5.5922,2.0673,3.7142,9.0378,4.4062,2.5153,2
-1.3165,3.6491,5.2627,3.021,6.6361,7.7195,-3.8143,2.0575,2
-1.8008,0.3308,5.6641,3.0167,6.8291,6.9021,-5.2707,5.3025,2
0.44879,0.2974,1.1223,-0.70221,-0.13203,9.8386,2.7088,6.4118,3
-0.17393,0.27936,-1.4078,-1.1405,2.1828,6.3852,-3.3251,0.090713,3
0.56892,-0.90722,1.6182,0.65396,-1.8723,-2.7706,-1.9961,1.884,1
0.54473,1.5103,4.0557,4.2963,4.965,-5.5868,-2.1048,5.2318,2
-0.12845,-1.7015,3.3189,-2.5734,5.9407,4.3566,0.84398,3.7523,2
-1.9999,-1.1717,2.2181,0.45805,1.9579,3.3942,-4.9389,0.089104,3
-0.075253,-0.010958,-0.27687,3.8475,-1.1073,4.7032,4.1195,2.0561,1
-2.1124,-2.6647,1.6527,0.61289,-0.045724,5.663,-4.4383,1.4143,1
1.0973,0.66397,4.0923,0.94732,-1.5562,5.1444,-2.0175,5.7486,2
-2.0249,0.035571,-1.4323,4.4771,5.7386,0.06745,4.7483,0.73797,1
1.6008,1.672,3.8201,-0.88208,4.1634,9.505,-6.6556,4.5372,2
1.7439,2.1037,5.0218,0.1359,7.8205,7.7273,-0.19786,7.2129,2
1.7254,-2.1006,0.031056,0.59309,1.921,-1.9698,-0.63466,1.6342,3
-1.0317,-0.59739,0.22977,-0.90945,-0.78499,-3.6933,1.7527,0.41149,1
-1.1845,-0.94077,4.7894,-0.43553,-0.50511,7.8734,0.2866,1.5573,3
-0.6141,0.000534,1.5241,0.33976,-0.52314,4.6174,-2.0309,-1.426,1
4.9183,1.6507,1.2404,-0.14456,-0.67652,-0.39598,6.8169,0.26445,1
2.7817,2.1905,3.2397,-0.32056,7.1919,10.201,3.5468,4.4037,2
-0.56464,4.415,0.27717,-1.2261,-0.33907,-5.0079,3.4588,-0.66161,1
-1.532,-0.094283,0.31508,-0.048857,-0.75511,-1.9029,-2.1869,-0.02924,1
3.4243,3.3451,0.61578,0.4045,-0.65465,1.648,-1.811,3.5679,3
-0.050413,-0.85803,-1.506,-0.94698,-0.27565,-0.67588,-0.48023,-1.8451,1
2.7787,1.6675,7.3865,6.5091,2.5244,9.3037,-4.1086,5.3395,2
-2.6114,-0.77147,-1.207,-0.49934,0.23254,2.2967,-0.32361,3.0368,3
-1.8938,0.71819,1.541,4.0906,0.45339,3.7645,4.8726,-1.6477,1
2.3438,0.042183,3.2712,6.3086,1.3431,7.7918,0.12688,4.3055,2
1.102,1.4724,1.9708,2.3311,7.2199,8.4561,-3.0795,5.5237,2
-0.26874,-2.4781,1.0065,-0.89062,-0.16037,6.5694,5.0631,3.9632,3
5.3625,-2.1436,-1.6263,1.5544,0.5487,-4.7978,-2.7708,1.1275,1
-0.1043,1.4464,-0.76714,-0.91297,-1.2105,1.3129,-3.6728,0.85941,1
2.3504,0.18682,6.452,5.0015,2.0418,3.633,2.5326,0.40689,2
0.46008,-0.52747,5.0032,-0.26831,6.7497,4.5548,-1.024,6.348,2
1.3866,2.2752,5.4972,1.1221,5.9462,2.3776,2.3021,3.3347,2
-0.6808,-2.2958,0.746,5.7616,-0.54513,-0.32378,9.0927,1.9562,1
-2.8548,-1.0324,-0.33025,-2.0222,0.76015,6.7235,3.0715,0.71408,3
-3.59,3.8216,5.9018,1.4982,3.1567,-2.6845,2.1485,7.4499,2
-1.7691,-1.5663,-0.20379,4.8642,1.119,-1.7232,3.7043,1.6093,1
-1.064,2.363,4.4603,-1.3494,1.2377,8.8516,-3.1937,0.67196,3
-0.93903,-1.1147,0.62251,2.2292,0.49637,1.6246,11.181,1.2667,3
-1.6631,0.45465,-1.3199,-0.59842,-1.1749,0.62795,-3.2495,4.1449,1
1.9739,1.7876,2.063,-1.5374,0.81452,-1.1052,-0.51595,-1.5613,3
2.7698,-1.6756,1.4522,-0.057973,1.7237,-3.0758,-0.86162,2.8109,1
0.60177,-2.243,-0.10326,3.8098,3.3477,-2.7913,0.78,0.041611,1
-1.7038,-1.9122,2.15,-0.75367,2.5983,8.229,10.061,-0.32973,1
-0.91876,3.6214,0.78241,0.9251,1.9305,0.37559,-0.71899,2.7544,3
-2.9065,3.1106,3.9125,-0.76963,3.6979,4.6954,3.6226,7.7392,2
-1.858,-2.5665,1.3626,1.9792,2.1078,-1.8066,-3.0384,4.4268,3
3.3915,-2.0696,3.037,4.495,5.0309,8.8332,2.3961,4.2611,2
0.30289,0.25475,5.9323,3.103,6.6477,9.053,-2.2892,6.9191,2
-1.99,0.021196,0.027654,1.844,0.95341,1.3169,5.8746,-0.37227,1
0.0971,0.54736,1.5086,6.3803,0.67743,3.2827,4.6298,2.0802,3
-0.59936,2.0182,-1.1149,-0.85056,-1.3269,2.5277,5.822,0.78777,1
1.9302,-2.3147,-1.3006,0.32082,3.1924,-0.23453,7.2785,0.18978,3
-0.40303,0.33219,2.1079,1.5827,3.0749,5.092,5.4504,2.6203,1
-1.6048,-1.3858,3.5208,-1.7228,-1.107,0.24342,-0.06104,1.7004,3
-1.0013,-1.4944,-0.44025,-1.6461,-1.8547,8.085,1.5766,4.1022,1
-1.8086,3.2565,5.3306,-0.047813,6.6814,7.6469,5.0318,4.6512,2
-0.98271,-1.7919,-1.1268,-0.35329,-1.8066,1.3665,2.2757,0.29904,3
-0.073296,-1.1208,1.5057,4.6565,2.4546,1.1648,0.15272,-1.2898,1
-2.1497,-2.9442,4.6083,3.9566,8.1337,-2.8503,3.77,5.9134,1
-2.4794,-0.9108,1.4313,0.79417,1.9246,-0.65413,-4.9285,-1.3874,1
-0.08492,3.2439,-1.9195,-0.072944,1.2255,0.24107,5.2646,3.2116,1
-1.6834,-0.52818,3.0923,-0.33548,-0.66992,5.7533,-1.2411,0.42781,1
3.6915,2.4982,3.4742,5.2685,1.8541,8.3619,2.234,4.4987,2
2.0575,-1.751,-1.001,2.8197,-0.027431,-3.3221,-1.9677,1.4802,1
2.4598,3.3447,7.2937,2.1509,5.0792,-4.9163,3.2683,1.0114,2
-1.9306,0.63417,-0.85834,0.30314,-0.070163,3.3923,3.1101,0.25553,1
3.8821,1.8293,6.6612,4.5794,3.9252,8.4842,5.1057,3.6924,2
1.7774,0.92301,4.8118,4.6315,5.7891,1.3103,-2.2822,5.5423,2
-2.4947,-2.4003,-0.58701,2.7596,7.2292,7.8221,2.2389,2.3077,1
0.05426,-2.578,0.083692,-0.71912,0.57791,3.8312,6.3232,-0.64337,3
2.6111,0.80811,3.2371,3.1917,6.4214,2.2391,-1.5986,7.8116,2
0.54236,-0.29395,3.758,-0.78734,-0.44246,7.5173,4.3251,0.22447,1
0.10659,2.5213,4.6955,-0.3128,-0.74723,-4.7873,4.2342,0.66202,3
2.9929,-2.0292,2.8567,2.1121,3.1809,5.3497,2.6962,-0.25973,1
3.1313,0.3356,4.3273,5.3302,6.1387,5.3429,3.7147,2.5037,2
-0.42885,5.7748,0.041224,0.73996,3.1901,-2.2302,10.77,-0.090551,3
0.61441,-2.983,5.3304,0.53969,4.3525,9.1283,-1.3649,1.9164,2
-1.7062,-0.73584,3.9099,5.978,5.0969,5.98,2.1,6.0103,2
2.9203,2.9941,7.8716,2.4054,2.4886,-1.3363,-2.6231,7.2013,2
-1.8822,0.62279,-0.51748,-1.1625,0.46074,6.6299,5.7426,5.7579,3
-1.7771,-1.2259,0.10384,4.2646,1.0976,2.5201,5.954,0.2962,3
1.0855,2.4304,1.7202,4.9149,4.5188,5.0123,-1.2307,7.2743,2
0.41096,-0.67069,-0.32661,0.22723,2.2621,-2.2652,6.7933,2.8016,1
-2.3995,0.00785,0.5955,6.1677,2.4398,1.1865,1.1741,-0.23369,1
-1.6988,-2.5778,-0.3648,1.0908,-0.56488,-2.7693,1.4115,-1.878,3
-2.33,0.67686,2.5424,0.4564,6.7684,-8.989,2.0385,5.1509,2
0.96517,-0.21586,5.5658,-0.099433,-0.016687,-0.54908,7.0656,3.3552,1
2.0882,4.3766,2.2049,-1.5723,-0.31822,-1.8347,4.1046,3.7165,3
-2.1444,1.617,6.5836,5.4251,6.8417,1.9813,0.29285,7.547,2
-0.90401,-2.0655,-0.26058,4.1057,0.10692,-0.41467,4.9106,-0.88635,3
3.6652,-7.974,6.3983,-3.8329,4.5467,0.7463,4.4277,5.3627,2
0.98413,1.0329,-1.0042,2.0714,-1.2754,-2.3849,-1.4963,1.4808,3
1.1326,3.1087,-1.2179,-1.075,-0.26264,-1.0963,2.9565,-1.7882,1
0.99581,4.8863,-0.52845,-1.3831,2.4865,9.3294,1.847,-0.64199,1
1.6218,2.632,-1.3898,3.3294,3.2667,6.3224,-0.043031,7.3942,2
-0.60529,1.7306,0.17081,-0.16477,0.59713,7.5009,-1.4449,2.1431,3
-0.1043,1.4464,-0.76714,-0.91297,-1.2105,1.3129,-3.6728,0.85941,3
2.7046,-0.54758,-1.1188,-0.98981,-1.3703,-1.3884,8.3559,4.6481,3
-1.8546,-2.5111,2.4391,1.3326,1.6143,-1.3638,0.48807,-1.7494,3
0.83959,-1.5084,-0.44151,6.5005,-0.76093,-0.8912,-2.6206,-1.3507,1
-1.1897,2.4665,-0.49903,0.42925,1.8654,5.0983,-1.5592,-1.4952,3
2.3153,-1.5192,0.54714,-1.1841,-0.23218,2.5372,-0.73919,2.6063,3
-0.73643,-1.243,1.9835,6.024,0.02187,1.4882,6.6462,-0.90447,1
-0.27524,3.2183,-1.2477,-1.5458,-0.41648,0.10894,6.3867,-0.93789,1
1.1173,0.35594,6.1657,-0.24158,7.4796,4.5004,3.6746,7.0141,2
2.7565,-2.9816,5.4934,0.77809,5.8874,11,0.31807,3.9459,2
-2.428,-1.5054,-0.36873,7.7398,-1.8718,9.4804,4.5271,-0.29464,3
2.5181,-1.9502,3.0446,-1.0411,-0.23053,1.0383,1.3078,5.7518,3
-0.68487,-2.664,-0.897,1.5686,-0.64303,10.043,-2.7061,2.0987,1
2.2906,2.417,1.3235,-0.15315,4.1964,1.6916,4.5087,3.8211,3
-2.0423,-2.3139,4.6777,2.5751,0.16322,-3.9755,1.7248,-0.97295,3
3.4213,-5.9104,1.0973,-1.6524,2.1293,10.617,-0.29018,5.2776,2
-2.5478,3.8647,6.9973,0.21583,5.0829,8.9993,-2.6785,6.7554,2
-1.6834,-0.52818,3.0923,-0.33548,-0.66992,5.7533,-1.2411,0.42781,3
2.3466,2.3861,2.9701,-8.5433,1.6051,3.0892,4.3083,5.31,2
1.0758,-2.1418,0.98386,1.8812,1.7273,2.048,-3.6435,0.074727,3
1.1604,-1.0559,3.6778,-0.2681,0.085446,0.36055,2.0176,-0.45285,3
2.1249,3.0931,5.5082,-2.024,2.9715,7.4999,1.4499,2.5912,2
1.4064,2.4045,-0.25606,3.1819,-0.57396,-0.73365,5.606,-0.72971,3
0.81065,2.8248,4.7764,1.901,2.6625,5.5641,4.7979,5.3556,2
3.5897,-0.60511,2.7186,4.9814,5.2767,-2.5109,4.4351,5.0792,2
2.5646,-2.4556,2.606,2.1836,4.9365,2.734,10.941,2.2275,3
-1.219,1.095,6.7545,-4.5305,6.168,2.2112,1.2382,7.7346,2
2.2127,-0.001574,6.7821,-3.9351,3.8533,6.3062,1.7557,6.4759,2
2.4354,-0.76152,6.4941,6.1634,7.5112,10.273,4.7322,6.2765,2
2.397,3.3755,6.6394,2.3481,4.1596,9.0323,-0.5346,2.8916,2
-0.052556,-0.62201,1.683,0.79703,0.72577,-2.6983,1.0646,-1.1785,3
-1.4114,-0.70944,5.5103,-1.6098,2.3555,3.6805,-0.22391,1.2305,1
-0.79314,-1.3281,-1.1721,3.3388,1.8333,-1.0382,0.33665,1.3601,1
-2.0617,-1.2334,3.1363,0.94626,4.3663,8.4154,-3.7249,0.46929,3
3.8165,2.7412,6.4308,-0.55098,0.55877,10.07,-0.75979,6.4215,2
1.1173,1.1199,-0.13845,6.4519,7.0633,0.95462,2.553,5.7426,2
-3.4532,0.57242,7.0565,4.2984,5.469,7.4225,3.3965,-1.3052,2
0.92207,-1.0174,-1.4051,1.1684,-1.0246,5.2547,-1.0896,1.0118,1
2.9606,0.27666,6.1695,3.5219,6.7717,10.919,-1.2206,5.0821,2
-2.4559,0.13535,2.3379,1.0961,0.90391,12.344,-0.13538,3.1659,3
1.1699,-2.5919,1.3495,-0.22957,-1.4976,-3.4661,2.2162,1.2007,1
-0.96363,1.8005,5.2671,4.5339,6.1429,9.4594,2.8041,6.5413,2
1.0387,-2.0547,0.34965,-1.2067,0.99802,2.3162,11.625,-0.15135,3
-1.748,-0.81922,4.8548,1.8401,-1.8487,-1.7386,-1.1651,-1.2707,3
5.5755,-0.48675,2.3017,3.5063,2.1467,2.6326,5.4343,-0.65948,3
-0.80481,-1.4538,5.5105,-1.2831,0.77862,3.2652,0.034372,3.7331,1
0.54236,-0.29395,3.758,-0.78734,-0.44246,7.5173,4.3251,0.22447,3
-0.88868,-3.0289,7.5205,2.3895,7.0012,4.3985,0.253,5.45,2
1.629,-1.1345,0.81207,1.9383,-0.92699,-4.4024,-1.9117,-0.62535,1
2.4482,1.4756,-0.59974,-0.31213,1.5704,-2.043,0.79349,1.6703,1
1.3398,2.39,7.013,5.6796,4.6149,9.6922,2.5446,5.0041,2
-0.17959,0.48251,1.4837,-1.5554,-0.52071,-0.65006,-4.6912,2.3332,1
-1.4845,-1.128,2.1671,1.4372,-0.86595,-0.51479,-4.5618,-0.74411,1
0.25559,0.23053,2.749,-0.48831,1.4089,-3.0752,-3.1171,2.5454,1
0.77534,-0.82745,3.5792,2.2698,0.3026,4.6518,-2.76,-0.94837,3
-0.69484,3.9023,1.3615,-1.5114,1.7787,-1.3806,-2.8953,1.6387,3
0.34719,-0.013646,2.9634,0.49967,-1.873,0.88612,7.6643,4.0408,3
2.7104,-2.8772,-1.3788,4.3271,-1.0462,-4.2371,-3.1303,-0.96671,1
-1.4719,-0.63276,2.251,0.97916,-1.3599,-2.4155,2.7766,3.0143,1
1.1522,-0.41216,1.6734,2.3035,8.059,-3.7712,7.2194,0.31666,1
3.3106,0.45921,1.8829,6.225,6.8576,6.5614,-4.1895,4.2197,2
3.1641,-0.83712,3.5721,2.5278,-0.9352,-2.1767,3.4902,0.50603,3
0.65972,-2.6624,4.0788,2.7344,1.9152,-3.2148,-3.0201,1.4799,1
-1.5504,1.4479,1.3195,0.28907,-0.92783,2.2196,1.2853,1.0052,3
2.5363,-2.7157,1.9039,4.081,4.4678,1.7962,1.5541,6.5187,2
3.7986,2.5027,6.945,2.0241,3.2167,1.6232,-5.6425,3.3598,2
1.9737,3.2302,2.2346,-7.8014,3.2171,5.5946,1.5939,5.6825,2
1.9889,-2.9326,7.2775,4.1637,5.8102,8.2003,0.59966,2.8289,2
2.9228,1.4206,6.4101,-5.7435,-0.009358,7.1378,-7.0949,7.6564,2
1.3056,0.11385,6.89,-0.044822,6.0283,3.8901,3.2736,6.4172,2
2.9535,-1.2679,5.9683,0.6297,5.086,5.7407,2.5383,7.6352,2
-1.3566,-4.1518,7.2368,2.8373,7.3614,7.2656,3.2913,6.697,2
0.20846,1.0727,1.8621,4.6064,-0.020164,-4.0668,2.9491,-1.577,3
3.5684,-2.6676,6.0759,3.4808,3.7725,6.5584,0.42599,5.5094,2
-0.44126,-2.3248,-1.5767,0.10713,0.61813,-2.0081,6.0505,-1.0312,1
1.3379,-0.41769,-0.090883,1.6272,3.7437,2.6699,-3.8507,-1.1496,3
2.4567,-2.0828,0.35557,2.71,-0.70105,2.5457,3.1341,6.9957,3
-0.012153,3.2713,3.7938,2.8493,-1.2822,-1.4723,4.0655,-1.7387,1
-1.5978,-0.67111,7.1353,-2.2725,5.9141,6.82,3.1125,6.7806,2
-0.088892,-0.093515,0.1908,0.48161,0.1872,3.7708,-1.6203,1.2091,1
3.3717,0.44705,0.11857,-0.1019,1.7785,-1.6654,-2.1886,3.3887,1
0.59672,1.955,3.913,5.6682,1.4697,10.753,1.7317,1.5996,2
-2.7306,-2.3091,-0.9512,-0.81476,4.2743,2.1473,1.4213,0.99339,1
1.2951,2.4336,5.6817,-2.7832,2.2982,2.2166,-1.0737,3.5433,2
-2.774,-2.9754,2.5412,-1.3559,4.4653,10.086,3.5199,1.7152,3
1.5106,-1.2036,-0.17361,1.2692,0.2761,-0.051209,-0.14014,0.70226,3
-2.7257,-0.68792,2.6352,8.7901,5.7695,0.75677,-4.3242,-0.15261,3
-0.11527,-0.94947,-1.8384,0.12201,3.1481,-0.58649,-2.9046,1.6905,3
-0.071443,-1.0088,7.2561,-0.55564,4.0151,10.906,-0.81225,6.7642,2
-2.5307,1.8138,3.816,-2.6762,3.7365,10.06,4.9266,7.2191,2
-0.034909,0.044686,-0.63682,6.4426,0.16244,2.2139,-2.7356,-1.0686,3
3.0059,0.4325,5.4562,-1.2506,4.3385,5.2496,4.0619,4.9315,2
-0.8543,2.2668,-0.31368,1.123,4.2076,-1.2791,5.3785,1.9773,1
0.040185,-1.1761,2.5161,2.856,-0.37754,5.6951,2.4689,2.1303,1
0.19528,0.75038,5.0391,3.1511,6.7848,5.9092,3.918,4.8995,2
-1.7724,-0.69766,1.2758,-0.41417,1.0157,-0.97626,4.6652,-0.48848,1
5.3428,-0.038728,-0.059856,7.0225,1.9208,-1.9245,3.2091,2.862,3
0.80466,-1.581,0.7264,-0.54292,1.1624,5.6351,2.3415,-0.64978,3
-1.9857,-2.2587,-0.86961,0.14685,1.1741,-4.6501,4.0262,-0.99616,1
2.583,1.5293,5.6027,1.8466,6.939,5.5685,-2.8609,5.8212,2
2.6596,-0.56759,-0.47493,-0.10506,4.4223,4.8868,0.66546,0.63389,3
2.8365,-0.63574,7.2664,-0.15473,1.7612,-1.3289,3.4514,5.6672,2
2.2819,-0.6158,4.5988,5.9213,4.0423,1.1571,0.93654,5.6106,2
-2.5115,-2.254,-0.79522,1.0409,3.5763,13.217,1.5925,-1.6849,1
-2.1535,3.0737,1.0596,0.11123,-0.51289,-1.4693,-0.61813,-1.3003,1
-1.5166,-2.2151,6.6027,-6.1044,3.5798,9.7482,-1.2411,4.615,2
-1.1502,-2.1378,1.2642,0.56423,-1.8766,3.4908,-2.0795,0.91428,1
-1.3873,0.49314,-0.84828,1.3704,1.0059,1.825,0.39513,3.7725,1
-2.6469,5.3363,1.7809,-0.15587,0.96008,17.942,1.4612,1.8412,3
-1.5719,2.5515,1.238,-1.0116,2.1735,2.1068,-0.38109,4.2696,1
-1.4714,-2.3414,1.8469,1.5857,1.1023,-1.0371,4.5567,0.62444,1
-2.3892,-0.12253,-1.1187,-1.5072,0.37485,-1.4938,0.53606,4.0449,1
-0.21862,-2.425,-1.959,2.2164,0.52032,-2.6553,-1.1613,-1.4119,1
-1.9544,-1.3795,-1.1708,-0.83999,6.603,-2.0993,-4.4544,3.2478,1
2.2122,3.6202,-1.1754,-1.3979,0.99774,1.536,1.9258,0.3212,1
-0.95105,1.9353,2.0442,4.4444,-0.1251,-2.6944,8.601,0.65617,1
-1.205,-0.98862,1.2624,3.9832,2.0478,-1.2692,7.1492,2.0805,1
2.1061,0.30983,2.2763,3.5676,4.4602,3.7706,4.901,6.8887,2
0.15176,-1.198,0.20546,0.058295,1.7825,-1.5562,-2.6693,-1.3652,3
-1.5096,-0.50915,-0.32299,0.11333,2.3984,3.7465,-1.0555,0.17256,3
-2.1585,0.92951,1.6256,-0.83067,3.2682,2.7951,6.8532,-0.97911,3
0.29475,4.1661,1.2537,3.7228,-1.1369,2.097,1.5508,-1.7317,1
2.9321,-1.346,4.5608,-4.7829,7.4649,7.8182,-3.1432,5.8593,2
-0.73164,-1.6516,-1.7101,-1.2367,-1.2238,-3.2157,-1.2939,-1.5504,3
-0.26397,1.2186,2.7578,1.8621,0.31875,5.4719,3.9205,2.4316,3
1.2809,-1.6529,0.023117,0.52373,0.72732,5.0977,8.0892,-1.0506,3
-2.4345,-1.5602,-0.78799,-0.81389,0.71804,0.46848,-1.2101,-1.9014,3
0.25943,3.7009,7.1476,-1.4534,5.1107,8.2168,3.4744,5.3252,2
0.5821,2.4278,6.8188,2.3082,6.2328,2.6433,1.0901,7.5379,2
1.342,-0.66962,-0.26565,0.59595,-1.0038,-4.2115,0.89005,-0.81162,3
2.9976,0.42138,1.7938,-1.4233,-1.0265,-1.4657,-3.6062,0.85061,1
-0.67522,-0.14422,0.94398,4.3173,0.48045,-3.9328,4.5757,3.485,3
-2.0873,2.6138,2.4553,1.5905,-1.1366,-0.77345,-2.0868,2.2335,1
-2.3828,-2.0309,0.42361,-1.1342,0.87928,-3.447,0.91435,-0.33358,3
-0.75998,1.1011,6.1493,4.9609,6.7478,2.1184,2.6572,7.657,2
-1.5883,5.3318,-0.94059,6.0108,0.26862,0.99534,-4.2012,0.1736,1
-1.2932,-1.7189,-1.7916,-0.91995,1.404,4.3177,6.375,-1.1045,1
3.7655,-0.99599,3.3458,0.071321,1.5989,1.4534,-0.8067,1.582,3
1.7567,-0.9028,5.5548,-6.0722,5.8625,0.3578,3.1807,5.3064,2
3.3498,0.70789,6.369,2.6427,6.2748,6.3802,0.14211,4.591,2
2.4894,3.8301,7.2649,-4.5926,4.7276,4.1602,2.0503,5.9178,2
2.6884,2.8201,7.2768,4.2591,2.307,4.4452,0.10368,4.5298,2
3.4057,-2.2717,5.8957,5.1003,4.279,8.0572,0.53911,2.6138,2
-1.2175,-0.39532,-0.76207,2.019,-1.41,1.2008,4.2437,-1.6176,3
1.04,1.5845,3.7914,0.71159,3.7506,6.0735,0.92139,0.58778,3
0.58043,-2.2947,11.056,-1.0716,-0.82425,1.1414,0.78261,-0.33953,3
-2.8078,2.1828,0.6522,2.7473,-1.3677,-2.5655,3.1171,2.238,3
0.45437,-2.1165,4.8404,5.3292,6.0711,5.858,1.6823,5.7758,2
-1.4065,-7.5282,2.3973,-1.4131,6.6361,2.9281,-2.9114,3.3095,2
1.2789,-0.22044,3.5145,4.8949,3.0237,7.561,1.4696,2.3816,2
-2.3372,3.2907,0.60915,0.16168,2.9905,2.8751,4.7798,1.6725,3
-0.39459,-1.4653,1.7506,-0.44951,3.2522,-3.3467,4.7264,1.0665,1
0.86768,0.39908,1.317,0.19001,-0.83529,4.8564,3.3274,1.8558,1
-1.275,0.78554,1.0866,0.66405,3.8428,-1.778,0.80381,2.4024,1
-2.0498,1.7908,3.6204,5.4374,4.79,0.91345,-0.6367,7.1534,2
-0.61887,0.35564,-1.426,0.23383,1.8269,-1.5723,-1.7452,-0.38007,3
-2.2308,0.072144,1.495,0.29029,2.2816,9.7566,0.36444,4.7269,3
1.9321,-2.2842,2.6191,5.2827,6.8218,7.6284,2.6807,5.9367,2
-1.9544,-1.3795,-1.1708,-0.83999,6.603,-2.0993,-4.4544,3.2478,3
2.8302,2.1341,7.0873,4.0185,2.5796,10.206,4.0904,7.3881,2
3.1905,1.4219,6.6282,3.0015,2.3686,3.3053,2.085,5.3693,2
0.81146,-0.76314,-0.53186,0.55728,2.6,6.6669,3.1701,1.5922,3
-2.0282,2.0423,1.1448,1.6064,-1.3596,2.8063,-3.805,4.2382,3
0.1231,0.048858,1.7221,-1.3013,3.6218,-3.4217,0.051997,0.81599,3
-2.4371,-2.8609,0.46668,1.4417,0.33018,-3.3768,-4.5268,7.7947,1
0.63771,-0.006607,4.1663,0.30528,4.4448,-4.2736,5.1073,5.9259,2
-0.54688,-2.1036,1.0174,-0.65601,0.3035,-2.7687,0.65028,1.7193,1
0.059267,-1.0942,-0.34186,0.28431,3.768,-3.3353,1.339,-0.12461,3
3.2207,0.68977,5.9294,3.1824,5.0434,8.3402,2.3353,4.7804,2
1.2016,0.80271,1.0982,-1.008,2.3265,-2.2589,-1.4584,0.61068,1
5.0783,-1.7169,4.4438,-1.4656,-0.066463,10.399,-1.8741,0.32395,1
-2.4915,-2.134,-1.1868,4.2615,2.6772,-1.7989,9.1787,0.66499,3
-0.25361,-2.037,-0.50942,-1.3607,0.15782,1.4372,2.1364,-1.4419,1
-1.6349,-0.56602,6.1429,0.57983,2.5144,9.7305,-2.7937,6.0727,2
-1.8236,-0.89392,-1.5316,2.2576,1.798,-2.1952,2.6667,2.05,3
2.1887,-1.0258,-0.92707,5.5906,1.175,-1.0455,5.4978,-0.55146,1
2.7556,0.57339,5.5542,-1.0002,7.679,4.8013,-1.4735,2.113,2
-1.8795,-0.58167,2.3248,2.3756,-0.056066,-4.1854,-1.3857,-1.6971,3
0.45218,3.8474,0.67212,-0.79794,2.373,-2.4289,-2.5859,0.71243,3
1.3167,-2.0363,3.0123,-1.0861,1.3798,4.5921,-2.9121,1.9577,3
-2.29,0.80382,1.2436,1.0074,1.5664,9.0913,-1.2223,1.56,1
0.77388,0.16856,3.5474,1.0118,-0.54931,1.1655,-2.1205,-0.004486,3
1.9854,1.2333,5.8669,-3.8991,6.1207,7.3899,3.7701,3.1722,2
0.25277,3.8096,4.6229,-0.66026,6.6062,7.2634,3.8603,5.9214,2
1.7491,0.40665,1.2878,0.23489,0.95775,-3.0285,2.5365,-1.3224,3
-1.0795,-1.3398,-0.27182,1.6256,-0.023596,2.3969,4.2746,4.8565,1
-1.201,-0.99553,0.892,-0.26898,-1.3998,-0.49751,-1.6235,3.0639,3
-1.9019,1.5583,1.8791,-0.61867,-1.0166,2.2752,-3.151,-1.4138,3
1.0503,2.1285,2.4691,1.5282,2.2675,4.4127,2.1238,6.9582,2
2.6023,1.2534,6.8555,5.6584,5.2494,4.9688,2.714,6.0947,2
-2.4964,-2.0121,1.3975,-1.1131,-0.56345,3.0872,-0.96778,-1.0418,3
1.8947,2.4884,4.9008,-7.8345,7.212,5.4403,3.7215,2.2224,2
-1.4558,7.1789,-0.52335,-1.6827,0.35408,-1.348,-0.56775,-0.18547,3
0.078986,-0.22961,0.17599,3.0799,1.3358,1.3737,-2.99,6.0556,1
-4.1725,2.8394,-1.7704,4.2028,5.5965,7.3884,2.686,5.5902,2
-2.0454,0.10817,-1.1217,7.6601,0.43786,4.4778,2.521,-1.5819,1
0.96919,0.34335,0.17055,7.3416,1.804,3.4082,-1.789,-0.73442,1
3.0936,1.3936,7.3421,4.1072,6.5947,9.3053,-2.7989,6.6048,2
0.73783,1.9142,5.8443,-5.8054,6.8692,6.0655,4.5921,2.4691,2
1.1962,-0.40611,-0.001205,1.3757,-1.4289,2.057,0.69983,0.90722,1
-2.183,0.86803,-1.6925,2.1481,-0.24231,-0.050095,-0.69648,0.39844,1
-2.0494,3.0958,1.7827,1.3991,3.5152,0.92746,3.3212,3.1026,1
-0.51482,-1.7436,0.79339,1.3545,0.34185,-4.0568,2.1644,2.4603,1
3.2712,1.2458,0.031835,3.0928,5.5512,2.6499,0.54734,6.8452,2
0.21066,-0.63007,3.3544,1.255,-0.35406,1.4458,4.7183,2.5959,3
0.11021,3.6821,1.705,3.7085,0.15833,-4.0521,1.2255,1.2465,1
0.085506,-1.8585,0.15795,1.3665,-0.26177,-1.3556,2.0471,-0.54185,3
-6.4413,-6.6128,4.6136,0.26788,3.5409,5.1148,4.2414,6.9798,2
2.2047,2.6128,-1.0402,1.5234,-1.2468,3.0795,8.2316,1.7657,1
2.6101,0.86793,2.6818,3.2519,-1.3989,7.5246,4.6513,5.9215,2
2.8201,2.6086,4.8131,4.0035,-0.53819,-0.18521,2.2078,7.2315,2
-1.2504,-0.097717,7.1759,6.9634,-1.1667,-1.9863,3.4111,-1.0398,1
-3.408,-0.82266,2.1934,3.5611,3.4595,8.8274,2.4941,4.4178,2
-1.0249,0.84516,0.24355,0.020464,-1.6848,6.9143,3.2751,-1.2795,3
-2.3644,-1.226,-1.5343,-1.3712,-1.7285,-4.3643,1.5185,-1.5485,3
2.1268,1.1587,5.4981,-0.17111,2.4324,9.3914,1.1152,2.1199,2
-2.4912,2.2012,-0.86004,1.7241,3.7839,2.2999,-1.0898,1.7686,3
-2.0551,-1.1844,-0.37753,0.15403,3.8288,-1.8474,-1.1534,1.9572,3
-0.60374,3.1087,6.2281,0.22425,4.2309,9.229,3.9372,5.2287,2
-0.48281,-2.4557,-0.82605,-0.71482,5.611,1.4481,6.2073,1.0302,3
-1.7678,0.76055,4.3365,0.54868,-1.5096,-1.8698,-1.8664,-0.93075,1
2.1811,-3.6027,5.4432,-10.58,3.4304,2.3961,1.5925,4.7025,2
0.3558,-2.7657,-0.18947,-0.29896,7.4118,-0.69374,-4.1663,-1.7753,1
3.4059,-1.2725,-1.0846,0.63021,-0.71519,5.8327,2.2535,0.89804,3
-0.58366,-1.1869,1.586,-0.2593,2.4129,-3.2447,-1.1225,0.76723,3
-0.72841,-2.0493,-1.1527,-0.33467,1.1966,-0.92085,2.4021,4.4788,1
-0.21387,-0.47783,-1.4302,1.8269,-0.94891,-0.34334,6.4506,1.0036,1
0.045257,-0.43124,7.2951,0.44086,-0.25975,9.3374,0.42328,6.4223,2
0.95859,1.3759,4.6204,2.8666,1.2785,4.0864,4.021,5.6601,2
-0.90627,0.86352,4.5395,3.9799,7.4283,-4.7881,-1.6176,6.3636,2
4.564,-0.20734,-0.029485,-1.9826,0.31174,5.5784,2.8336,2.0337,3
2.5627,-1.6366,7.1464,2.4355,5.6015,-6.1817,3.2725,7.2962,2
0.76084,-0.94231,0.042474,1.2025,0.81098,-1.6942,-1.9304,0.85651,1
-0.83702,1.047,1.1356,1.4213,-0.99083,-2.3465,4.7741,4.0004,1
-2.6633,2.9294,1.3069,1.3652,1.9021,3.9745,-4.6773,6.3606,2
3.0142,0.50871,4.0389,-0.52025,1.3173,6.1916,3.4941,5.3027,2
-0.70548,4.3954,3.0616,-1.1403,5.8741,-0.06263,0.63912,4.1913,3
2.1668,-0.17331,1.7402,0.2182,-0.090819,5.6497,4.8618,6.8392,2
-1.3911,1.4811,0.22993,0.893,0.86949,2.3268,-2.6561,4.1339,1
1.3775,-1.9956,-0.56011,-0.8885,-1.8353,4.6505,3.7092,0.43803,1
-3.5158,0.45071,6.9466,4.9315,7.0375,6.9016,2.8228,5.1546,2
-2.8797,-0.68084,-0.023353,-0.20556,0.15193,4.6912,6.7228,1.0863,3
3.6849,-0.30416,0.091322,0.59011,0.40325,-4.5684,5.3634,-0.078479,3
-0.26943,-2.3943,-1.0139,2.0792,2.0029,4.3217,4.3233,0.54086,1
4.866,-2.4889,0.62659,1.76,2.3556,1.9507,8.114,1.2936,1
-1.4011,0.23931,-1.1528,5.0463,2.8269,-0.004035,2.1304,1.7368,3
-0.044255,0.91946,0.53903,-0.99293,-0.1889,-2.699,-1.9149,-1.0747,1
0.93143,1.0662,5.3661,0.10545,6.0347,4.0986,-3.0411,5.4164,2
0.45632,-1.0646,-1.3079,2.7631,0.50995,-1.9215,4.1637,1.9157,3
1.3793,-0.61263,-0.076162,-1.4886,0.026219,4.4594,-3.3387,2.6115,1
-2.6259,1.0839,6.3199,-0.091371,0.53628,4.2827,-0.37697,-0.72467,1
0.2412,-2.3782,-0.23431,-0.73967,1.5537,9.8,-3.749,0.62079,1
2.4293,2.4933,1.4083,-1.6667,-1.4111,3.6281,8.9466,0.60697,1
-1.7919,-0.68062,0.9035,-0.92019,-0.039883,2.5298,9.3435,1.3278,1
0.14423,-2.6997,1.8223,1.7169,1.2475,9.4802,-1.3819,1.9785,1
-0.72869,-0.79245,1.9049,1.2328,0.063903,11.656,-0.32808,0.0547,1
0.85815,-1.1323,2.9003,5.034,-1.3493,-1.3507,-1.6486,0.1956,1
-1.9652,-1.6426,-0.49091,0.46583,-0.73354,3.2518,-2.5836,0.90497,3
1.7653,2.5299,6.9368,2.4183,4.9278,5.305,3.8807,7.2012,2
0.25457,-2.8877,-0.89348,-1.0856,2.763,-1.4374,-0.747,0.6368,1
-1.7644,2.9056,1.1544,1.531,0.51493,6.0999,-2.9253,-0.14479,3
-2.2987,3.5893,2.4372,-1.7891,2.4614,-1.6751,-1.198,-1.596,3
-5.4381,0.86467,4.9285,2.8444,7.4355,6.7163,-0.72298,7.1524,2
-2.8756,-1.1914,4.1844,2.0649,-0.29432,-3.1782,-0.21576,6.5992,3
-2.52,-0.13386,-0.28711,-0.022719,-1.0948,-1.8932,0.87534,0.1825,3
-2.4791,-2.2025,-0.48175,-1.1567,2.5475,-0.44725,-2.7291,5.8704,1
-0.5434,4.3288,0.79834,-0.98801,1.7774,0.40462,9.0929,0.49995,3
0.15112,-1.5027,4.0823,-4.7266,3.7158,8.003,0.056027,1.7778,2
2.1038,2.8197,5.9031,-4.53,4.5919,4.23,0.65969,5.7327,2
3.5279,1.5813,6.0129,-2.9424,5.1998,8.8764,1.4387,3.1303,2
1.203,0.71693,4.2893,-6.2617,4.7934,3.9715,-5.1366,5.7135,2
1.5879,-1.0562,7.2681,2.2139,2.7963,0.93065,-4.0762,5.5731,2
-2.6281,-0.86418,5.1913,-0.3945,0.090236,2.6771,1.7324,0.30023,1
1.8994,1.6043,3.4092,2.8986,7.6483,-0.31122,2.0433,3.8618,2
-0.63006,-0.29691,2.9049,-1.7989,5.5186,-0.67811,5.5766,-1.5033,3
-0.31161,0.003248,-0.55608,-0.55076,2.5689,-3.1306,0.37963,1.6637,3
1.7006,-0.63318,1.0059,-1.2755,1.4792,-0.54007,-1.0212,-1.3664,1
3.1293,2.1682,-0.4209,-0.15524,3.9638,4.1867,1.6443,1.1721,1
0.14369,-1.0376,6.117,1.0207,-1.0451,4.3924,-3.466,-0.61744,3
-0.25618,1.784,5.4236,3.5541,3.2918,-0.98769,-0.477,5.6874,2
-1.8232,-0.61935,-0.77146,1.1454,2.8035,4.3069,1.6418,-1.4028,3
3.4231,-2.47,0.47242,-0.85927,0.32906,6.3173,-2.5056,0.94972,1
0.85159,2.7573,4.5874,1.512,2.218,-3.35,2.8481,3.1003,2
0.72676,4.5268,4.6189,2.0225,0.89749,10.147,-1.5742,1.6688,1
1.7775,0.73055,1.5639,1.855,1.4873,-2.1205,0.11413,0.86487,1
0.70312,1.4038,-0.29905,-1.5511,6.3932,-1.1629,-0.74151,4.7456,2
1.5836,-2.3605,0.81713,-0.40256,2.9188,-1.4004,-1.4545,0.19895,3
-0.39475,-2.4954,-0.33283,2.6839,-1.2178,4.8818,-3.2606,-0.90247,3
1.2366,3.2953,-1.443,2.9868,4.1411,-0.99242,3.0492,-1.5166,3
-0.089095,-2.3632,0.71475,2.3823,1.3381,-1.6867,3.257,-1.0146,3
2.4366,2.8102,7.0769,0.21536,3.9766,9.0744,0.54973,4.1974,2
0.31124,-2.9912,6.3142,5.1159,4.3817,7.7537,2.7996,5.2458,2
0.82145,-2.2026,3.8376,0.008928,2.2842,2.0171,-1.7821,-0.89338,3
2.076,-1.7701,3.6824,-1.7902,1.9429,-1.265,-0.38675,-0.44104,3
2.3209,2.0578,3.8305,-0.95481,3.5852,6.4015,-2.636,3.9314,2
-1.8231,-0.53025,2.0233,-1.4273,3.2024,-0.67196,-2.7398,-0.30645,1
-0.90733,1.5647,0.83952,0.25968,1.2643,-3.8509,3.7108,-0.73547,1
2.7952,-0.075165,5.1851,1.1631,6.0692,4.0484,-3.6529,5.4173,2
-1.4237,1.3855,0.5752,1.3763,0.58169,2.9575,10.84,2.5381,1
1.4242,1.5592,5.753,3.5078,2.2392,8.6523,-1.7046,2.7326,2
2.8541,3.4562,5.1462,5.0261,7.6001,3.7876,4.1618,7.9864,2
1.5721,-2.3291,0.77404,-1.0041,0.48446,3.876,1.0396,1.5016,1
1.8899,-0.5018,1.5226,0.32646,0.93405,-2.8002,-2.9338,-1.6874,3
-2.4073,-1.2095,0.94965,-1.3743,4.8342,-2.5805,-2.2696,-1.3351,3
5.8549,-0.17701,-0.28716,1.5414,3.1807,2.6982,0.68454,3.3623,1
0.039428,-0.30383,1.4231,2.0288,-0.13753,0.54506,5.547,1.7226,1
0.3589,1.7841,0.14031,4.614,-0.37913,3.0179,19.687,-0.90913,1
-2.0826,-0.20162,4.9916,1.0334,-1.9393,3.7965,-2.9779,0.16506,3
-0.43114,0.10144,0.50067,0.99199,2.7563,0.70797,-2.7731,-1.7763,1
1.2952,-2.2719,6.7658,-3.7009,3.4703,5.3044,2.6039,6.2513,2
3.5666,6.0838,0.62932,1.98,0.53999,0.066042,-0.50827,-0.31036,1
2.5479,-2.5938,4.3843,2.7844,-0.089439,3.5531,-1.8604,-1.254,1
1.3325,-2.0395,2.7829,3.3971,3.0276,9.5946,4.6118,-1.0619,3
-0.65195,-1.7155,0.38537,-0.58277,-0.023429,4.1465,-2.6646,-1.082,1
0.56903,1.61,-0.92046,-0.76903,-1.7101,-0.5213,-4.0864,4.3498,3
5.5249,-2.8376,1.2795,-0.58457,0.81082,6.9093,1.0648,0.79256,1
-2.7227,3.0396,5.5468,2.228,1.0373,5.1302,-3.8577,4.4245,2
-0.17379,-1.6631,2.4593,5.9001,-0.090972,1.1156,-4.0435,-0.70537,1
1.5789,2.2687,4.568,3.3697,5.5241,9.8475,-0.29667,1.3923,2
-2.9061,3.4653,4.9612,-0.099484,6.7344,-1.3794,1.642,5.6721,2
-0.67753,2.7326,0.28207,4.5673,1.2363,1.5762,0.016849,-0.07306,1
-1.1043,3.1448,1.1116,2.2723,4.491,7.5031,-1.2561,3.3732,2
-0.33117,-0.56053,0.75359,3.6261,1.5679,0.088254,6.9385,-0.54831,3
3.0351,1.6877,6.9722,-0.57108,5.4809,5.4334,-4.8992,6.2764,2
2.3253,1.0984,5.5087,-0.77967,2.4058,7.7283,1.2436,7.4421,2
-3.1065,-1.0831,7.808,1.1187,4.919,2.6873,0.25958,-1.3976,2
0.81082,3.5044,-0.50326,0.71113,-1.2071,1.887,-3.2595,0.045266,1
3.3819,3.0015,3.3747,-0.48203,7.6197,7.6769,3.4437,6.2133,2
-0.832,-1.1066,-0.35592,3.3253,5.3237,1.6845,0.032899,1.5958,3
4.264,-2.4124,1.0945,-1.3916,4.3033,-2.5972,1.1357,-1.47,1
-1.8596,0.1796,-0.6761,4.4905,-0.83688,-0.3146,-3.1851,0.88084,1
-0.75637,-0.3664,3.8125,3.4739,1.4799,0.8977,4.7286,4.7446,3
2.6378,2.27,5.3428,0.6384,5.4635,8.641,3.5219,4.0183,2
-0.88379,0.88177,-1.2946,2.1852,-1.8877,1.9592,-4.8152,1.6051,3
2.7584,1.7893,5.8152,3.935,5.8744,8.0315,1.8255,4.1007,2
-0.027872,0.3896,-1.429,0.33711,-0.5977,6.1778,10.091,-0.21114,3
-1.577,2.9749,4.7873,4.1791,6.3283,3.3194,0.53208,5.6932,2
-1.5199,1.3122,-1.3557,-0.84571,2.8597,4.476,5.7928,-0.28245,1
-2.1914,-0.55686,0.89499,-1.5025,-0.29129,1.4077,-0.58647,0.58633,1
3.6012,-0.37149,6.0183,5.5916,5.1662,-1.5879,1.0165,4.7427,2
2.5325,3.0849,5.0489,5.4695,4.2285,5.6496,-3.2349,0.87553,2
-2.0211,0.98089,1.6815,1.8363,5.8189,8.8651,1.9961,2.0226,2
0.17624,-2.5961,-0.75402,1.7381,1.4957,1.0297,-0.66828,1.9896,1
3.9596,3.0146,0.08435,-1.7716,0.89571,-1.9983,-2.6125,2.725,1
-0.99673,0.22041,3.9709,0.34463,0.046874,-4.9012,4.0391,3.2245,1
-1.2657,1.7631,-0.74603,3.3756,0.75013,-3.7527,2.9498,0.99031,1
1.6647,0.41812,2.0573,5.3227,-0.35856,3.0853,6.4224,-1.7458,3
-0.57959,-2.1773,0.10506,-1.2838,0.53811,-0.30368,2.6285,1.5323,1
3.3957,3.5494,4.4795,-0.64139,4.6699,8.3116,-9.1455,4.2528,2
-0.80609,0.3327,4.713,-0.016904,1.3114,-1.2926,14.51,0.60776,1
0.73839,1.2921,5.6214,-2.2152,2.9277,-0.66983,-1.105,7.1136,2
0.23945,-0.37985,-1.1419,4.2164,-1.5963,0.33305,1.8436,0.97909,1
0.83514,1.4743,5.1619,-3.3544,5.8671,3.1084,-3.2535,4.4335,2
0.058757,-0.75905,1.2441,1.0763,-0.91871,4.0674,2.3698,5.6153,3
-0.67023,-2.1515,1.4767,4.8231,4.7485,-0.74942,-2.2316,-0.8036,3
-0.17385,1.3557,5.0203,-1.2486,4.7616,3.2346,4.6307,5.3829,2
3.1249,-0.54107,2.6468,5.1353,7.3029,1.9266,4.0214,5.6258,2
1.9585,-1.5691,9.3422,0.57269,1.5433,-0.46366,-2.0463,-0.7412,3
-0.29446,0.51103,2.9074,3.481,5.7196,-3.1775,-1.9823,0.43064,1
0.008663,0.57623,0.98633,-1.2866,4.6671,4.4341,2.3044,2.118,2
-2.349,-1.9135,-1.1793,4.3075,-1.3529,3.0697,-3.6666,2.4468,3
2.5377,-2.9992,7.5163,-0.43044,3.1649,1.4598,3.9286,3.846,2
-1.5739,-1.8824,1.6919,-1.0692,0.3605,-2.2177,6.3219,3.6705,1
-1.3533,-2.4892,-0.02102,-0.53838,1.1904,-1.7288,2.4241,-1.006,3
-0.17042,-0.1339,6.0663,5.4043,7.3231,1.3697,-0.6433,6.2762,2
-0.08492,3.2439,-1.9195,-0.072944,1.2255,0.24107,5.2646,3.2116,3
2.8847,-0.10135,3.4486,4.5835,4.2123,4.423,-5.4516,4.6775,2
-1.7275,1.0619,1.4641,-0.66338,-0.61044,1.5306,10.445,-1.3384,3
-1.3368,1.8492,1.2621,4.1577,-1.1231,2.9388,-2.9451,-1.2229,1
2.1516,1.9499,5.351,-1.3336,7.3161,10.441,-3.5813,4.6537,2
-0.59572,-1.5332,2.7815,-0.88302,0.13505,-4.0304,3.0662,4.3244,1
1.8728,0.8909,-0.12362,2.685,-0.87135,4.7628,-0.58451,-1.2151,1
-2.2014,0.000751,0.82944,-0.27388,-1.2323,1.1052,6.0172,0.63955,1
2.8626,0.42408,4.2946,0.18083,1.9072,7.6116,3.1814,5.3684,2
1.8664,-1.5258,-0.28782,-0.57303,-0.24195,2.1609,0.4972,-0.70183,1
-1.8064,3.2236,2.2061,1.1292,1.8877,0.95555,2.2842,-1.9794,3
1.4717,1.2171,3.9734,-1.2272,6.3498,3.0189,2.9655,6.5041,2
-1.6556,0.88402,1.339,-0.59683,2.3558,3.9212,4.072,2.2535,1
1.9926,1.0579,6.0222,2.0335,1.4934,2.0205,-3.2536,1.2938,1
0.008776,1.9418,-0.088757,0.30937,-1.1315,5.0109,-3.338,4.3398,1
3.3871,3.4116,5.9989,3.6364,7.5532,0.85561,-0.87513,4.5364,2
1.4038,3.4606,2.9208,5.9329,6.8209,1.1495,2.8018,6.3554,2
-1.0733,-0.44196,2.7566,-1.5708,2.7242,-2.1335,-0.40061,0.67063,3
-1.2155,-1.9773,1.4456,5.0271,1.7932,-2.6961,4.9165,-0.5071,1
-2.0107,1.3561,-0.73482,0.17263,-0.26507,2.4235,-4.3238,-0.45972,3
2.4346,-2.3175,2.8943,1.8057,6.4822,6.8049,3.9945,1.2102,2
4.6687,1.3142,0.53797,-1.2531,-0.07537,-2.5316,-2.8553,2.0375,3
-2.1799,2.6308,5.5203,-2.72,7.9549,0.88109,-0.289,7.081,2
-0.76796,2.2276,3.4301,1.6056,3.3601,-3.585,-2.0371,-1.2638,1
-3.0072,4.932,5.7824,1.1416,-0.79522,-2.0941,-3.259,1.1375,3
-0.7587,-2.2989,6.3122,0.014774,-0.52064,-2.9119,7.7409,1.3727,3
2.74,2.3089,5.1452,2.6789,2.9008,4.0268,1.5474,-1.2779,2
-6.057,0.078452,4.7297,-0.50278,5.3837,-2.9892,-3.3889,5.5687,2
-1.295,-1.6879,1.237,1.1677,-0.67294,-2.0667,3.1383,-0.21319,3
-0.10719,3.9552,2.7652,-1.2336,0.11518,2.1052,1.9061,1.7124,3
-2.6011,-1.2746,-0.061097,-1.0703,3.0065,-2.6476,5.9103,1.0661,1
5.2334,-1.5897,1.4807,-1.3665,2.5592,-2.9792,-1.4615,-0.17699,3
1.5239,1.5134,5.2789,0.79017,5.1337,2.5976,3.6101,7.0557,2
0.30293,1.5984,4.0775,-1.6377,3.6527,0.94234,13.826,-0.6027,3
2.7175,-0.16136,5.7572,-0.099122,5.3416,7.2595,-7.1841,6.4793,2
0.21061,-2.7484,-0.50576,-1.8186,-1.6503,0.55019,1.3915,-0.008546,1
-0.89952,2.3343,3.6923,0.3457,-0.59937,6.9967,-1.7438,1.5645,1
-1.2596,2.1036,5.548,2.5992,0.21038,4.5105,2.8936,-1.1856,3
3.2966,-3.173,6.0085,2.2224,4.6509,1.1905,4.7519,6.5808,2
-2.0906,1.2038,0.84886,1.7217,1.0655,-1.1708,-2.412,7.4731,1
-0.17492,1.3429,0.81254,0.92959,0.84825,-2.4253,3.2098,-1.3264,1
1.4887,1.5804,7.6565,3.4452,7.0156,4.3997,-0.87438,7.3825,2
2.4281,-2.9368,-0.86095,-0.73484,0.1768,0.69433,-3.0889,-1.8865,3
-1.7666,3.1333,0.74461,4.1065,3.3193,0.19346,10.666,-0.29469,1
0.43154,1.4124,1.5613,-6.0868,6.3033,4.549,-2.4341,4.5388,2
-0.52073,3.4941,4.5922,-10.471,4.3325,2.3454,5.2108,4.1181,2
2.5583,0.42472,0.55603,0.48936,-0.31589,-2.9722,-3.2574,0.29746,3
-1.6068,-1.9906,1.6241,-0.35638,2.259,0.70064,-1.8512,-2.0287,1
-0.17071,1.4013,3.0626,-0.006804,6.7927,3.4315,2.3097,7.7608,2
3.0235,1.6521,7.4302,-2.8221,4.6986,5.216,-0.20164,7.8627,2
-0.38523,-1.8413,2.5911,1.5522,4.0877,-4.0228,-2.2376,0.98834,1
0.96794,2.7812,5.2369,-0.30001,7.4756,-4.5439,-3.9096,8.0029,2
0.56342,-1.3476,4.0903,5.0067,4.7003,9.7573,4.2036,4.5749,2
2.2354,1.7364,1.7042,-3.0197,4.5814,6.418,-3.2916,7.3051,2
1.9016,-0.96097,7.963,-5.9275,6.1424,3.5726,3.7129,4.5994,2
-1.0392,2.8789,2.7999,-0.73673,2.1796,2.6549,6.2348,-0.21903,3
-0.66743,3.0895,-1.9578,0.97408,-0.66534,6.6383,-1.1056,0.9975,1
-1.4874,-1.0585,0.084443,1.9726,3.04,8.9364,-4.573,-1.9784,1
-0.95986,-0.5019,7.3701,4.2802,6.0228,8.3716,2.7988,6.8272,2
-0.82485,-1.9791,2.2617,4.833,-0.2112,-0.82993,5.9896,-0.70386,3
-0.81652,-0.73791,-0.95253,-0.72314,-1.6716,6.7912,3.258,-0.18176,1
-2.8992,-2.8429,6.0333,0.25129,-1.012,-1.3786,11.438,1.7678,1
-1.9109,-2.6233,-1.2285,-0.4896,0.20336,2.4993,-1.6584,-1.5135,1
0.27215,3.5502,5.7455,-0.66949,2.1042,7.0621,-0.46988,3.6727,2
-1.4164,-0.074162,1.0242,-0.038194,-1.3509,4.0188,-1.6891,0.82881,1
0.066198,-0.34249,0.78784,1.7733,-0.47019,-1.6983,-1.9581,5.5744,1
-1.1865,-1.677,5.8184,3.1878,1.7761,0.78629,-2.9721,2.4958,1
1.2829,1.4406,-0.79634,0.23555,1.1449,2.6463,0.017787,-0.48598,1
-0.81725,-1.0864,-0.42299,-0.96119,0.61547,3.8355,-4.353,-0.81573,3
-0.84802,-1.9512,-0.76643,2.2643,1.2827,1.5988,-3.5262,1.4247,1
-0.99048,-0.84758,2.6928,-0.0961,0.69507,1.171,-2.6169,-1.0173,3
2.8142,3.8932,0.13831,1.3505,1.6045,-0.12037,3.7075,3.2676,3
-1.1477,6.696,0.3787,-0.12457,3.1603,-1.4674,4.1183,-0.20948,3
2.3385,-1.9633,1.9318,3.4563,-0.19055,-0.51526,2.8701,-1.3453,3
1.2528,-1.6996,4.5485,-9.6408,4.8675,9.5007,1.0181,2.6495,2
1.8681,-3.4158,2.6908,-0.38405,2.6377,6.389,0.22056,3.4053,2
1.6546,-0.4447,7.3553,-3.7032,2.7933,6.0675,1.9981,7.0164,2
0.69631,2.7674,1.0226,1.9289,-0.73024,4.925,1.4598,-1.2933,1
-0.39162,-1.0605,2.0426,-0.45888,1.247,-3.5511,1.6455,0.17186,1
-1.7953,-1.8821,2.064,2.2349,0.27934,0.87552,5.7204,1.3478,1
-2.1726,5.0935,-0.28272,1.6249,0.039093,8.8899,5.7325,5.8702,1
1.5337,0.34649,5.0985,5.4886,6.8318,6.2001,-4.2314,4.6466,2
2.3678,-1.5273,0.89055,1.0131,-1.0637,-4.3321,-2.4696,1.8997,1
0.036229,3.1785,2.8208,-0.62674,3.3091,4.2487,4.8689,0.56829,1
-0.92751,-0.063887,-0.9597,-0.98757,0.51017,-1.7674,3.5008,0.3711,1
-1.3757,3.5205,1.585,2.3318,0.00038,3.1567,2.0215,0.73459,1
1.1621,0.26016,-0.94195,-1.7099,2.3087,-1.6321,3.364,4.7752,1
-2.4552,-2.5793,2.8683,0.63284,4.0398,6.4015,-3.7474,1.6589,3
-1.7547,0.13757,7.7168,0.54043,-0.54858,4.0577,-4.4368,0.44872,1
0.25433,-0.4733,-0.36973,4.9206,0.95164,3.6375,-1.4608,3.039,1
-0.54815,3.8682,7.8726,-4.3474,3.1732,-0.19999,0.79775,6.9598,2
-2.5822,-1.77,1.3068,1.9175,-0.74091,-0.27491,3.6594,4.3639,3
-0.98074,-1.4655,-1.713,-0.27789,3.5283,-0.34911,0.17446,-0.60803,3
-2.1467,-0.068274,-0.11915,0.93271,-0.61813,-0.23652,1.7618,5.3165,3
2.967,-1.4409,-0.617,-0.50077,3.8095,-3.4513,-3.8683,0.36757,1
4.1203,2.6399,0.16725,-1.4192,7.1787,-0.29546,6.0811,2.6979,3
3.2584,-0.074523,0.23905,3.1497,-1.2507,10.216,-1.1193,3.9474,3
2.2033,-0.092001,6.636,4.7156,5.8476,9.5023,2.8486,2.9061,2
-1.7108,1.6865,0.45399,-0.65997,-0.064502,2.0105,-3.0401,0.13282,1
3.6374,1.9245,5.8937,2.8875,1.0702,-13.072,-1.0451,3.4748,2
-1.339,2.2019,2.9081,3.3055,0.61674,-0.57791,2.2602,5.456,1
-2.0346,-1.7371,-1.2789,-0.96358,-1.2049,1.6205,4.9731,2.0676,1
3.8722,1.7211,6.2868,1.8276,2.7912,9.4141,-0.38383,5.9599,2
-1.4632,-0.32572,0.16216,5.4145,2.4378,3.7831,-3.3428,0.60088,3
-0.073793,-1.8719,-0.59654,-0.089262,3.4506,5.6377,1.0453,1.7547,3
-1.7535,-2.4704,-1.1014,2.6628,-1.208,-0.97062,6.8209,1.9112,1
2.0227,-1.7129,4.5712,1.4724,1.8896,-3.1721,1.3229,5.9779,1
3.2249,-1.2743,0.90084,1.6668,0.96968,6.3149,-4.0376,-0.76672,1
-0.74069,1.7842,7.6294,-5.1977,5.3456,-0.61406,3.6091,6.0075,2
-1.8802,-2.6359,1.8569,-1.1328,1.6422,9.6466,0.97169,2.348,1
4.7507,1.1379,-0.54944,1.6093,-0.19202,3.5695,9.9751,-0.7138,3
2.3043,1.0635,3.2297,-1.146,-1.1525,1.881,0.12744,0.73113,1
0.87938,0.96527,-0.94446,0.77858,2.3962,-0.18889,4.2841,4.3532,3
-1.2732,0.64307,7.4988,-0.87028,6.7243,8.14,-7.6066,5.2776,2
3.5724,3.6121,4.4739,-7.6488,6.1493,5.787,3.4191,5.6271,2
1.6062,2.9192,6.3237,1.1577,6.7156,7.9495,3.8514,4.3942,2
-1.7592,6.3691,1.1605,2.4691,2.1879,2.0922,-0.083233,2.1835,3
0.45624,-3.714,3.1587,1.1286,6.4199,10.005,3.4484,6.336,2
-2.0426,3.6837,3.9928,1.9079,6.9795,9.294,-5.5065,3.2721,2
0.48739,-2.1351,2.6621,-1.162,2.4167,0.49082,-0.94336,2.3476,3
-0.67999,-2.2251,-0.93592,-0.018481,5.5863,-0.49614,0.53415,-0.6004,3
3.685,2.7499,7.0865,6.2774,4.7125,-4.7704,-1.8789,4.7984,2
1.7632,-0.0239,-0.48234,-1.9874,-0.38964,0.87387,-1.5002,-0.9159,3
1.1132,5.2474,1.5132,3.718,1.3592,-2.4585,2.957,5.9849,1
1.9733,1.7403,-1.9568,-2.0264,0.88671,-2.5996,-1.8512,-0.91268,1
-0.61886,1.7574,5.4234,6.4362,5.8847,8.0079,3.8565,2.4624,2
2.4818,-4.5397,5.8249,2.8742,6.8977,10.262,-1.2092,6.0745,2
1.3324,-1.3134,2.6889,3.3386,5.4648,8.5546,4.2166,5.3929,2
2.3096,2.3191,2.969,3.2043,-0.39768,5.5315,-3.8343,0.25451,3
-2.1658,0.017658,0.77261,1.498,-0.2397,1.3016,-0.7684,-0.32751,3
3.0841,-3.957,4.9869,1.8174,5.7902,3.2306,0.93394,4.5914,2
-0.54639,1.962,0.14033,3.9642,4.5771,2.1232,2.5652,1.0614,1
2.5932,3.0979,7.3328,1.0458,6.389,4.184,-6.093,0.70429,2
-0.60022,2.5117,1.9031,-0.44831,-0.51729,-3.3095,-3.8963,0.01209,3
0.73667,2.1449,2.3767,3.7384,7.9813,5.0688,-3.1311,4.6099,2
0.69356,1.9708,6.5019,-1.7116,4.7076,6.576,0.75943,2.6977,2
-1.5004,0.67131,5.334,-0.39048,0.28673,-1.3434,-0.45616,1.6156,1
2.327,1.2603,6.1127,6.9976,6.0498,-5.0209,-4.1957,4.4937,2
-2.3828,-2.0309,0.42361,-1.1342,0.87928,-3.447,0.91435,-0.33358,1
-1.8112,0.30232,0.49527,0.069017,-0.66303,-2.7819,4.1634,-0.32078,3
-2.3962,0.48314,0.1835,-1.007,2.326,10.247,1.3498,-0.82496,1
0.041589,-1.2754,5.8343,0.47319,3.6476,6.7523,-0.26184,3.3107,1
2.2184,2.2296,6.0856,3.1111,5.2175,6.7966,0.68808,3.2699,2
0.61271,0.41979,-0.27801,-1.1973,0.53531,1.098,1.8659,-0.26603,1
-1.9882,1.3919,0.46676,-1.391,-1.3674,2.5526,-0.13635,-1.7553,1
2.9859,1.5218,5.8545,-3.3376,4.4894,6.3453,0.12004,2.1134,2
-1.3188,-0.86958,0.57172,-1.4748,-1.0671,-0.013129,-2.0069,2.4762,1
0.80959,-2.5348,4.7961,1.8514,2.7204,-2.7247,0.64852,3.7224,3
1.4411,1.6843,6.4658,-2.893,4.1899,9.1681,4.0788,7.6267,2
1.3637,-5.0596,5.6167,-3.6907,4.2405,8.9248,-0.11834,6.3194,2
3.8842,-2.7876,0.73216,0.94566,3.4036,3.1939,3.3983,-1.3455,1
2.9792,-1.5216,1.3535,1.3608,1.7563,2.1185,-2.7214,-0.60026,1
-1.1755,-1.849,0.058989,-0.57117,-0.61547,0.070664,-0.78411,-0.86077,3
-2.5336,-1.0851,0.3361,2.9028,2.0761,-2.1919,11.706,0.43518,3
3.402,0.60298,5.7799,3.3482,4.7135,-0.14295,5.3282,6.6267,2
-0.15077,-0.30414,5.0752,-1.1216,2.0726,4.2081,5.1715,3.9041,1
2.8069,-0.18726,1.6087,-0.095953,-0.19395,-2.6179,0.099901,-0.56527,3
0.21567,2.3481,6.1171,5.7146,3.2673,8.1017,2.0367,6.0515,2
-1.1186,0.098053,-1.2638,0.98125,1.1773,-2.3768,6.4176,1.7363,1
3.007,5.8192,-0.28587,-0.71142,4.0242,1.9994,-4.4201,-0.8908,3
-1.0812,-0.30856,-1.4938,-0.26646,0.006328,-2.5369,2.9271,0.55095,1
1.9485,2.3643,2.5685,2.484,6.6533,1.5923,-1.3574,7.1353,2
-1.196,6.3408,-0.57074,2.06,-1.0558,-1.9442,-0.17064,1.5266,1
-1.2175,-0.39532,-0.76207,2.019,-1.41,1.2008,4.2437,-1.6176,1
0.9831,-1.1563,4.2487,6.528,7.2051,7.185,4.505,3.8544,2
5.0141,1.2807,-1.0571,1.3068,3.4383,6.0973,8.2738,0.9027,3
3.7682,2.4945,0.75342,4.0067,1.8364,-3.3598,-0.003227,1.1558,3
1.9357,0.024414,0.014278,-0.7729,2.1879,0.65804,10.919,0.97981,1
-0.65182,0.38983,-1.0168,-1.0527,3.8648,0.65734,-2.035,-1.8084,3
1.9072,-2.4443,2.2835,1.8612,2.5258,-0.37988,5.8054,0.43812,3
-0.34079,2.308,5.4725,2.4721,5.2494,1.6045,0.6493,4.5099,2
3.0515,0.61846,3.3778,-1.0064,4.132,-0.43266,0.38994,2.4819,1
-1.3733,-0.019177,6.6814,5.495,6.5185,10.521,0.92122,5.1191,2
-1.9648,-0.68207,4.2744,4.5454,7.3541,8.3989,1.2191,5.4137,2
2.1718,1.0758,2.953,0.83051,6.7289,1.9424,4.8769,6.532,2
1.1824,3.176,-0.53805,6.3386,-0.23233,8.3881,5.0911,-1.254,3
0.55528,1.564,6.3158,5.0051,6.3579,8.7304,2.5935,6.4351,2
-1.5342,2.7782,0.2866,0.11474,0.69722,-0.61656,2.3635,0.78088,3
5.0155,4.5954,2.5773,3.4406,-1.8305,0.15977,-2.5994,-0.72689,3
0.32151,0.55348,7.0401,-1.547,4.2056,9.8673,1.7007,3.4247,2
0.91826,-4.3208,5.0732,-2.4364,6.3822,6.2443,3.6877,4.9633,2
-1.7401,-1.399,0.96246,0.12458,-0.33379,7.3226,0.048908,1.7381,3
-1.901,-1.092,2.0495,0.2361,0.71868,0.611,5.2233,0.82592,1
2.7537,1.2928,6.6529,4.1368,2.2862,5.8587,3.2639,5.9066,2
-0.003976,-1.0927,-0.62784,1.8157,2.4735,0.66812,2.9394,0.15403,3
-0.50485,-2.1106,3.7915,6.5095,6.5542,7.4196,1.0104,0.7168,2
0.44965,2.6785,6.0674,-2.0637,2.4844,8.1254,3.0488,6.4729,2
-1.6055,-2.2148,6.6158,2.6301,4.4388,-3.2459,6.5335,1.0925,3
0.089863,-0.10247,-0.50999,0.54893,-1.8693,8.1971,0.4534,1.7728,3
2.7316,0.12281,6.6355,2.9772,1.9869,6.7281,3.6594,5.0453,2
1.2656,0.78848,4.4506,5.1663,6.1351,0.26489,4.3396,4.801,2
-2.2233,-2.0525,3.6311,1.4508,0.78579,-2.0391,2.6527,1.0408,1
3.4899,2.5617,2.1949,4.6049,3.6642,7.0354,4.8692,4.5282,2
6.485,4.4083,-0.36817,-0.55331,2.3565,-0.66476,-1.2026,-0.58903,3
-1.5401,2.1996,4.3666,4.093,0.10375,0.1538,-2.5618,3.1744,3
2.2399,3.1672,1.2261,-9.4026,5.8391,7.7013,2.8641,4.5761,2
-0.70652,1.7029,-1.305,4.0761,-0.44733,11.72,-2.833,0.42226,3
0.1726,-1.1554,5.6372,8.1893,0.18489,4.2487,1.871,1.4545,1
2.3503,3.5304,2.6057,-0.15196,7.0593,0.11453,1.6917,2.112,2
-0.31187,-0.17463,-1.5409,-1.4469,2.732,0.43502,4.0677,-1.6706,1
3.4118,2.782,4.6148,2.5935,4.6104,-1.0417,-2.1911,0.46445,3
4.7078,0.66536,3.4665,3.4069,-1.2512,2.2449,-2.3506,2.8013,3
-1.4503,2.7221,2.1561,-0.47687,-0.14565,0.50726,4.1037,-1.9228,3
1.5067,-2.8186,2.0906,1.1191,5.5686,-0.46574,-1.2617,3.3029,3
2.4774,-0.30422,3.6665,-4.248,7.8384,10.844,2.308,6.7257,2
-0.66814,-2.0927,-2.0231,0.83835,-0.78382,-2.0917,-1.4048,1.339,3
-0.23566,1.6342,4.7596,-0.81104,0.44363,1.3835,4.7017,-0.717,3
-0.22859,2.5306,5.3133,-4.5683,5.6631,6.1494,4.0901,6.1445,2
-0.24157,-1.9501,-0.33244,0.83829,1.0599,1.6689,-2.101,-1.0437,3
2.1629,1.9465,2.7478,5.9199,5.7768,5.7435,3.3644,6.8859,2
-2.0871,1.1439,1.9357,0.098288,-1.3356,7.1503,-4.2044,-1.1332,1
1.7231,0.87754,3.8702,-0.1403,-0.053222,-2.1148,-2.9752,1.4425,1
-2.9592,-1.7977,1.084,-0.58253,-0.16867,0.64569,2.2962,-1.3189,3
0.2475,3.1365,4.2303,0.85952,6.0026,-1.9816,-4.1204,0.29503,2
-1.2678,-2.0392,3.2647,0.25464,3.7259,-3.4671,-2.3933,0.22472,1
1.9673,2.2823,0.9373,1.3355,-1.4546,2.5624,6.4467,-1.1407,1
-2.5059,-2.0028,3.1583,0.15535,-1.5389,0.71346,9.8437,5.4584,3
0.84594,0.2973,4.8843,0.81197,5.3184,-0.51933,-4.5511,1.8929,3
-1.9381,-2.5712,2.5907,-4.4612,7.858,3.4314,-0.74651,6.6061,2
1.3888,1.3303,4.48,-4.1442,6.1575,-0.64352,1.8194,2.0022,2
-1.0166,3.6925,6.5622,6.6441,-1.6349,8.4971,1.4448,6.5602,2
-0.18837,3.6272,-1.8008,-1.8498,1.7753,-0.046843,3.8023,2.7276,3
0.3589,1.7841,0.14031,4.614,-0.37913,3.0179,19.687,-0.90913,3
2.0058,0.97718,6.9653,0.23708,3.3629,-4.3613,5.8858,-1.0058,1
-1.1601,0.90146,2.0929,1.4726,0.088619,-0.73599,-3.9494,1.3232,3
-1.1354,2.2016,0.83757,8.7986,1.612,3.6441,-2.815,0.95401,1
1.0911,-1.2963,-0.51492,1.3858,2.6206,-2.8562,-2.7013,4.4565,1
0.55016,2.8201,6.5644,-10.86,7.9779,6.0652,-0.2892,7.3451,2
2.2984,1.2768,5.7017,3.3478,4.7166,5.6128,-0.68624,5.2431,2
0.8054,0.31522,-1.0157,3.1007,3.8157,7.5737,-0.84305,6.6849,2
-1.9335,0.65777,4.6845,1.9556,7.8175,5.2956,-0.72018,3.4888,2
1.9739,1.7876,2.063,-1.5374,0.81452,-1.1052,-0.51595,-1.5613,1
0.62008,1.2034,6.1656,0.38758,6.822,6.0688,-1.7943,6.8705,2
-2.0603,1.6217,6.1732,5.8056,6.015,4.7927,0.32241,6.3189,2
-0.86416,2.6381,-0.11741,1.222,1.871,-3.115,-2.5074,-0.37169,1
-0.53073,0.24254,5.8294,3.3543,2.7668,2.8977,1.5764,0.49098,3
-1.2361,2.24,3.5909,0.72148,6.9441,-1.395,1.974,1.7874,2
6.6981,-1.0501,0.66226,0.21223,1.5457,-3.0882,2.7047,2.6572,1
3.1646,3.5771,5.2401,-2.9693,5.3555,2.1163,-1.3289,7.1327,2
0.6106,1.567,-1.7058,-0.76789,4.0836,1.4871,-4.3659,-1.0774,1
-4.2843,-1.7395,4.4442,2.001,2.756,5.4161,-0.66351,6.7593,2
-1.3086,-0.90419,-1.6574,1.163,0.26183,3.5078,2.2743,1.4933,1
2.437,1.2937,-0.69467,3.5681,0.1407,2.7913,8.1018,2.7339,3
-1.6952,-0.95636,-1.4076,-0.28624,-0.049275,-3.6839,0.50658,7.9928,3
0.033821,-0.30107,-0.97141,5.0686,4.7026,5.7284,1.3688,6.0936,2
0.091594,-1.7586,-0.97798,-0.16307,1.5901,-0.73491,-2.5445,-0.8189,1
2.9605,0.21935,7.2375,-1.4602,3.2279,6.123,2.6497,-0.21507,2
-1.7837,-0.94157,-1.2561,0.61438,1.0539,-2.4284,8.5893,-0.49159,3
-1.075,-2.1414,0.14545,-0.31603,0.90856,-1.0681,7.0582,1.1848,3
0.89052,-2.4324,0.32371,-0.028396,-0.53165,4.9862,5.4043,-0.48521,3
-1.9063,-2.3653,0.79202,-0.44581,-1.2055,-2.4784,0.56794,0.22361,1
1.5678,4.5429,-0.91851,-1.1462,-1.3008,1.1897,5.6849,-1.2323,1
1.5022,-1.5905,7.4165,0.32926,6.8581,1.5483,0.45686,4.7492,2
-1.2259,-0.90726,1.5443,-0.56911,-0.85777,-3.4573,-0.71785,2.1046,3
1.9641,0.98022,4.1055,-0.57287,0.008986,-1.4957,-3.8161,-0.94486,3
-0.37285,-0.82572,-0.091089,-0.57835,0.56773,-4.3249,-1.1585,-0.51057,1
0.7551,0.00384,0.43023,3.415,-0.38364,2.9663,-3.4777,2.895,3
-0.4114,1.1115,4.7564,3.6006,5.1329,6.8689,0.008967,3.138,2
-0.29557,1.9323,0.70562,3.2293,1.7083,2.7872,0.95264,-1.9075,1
4.5324,-1.1406,4.4125,-0.093874,0.51845,-1.3067,4.0257,-1.6893,3
1.074,-2.0352,2.0745,1.8731,-0.56597,-3.5724,4.0363,1.1995,1
3.054,-0.74074,7.1641,0.054492,2.594,2.4782,-1.1954,6.1836,2
5.291,3.3011,-0.10541,-0.96317,0.065807,6.6186,-0.39104,1.4279,3
2.0735,2.8324,6.3926,3.3455,7.0802,4.8989,3.9861,6.6895,2
-1.4277,1.2764,-1.6236,0.77751,-0.29681,9.1003,4.8583,0.14689,3
1.8813,2.8859,0.69882,-9.3411,6.7492,6.7153,1.7595,5.6968,2
-1.6376,-2.3703,1.8923,1.6002,1.8678,-2.7579,2.9239,0.6547,1
-1.4711,-1.2424,-1.7485,-0.16492,0.52166,-3.511,-3.658,0.76306,3
1.2284,-0.3064,-0.001945,-0.38913,-0.000608,0.50089,2.3848,-1.465,1
-2.365,-2.3299,0.49762,-0.23672,5.6739,-3.0984,-2.8706,-0.68857,3
1.7129,3.0491,6.8141,3.0571,3.8209,7.998,-0.34459,5.2841,2
1.3099,2.4236,-0.79663,0.29202,2.2402,-1.0885,-1.771,-0.83418,3
3.0918,-1.1499,7.4525,-3.4692,4.4178,1.6647,2.5347,3.403,2
0.77108,-0.088398,-1.7007,0.001069,-1.4314,-1.9072,-2.6658,0.2463,1
0.46678,0.70572,6.911,3.8077,3.9578,1.7635,-4.5469,3.4192,2
-2.2584,2.2572,6.4125,-1.3485,-2.2366,8.3508,4.5826,3.257,2
0.12919,-1.9459,2.7437,0.02569,3.2291,-3.8855,0.054582,-0.52248,1
-1.7772,-2.8614,1.531,-0.15056,-0.23623,-0.93775,-2.8909,1.4072,1
-1.2506,1.4756,4.1823,-1.4857,-1.4535,2.1203,1.8283,-0.38489,3
2.142,-2.5181,-0.51393,-1.1838,3.1289,9.9099,-0.20894,-0.51984,3
1.4501,-2.1652,6.0244,-0.24132,2.5134,1.7386,0.79635,7.6841,2
-0.1663,-2.6478,-1.3339,0.79869,-0.1541,2.9741,-1.6515,-0.84755,1
2.4699,2.0633,4.3625,6.2588,7.0048,7.1267,1.5903,5.5254,2
3.4048,1.5471,2.0779,3.5397,6.2541,3.176,5.3209,3.5656,2
6.1803,-1.4468,-0.24997,-0.083793,2.542,5.27,0.21122,0.33291,3
3.5628,-0.30568,2.1123,1.8536,5.7226,6.3304,3.4889,4.6846,2
-1.6475,-0.79765,1.3667,-0.3131,-0.49148,10.797,-0.1779,-0.98118,1
-2.243,-2.2523,-1.5899,-1.349,1.9158,1.6145,0.001784,-0.3091,3
-0.028584,-2.1192,-0.52273,-0.91683,2.05,0.95285,1.7975,0.25694,3
5.379,-0.28599,2.7727,-0.7046,0.74263,0.72123,1.1619,0.34968,1
-0.87333,1.1716,-0.52021,1.7017,7.2109,-0.52252,-1.4037,2.1982,3
-1.4325,-2.5982,0.45355,0.62452,0.16283,7.9523,3.3098,1.2849,1
0.41909,1.1137,3.0381,-1.0256,5.9404,0.66089,2.1,1.1513,1
-1.7717,5.4761,-1.4414,2.5645,0.22055,6.1891,-2.5869,5.2792,1
-1.5843,3.1228,7.9998,1.0226,0.2182,2.4427,4.7826,7.1545,2
1.3821,-0.23683,5.3961,-0.21975,2.3296,-1.6874,1.6527,-0.91151,1
-3.8353,-0.00352,2.5633,-5.5379,2.4958,6.3524,3.714,6.7518,2
-0.3146,-0.45755,5.8971,3.3936,3.1505,8.0413,2.2437,5.5934,2
0.11401,-2.3125,-1.2126,1.4779,-1.0079,-1.2249,-3.4781,2.504,3
1.1258,-1.1561,-0.94772,1.6947,2.0313,2.2252,5.4601,1.8972,1
4.2164,-1.9034,-1.1236,0.032148,3.9954,-1.6531,4.9311,-1.3212,1
-0.56464,4.415,0.27717,-1.2261,-0.33907,-5.0079,3.4588,-0.66161,3
0.37347,-0.81767,1.7853,0.88923,1.7184,-4.3985,6.3867,-1.2651,1
1.232,0.78059,-1.8407,-0.61141,-0.67382,-4.6038,6.0966,-0.76482,3
2.6903,0.74967,3.5653,-0.15181,7.1216,-4.0134,3.6119,5.5592,2
-2.5504,-1.33,2.7,6.2593,6.3547,-1.29,1.188,4.1902,1
3.1496,3.0445,0.55263,1.3752,3.4495,-0.23388,-1.5915,1.4035,3
1.8682,2.4024,2.7171,-0.82695,5.424,2.9719,3.4008,4.034,2
-0.34976,-0.92583,1.0235,1.0962,0.55848,7.2993,0.78887,1.4025,3
0.056443,0.22436,7.2581,-0.99179,5.0478,7.9007,1.8614,6.3218,2
-3.0533,-1.9785,6.5453,1.0418,7.4785,2.7983,0.58494,6.4321,2
3.5863,-0.92607,5.4694,0.50321,1.7415,4.9225,-4.1252,0.43758,1
0.69164,0.84828,-0.75533,0.38985,2.6349,2.0827,-2.471,-1.6159,1
2.038,1.2316,1.6938,5.301,6.3797,4.9702,2.2418,4.8869,2
3.6541,-2.3251,0.16594,3.4106,0.99724,-2.6413,-1.1896,7.156,3
-1.2775,2.4769,-0.44763,0.88799,5.0368,4.6175,-2.8858,-0.38118,1
-0.71704,0.85067,-1.0847,-1.0043,0.95298,4.0633,13.225,0.45523,3
-1.5633,0.87754,-0.23858,-0.16863,2.8057,-1.675,-3.9541,7.4704,1
2.5834,0.044918,6.0995,2.3954,-0.23994,2.7082,2.8617,7.1468,2
2.9275,0.46125,1.0865,0.39651,5.772,2.1847,4.9667,0.26127,1
0.013825,2.7307,4.668,-3.0741,7.0431,6.799,1.7429,6.4344,2
2.6582,0.47354,2.2032,0.80133,4.6826,8.936,3.0308,5.0039,1
0.55045,1.1481,0.43055,-1.2236,-0.6217,-0.028821,1.4818,-1.2358,3
2.2874,1.7192,4.572,-0.66426,5.1031,-8.7787,3.3101,5.2774,2
-2.7768,-2.1679,2.3655,0.83548,1.0572,1.1275,2.7198,1.1233,1
-1.6197,0.097587,-0.48403,0.62854,-0.31197,2.1005,-3.4459,0.18229,3
0.040219,2.7975,6.3714,-0.11241,4.5502,9.1474,2.0125,6.4877,2
0.043934,-2.1549,-1.237,-0.31275,-0.014529,11.88,5.0183,1.6693,1
-1.8787,-2.2954,2.0239,0.064425,-1.178,-0.97243,-0.94537,0.32433,3
-1.5652,-0.85605,0.092011,3.9426,-0.44767,2.7502,8.7549,2.0254,3
0.66116,0.50869,1.8013,-0.7218,7.355,-3.8402,2.4778,2.9386,3
-0.24021,1.0122,6.5259,4.6419,1.5599,6.5361,4.784,1.3308,2
-2.5266,-1.3163,-0.24322,1.9616,0.3672,-1.0508,-2.6646,-1.2678,1
3.6365,-0.095152,6.4082,-0.78593,5.1915,6.2249,5.1891,7.4518,2
-1.1346,0.47756,6.5541,2.6581,4.9309,2.4105,4.5287,6.4128,2
6.1049,2.2539,4.4443,6.4932,-0.57176,-1.8678,-0.9046,-0.27897,1
0.7056,-1.0507,5.1277,-3.269,4.196,10.328,3.8733,4.2996,2
1.5079,1.478,7.0887,0.8601,1.1249,6.9612,3.7126,4.7489,2
0.14918,-0.4137,3.2659,5.224,7.0291,4.3204,4.994,-1.1286,2
0.16833,1.7379,-0.2278,-0.7658,3.5956,-0.63641,5.174,0.85164,1
-0.72664,2.6186,-0.60788,3.3532,3.9795,0.13015,8.1222,-0.54922,1
-0.03001,0.29417,3.0202,1.466,-1.6224,15.131,1.6809,-0.38654,1
-0.56021,-2.7096,4.6179,1.7163,-0.79167,-0.52279,-1.7976,1.5838,3
-2.6808,0.53527,0.35106,8.0998,1.3713,-2.0206,-0.37259,0.41208,3
-0.36827,-1.879,-1.6362,-0.35808,1.9668,3.0359,2.4808,-1.4016,1
-1.9334,2.9909,0.64874,0.23647,2.733,2.5929,3.6166,1.8316,3
1.3273,3.2507,3.1575,4.3013,2.1968,2.9947,5.6324,1.6809,1
3.7107,0.38962,0.99216,0.53671,-0.43097,-2.8681,0.13734,1.7644,3
1.5385,-0.050579,6.8681,4.3641,6.3313,3.1869,-3.2039,6.0485,2
-1.7277,3.9891,-1.7893,-0.6368,-0.43575,2.5322,0.023765,3.7331,1
3.284,1.9929,6.5888,-4.4178,5.0304,7.4372,-1.7975,2.8258,2
-0.2281,-0.70768,-0.80879,-0.17209,-1.5407,1.5107,-1.7315,2.6689,1
-0.96274,-0.5382,2.562,6.9026,0.71592,3.4229,-2.7461,-0.087382,3
0.21872,0.19538,0.77817,0.49347,2.1128,-0.90018,5.8667,0.21153,1
1.4435,-1.4137,0.70239,0.39087,-0.44084,3.7562,3.8455,1.4767,1
-0.39938,0.11737,-0.5118,4.4156,-1.761,1.7102,-1.384,3.7951,1
-1.5114,2.5385,0.76278,-0.15898,0.64797,6.804,-1.434,-1.722,1
-1.2341,1.3277,8.0425,1.3303,3.0358,4.3749,-1.7131,3.3823,3
1.2956,2.2811,5.7313,5.9187,0.12195,6.8592,3.3225,0.88888,2
-1.3734,2.0414,3.1632,1.8658,-0.052453,-2.6745,2.1827,-1.9687,1
-2.6785,0.46956,-0.31422,0.60439,5.9491,0.098808,1.345,-0.6382,1
3.1636,1.2002,5.6233,-8.7297,-0.53149,6.8285,-9.6232,6.3261,2
2.9568,-0.64124,-1.9478,0.9647,-0.70538,-2.2128,-1.0818,-1.8282,3
-2.4046,2.316,6.3213,0.84855,3.062,3.841,3.1475,3.3266,2
-1.62,-0.25937,1.453,-0.1746,1.2734,0.28293,2.7177,1.8235,3
0.7756,-2.7682,1.3858,0.19333,0.29402,12.642,-3.1038,-0.43245,1
2.9755,2.4354,6.4448,2.525,5.488,0.62035,2.2943,3.9627,2
-0.15797,2.2173,4.4022,0.54917,-0.59693,9.2528,0.98176,2.7677,1
-2.9579,5.5517,0.19954,2.5366,5.9465,-1.1479,0.28745,-0.34616,1
1.2016,0.80271,1.0982,-1.008,2.3265,-2.2589,-1.4584,0.61068,3
-0.060447,1.5546,6.8178,3.5261,6.376,2.3374,-1.2945,6.5477,2
3.4018,2.4719,3.0503,-0.51854,-0.6977,-2.5198,1.1846,-0.36489,3
-0.39459,-1.4653,1.7506,-0.44951,3.2522,-3.3467,4.7264,1.0665,3
3.1677,1.5334,7.2857,5.6341,5.2708,2.9393,-3.1336,0.60156,2
0.017207,-0.92987,-1.5273,1.5799,2.9083,-0.23493,-3.012,0.55972,3
-1.5737,0.050947,-1.1755,-0.15269,1.1163,6.2556,2.2014,-1.3919,1
1.0951,-1.1179,1.1882,2.4073,0.79293,-2.0088,9.2132,-0.27555,3
-2.2162,3.2739,4.2173,-0.68241,5.1876,8.5217,0.091394,7.9296,2
-1.6056,1.249,5.7549,1.3549,5.7054,7.2396,1.4188,5.2724,2
0.78472,-0.28818,-1.1138,2.315,0.28452,-4.4774,2.2671,-0.86438,3
0.68549,-2.8062,0.66402,2.5239,0.10818,-3.6704,1.8363,4.6881,1
1.6141,0.38665,7.5146,-8.3647,3.1206,-2.6851,-4.8793,5.0464,2
1.2215,3.4038,1.1744,6.3631,0.49787,9.5303,3.7389,3.9811,2
-0.4051,0.2567,-1.7043,-0.74275,0.74543,3.826,1.1699,0.30416,3
2.4233,1.1377,1.6966,2.5121,-1.249,2.567,2.7419,1.1968,1
0.69489,3.6041,6.9357,0.89031,1.1239,9.0628,-1.8765,2.2228,2
2.2418,0.098549,2.4771,4.5332,0.80396,6.2031,2.6838,4.5438,2
3.8894,2.3703,1.976,-1.2171,-0.50625,8.6108,-3.1964,-0.68414,3
-0.82313,-1.0745,6.8088,5.1743,5.0315,9.1501,3.8512,5.2103,2
3.5191,3.5452,5.2668,2.6541,3.7338,3.2553,1.3118,6.8492,2
-2.2991,0.019225,0.67613,-0.7039,1.2398,-3.2826,2.3246,0.7603,1
-0.1192,1.1796,3.544,1.2965,-1.99,3.3245,5.5127,5.7202,1
-0.32605,2.0496,4.8552,2.7064,1.5639,-1.0275,-1.947,4.4425,1
-0.80268,-0.94721,3.2188,0.057221,1.3326,-0.1663,-2.2872,-0.49817,1
0.39885,-2.1233,2.2228,-0.88485,1.8188,1.4484,-1.5815,2.9119,3
3.5385,2.6391,7.6793,-15.895,7.3503,7.2816,-0.38605,6.8611,2
0.071471,-1.2878,-0.042279,0.83901,0.89326,2.2286,7.3497,0.2406,1
-1.58,0.13888,3.8547,0.010894,0.16946,-1.9077,-1.0887,1.9773,3
3.1367,1.6304,5.0091,-0.20991,6.101,8.8169,0.80893,6.0179,2
-0.36509,0.26786,5.6702,0.91197,-0.7393,2.304,2.5213,1.2521,3
5.5176,-1.2396,-0.60198,0.086218,1.5114,1.5061,1.3708,1.5431,3
2.5709,-1.1959,6.2882,-0.60318,7.0102,0.56704,2.4539,4.4865,2
-2.7618,-2.6993,2.5906,0.86741,2.2494,-0.022302,-0.98349,1.0671,1
0.12201,1.8835,6.0616,0.64096,5.2427,5.4656,0.24642,4.0219,2
-0.71183,-0.60065,-1.7382,2.5345,0.34301,-3.1835,-3.5223,1.2806,3
-0.045612,-0.57,0.96901,-0.74352,4.3587,-1.2483,-2.4607,-0.2206,1
-1.385,0.46964,-0.71309,-0.88208,2.3885,1.0987,-2.8726,2.5641,1
1.7188,-1.6389,6.2538,4.9781,5.272,8.2949,1.7679,7.2863,2
1.8025,0.85597,0.76293,0.28194,1.5516,6.5226,-0.11533,7.4177,2
0.73161,-2.0927,-1.1825,0.53161,2.2035,-4.6906,1.389,-0.65664,1
-2.3748,-1.1552,-0.42201,5.9818,2.797,2.0596,2.369,0.65431,1
3.4793,-1.6526,-0.5498,5.7327,7.2349,10.53,1.5658,3.9164,2
1.9733,1.7403,-1.9568,-2.0264,0.88671,-2.5996,-1.8512,-0.91268,3
-0.26593,-1.2062,0.76498,0.826,0.041371,7.5756,0.15448,3.8845,1
-0.79115,-1.3026,-0.44258,0.89466,0.04955,4.652,-2.6073,2.1334,1
0.57641,-2.3094,1.1902,6.559,3.2618,-0.27779,-1.8457,2.4218,3
0.86587,0.37489,-0.53586,2.269,-1.4415,-1.4851,-0.6645,4.1912,3
3.0702,0.92743,5.5537,3.2971,6.5938,5.1474,4.7654,4.2548,2
-1.228,-2.5107,0.76577,1.5032,2.9691,8.08,3.9342,-0.55187,1
-0.6189,0.52396,-1.494,0.265,0.4675,-3.8777,7.5989,0.081831,1
-2.5524,-1.2346,0.89349,0.53927,1.9925,0.11394,4.9874,1.9261,3
3.1581,1.6122,5.2524,4.4979,4.0802,8.6883,-1.241,6.1975,2
-1.6412,-0.24837,1.7119,5.3439,1.4508,1.814,0.35466,1.4079,1
2.0664,2.2976,2.2845,-1.8874,4.4354,7.8909,-0.71131,6.8275,2
-2.8814,-0.75329,-1.6334,1.1733,2.3914,6.1378,-2.3676,0.30298,1
-1.1199,3.1833,2.327,0.3132,0.37561,1.6708,7.8658,5.257,3
3.4365,3.4615,5.0048,-1.6503,6.9439,6.4568,3.1435,-0.26426,2
-0.46881,2.888,4.4892,-1.8039,1.1316,8.2858,6.8423,-0.63075,3
-0.048201,2.034,7.8548,2.2391,7.8852,6.5287,-0.95638,3.1174,2
0.88926,2.8115,6.2628,3.9668,3.1354,1.8269,4.4516,7.3742,2
2.1388,-3.4459,4.7237,4.2892,6.531,3.1701,-0.080948,6.4624,2
-1.6734,0.51248,2.9429,3.2927,-1.1225,7.0709,5.8349,2.7587,3
2.1387,-2.635,-0.90865,-1.1604,2.1072,-0.68193,-3.5541,2.2989,3
-0.4736,0.99095,4.7236,-0.38692,-0.50317,8.2184,-3.4567,1.152,1
-1.1422,2.3595,-1.2705,0.58204,3.6175,13.974,0.98736,-0.60509,3
2.1823,1.534,6.1361,-5.2981,3.7894,4.8759,-5.7925,4.9882,2
-1.522,2.8186,4.9026,1.3721,5.7818,10.54,2.8746,4.6765,2
1.4426,-7.9119,2.8787,3.618,2.382,6.2377,-0.2291,6.463,2
-1.7269,3.9681,0.88826,-0.46737,5.3873,2.9689,0.41016,-0.55834,3
1.1969,-1.0776,1.5506,0.4033,0.87455,-0.75071,0.47782,-1.4129,3
1.5023,0.32488,7.9831,-3.739,6.0424,1.6212,3.9493,5.8555,2
-0.067993,1.5411,2.1672,0.7243,3.1827,-1.0758,10.002,2.2622,3
-1.6626,-1.1159,-0.36526,1.4119,-0.18898,-1.0754,12.119,5.1747,3
-1.3243,-0.92623,-1.2827,3.4599,-0.47766,-0.25917,1.9338,0.41231,3
3.3392,-0.81699,2.9401,3.6251,0.1353,-3.0659,3.6422,3.2651,1
0.86092,-2.6725,2.558,5.8122,-0.46523,7.9395,-3.5168,1.3235,3
4.0563,0.18912,-0.90457,2.6161,6.2994,2.6409,4.308,4.7482,1
1.572,4.8693,1.8116,-1.6659,1.6848,-4.1951,0.28736,1.2347,3
3.7754,-0.39498,0.94863,-0.062688,-0.10602,2.3586,-2.7235,-1.3838,1
-2.4049,0.076758,1.935,1.2456,3.1776,13.424,-4.769,5.7345,3
-1.5674,-0.52045,-1.1352,3.1394,2.6943,7.7645,-3.4771,9.2181,1
2.72,2.0799,7.0262,1.5418,7.5048,9.0515,3.0413,3.3198,2
1.5808,2.9442,5.0099,-7.7475,7.5142,10.345,0.79058,5.6252,2
-0.60625,1.3564,0.13817,-0.93352,6.8862,15.749,-2.4068,2.0523,1
1.929,2.1629,5.4966,-0.37215,6.0655,2.6548,-1.4296,6.7695,2
-2.2521,3.1633,-0.19771,0.41148,-1.83,0.76792,-2.5566,4.1238,1
-1.3695,-0.41142,0.036509,-0.24926,1.5848,-0.92669,0.66889,5.3922,3
0.99719,-0.87193,-0.26364,-0.47195,-0.90566,5.4947,-0.80954,2.9298,1
7.0794,3.8218,0.85403,-0.10838,1.533,-3.1382,2.0148,2.1542,1
2.6357,-3.3522,5.2559,0.264,7.0262,2.1897,-0.088449,7.0925,2
2.472,3.6778,1.596,1.4855,4.5306,9.5087,2.6337,3.656,2
-1.8126,-1.4313,0.7002,1.4657,-1.6049,1.7753,-1.0675,2.2527,1
2.9368,0.48786,7.7422,0.76109,2.8354,8.803,2.6036,2.9229,2
3.4617,-2.2051,3.956,-6.5667,2.8346,6.9318,2.3307,7.0962,2
0.93854,-1.0533,5.2202,-0.94425,5.5811,0.55597,2.6856,5.1247,2
0.90551,2.4693,-1.4499,-1.7307,-0.21564,1.1015,1.0826,0.47326,3
1.2389,0.35048,-0.84417,-1.181,-0.74346,-3.4246,7.8747,-1.3371,3
0.88268,-3.525,6.2045,-4.5586,7.0616,3.8423,2.4691,7.2874,2
-2.7317,-1.5895,2.5894,2.3758,1.2751,-3.5193,3.6723,2.1998,3
1.3701,0.37502,5.2979,5.0032,7.8218,7.8306,-7.7743,7.0881,2
0.62516,2.669,-0.55753,5.4587,-1.6292,-2.3666,15.735,3.6684,3
-1.0702,0.36063,-0.93526,0.16564,-0.32797,1.7167,6.5284,0.85458,1
-1.5189,-1.5776,3.958,-1.3772,-0.67202,3.3718,4.7569,1.8667,1
0.67429,1.323,5.233,6.167,5.8623,3.6362,-1.182,2.1604,2
2.7228,-0.20856,-1.1295,0.75566,-0.75216,-2.8799,-4.1376,5.3924,1
-1.2219,-1.2411,0.77996,1.2043,0.94884,-0.70547,-3.1755,3.8901,1
-1.3127,-1.3398,-0.64467,0.50867,1.5173,-0.067391,0.55664,2.4729,1
-2.6122,-1.37,1.6777,-0.22384,4.2795,2.2326,-3.2047,-0.45828,3
-0.19377,0.07211,2.0925,2.3247,-1.8067,-0.98135,1.6927,3.3699,3
-0.46522,0.76504,6.2202,3.8727,4.8184,3.2058,0.6027,6.1985,2
-1.7265,-2.3114,0.7132,1.752,-0.46946,-3.0331,1.5085,-0.60302,3
-1.7565,-0.60713,-1.1237,-0.053121,-0.51831,0.35092,-1.8095,0.87913,1
0.67039,3.4396,5.8049,0.65118,3.031,1.9365,1.7079,6.1282,2
-1.8324,-1.0443,2.2181,-0.79362,2.3513,-0.84938,10.293,4.2618,1
-0.79381,-0.98843,1.9817,0.85597,-1.5524,-1.5039,-2.944,-0.67355,3
1.5774,3.7703,-1.7477,-0.42164,0.55641,-0.79805,-2.4302,2.9412,3
0.93601,0.7935,1.0904,-0.33956,1.074,8.0098,2.7574,1.9596,1
0.28897,3.2395,1.3951,1.5598,1.4739,5.9589,3.4341,7.2393,2
3.7048,3.0381,7.0955,2.8175,4.7816,8.8221,4.6047,5.4561,2
-3.8679,0.59432,1.8116,3.7838,7.7435,3.4283,-11.912,5.0309,2
-0.38845,-2.5441,-1.2986,-1.7317,-0.8739,-2.4775,11.207,3.8063,3
1.1266,-1.5189,-0.79416,0.91045,3.3918,2.0365,7.2995,-1.1301,3
0.71531,-2.5125,0.28626,6.6191,-1.5723,8.0836,-2.8642,0.57127,1
0.32405,-0.76533,2.5531,2.972,-0.48376,-0.78402,-2.5201,-1.3193,1
2.6919,-1.3898,-1.9002,-0.61672,0.57154,-1.7169,-2.2326,0.69653,1
2.8097,4.6624,0.97401,1.4345,0.34699,1.7,1.0574,-1.7489,3
-2.4321,3.2585,2.9946,2.2446,2.3536,4.6798,-1.8613,7.2204,2
1.5018,-0.68458,1.6305,-0.88287,2.5321,-1.4807,9.3263,-1.6683,3
-1.8627,-2.2416,1.7419,0.34204,0.002807,3.5485,-2.7623,1.8763,3
-2.8717,2.9781,3.2574,4.3845,6.4288,10.114,-1.8538,1.6833,2
0.42021,0.017785,6.5075,1.1853,5.4392,6.4118,5.247,3.0399,2
-1.8967,1.4863,9.931,-0.52369,-0.51486,-3.9095,-4.5258,2.5834,1
-1.5694,1.6117,2.2558,1.4232,4.082,1.9565,-1.2166,-1.5799,1
-2.02,0.77272,-0.29045,0.067713,0.44986,-2.1772,1.7889,1.1438,1
-1.4175,-0.9364,-1.251,0.86172,1.0645,-4.2527,1.5687,-0.096518,1
-1.904,1.3507,4.8575,-1.0479,0.1261,0.37194,-3.8263,0.7321,1
-0.48716,-0.55391,-1.2031,2.0834,-0.31836,9.3028,-4.9453,-0.65502,1
7.9969,-0.33674,0.9372,2.379,-0.058557,0.12342,0.061331,-1.2405,3
-1.8207,1.2395,-0.13434,4.4178,1.5235,9.0706,1.3196,4.5574,3
-1.5916,0.76878,1.7517,-0.38086,4.0633,2.7197,-2.0077,1.6086,1
1.6269,-1.1881,5.8371,-6.5495,7.4926,6.6476,2.478,2.2925,2
0.43704,1.8756,3.7979,-6.5762,4.8864,7.4416,4.3419,6.1329,2
-2.3555,-2.1631,0.12304,-1.0593,7.6404,-1.7489,0.77557,3.6506,1
2.7497,5.0989,1.9898,-1.248,0.009512,-0.22503,-2.5424,2.2068,3
-1.1907,-1.2691,0.37286,0.40139,2.3685,-2.1265,-0.4793,-0.86455,1
0.009162,-1.8216,0.41114,0.65304,0.44279,-0.73643,-4.8915,3.2964,3
0.99028,-1.5241,-1.4815,0.45029,-0.2997,-2.4521,-4.1454,2.836,1
3.2657,0.9848,0.31592,1.7669,2.2554,-1.3281,1.2001,-0.85343,1
0.5419,2.8706,7.7986,-1.1733,7.3086,9.9751,4.7878,7.2171,2
-1.3459,1.0521,1.4402,5.0156,2.2126,-4.7296,-1.5987,-0.42533,3
1.0235,1.6486,0.89338,-0.3012,-1.3123,-1.9629,-1.4161,0.56141,1
-2.7135,-0.20649,-1.0956,1.7636,1.6623,3.1314,2.0159,2.7633,3
-1.2559,-1.247,1.4756,1.383,1.6284,-2.4109,-1.3569,1.2732,1
2.7245,2.2908,6.1667,0.54815,6.7185,1.4361,-2.2275,7.629,2
1.2213,1.891,6.249,-2.8707,2.1148,5.4014,4.2877,7.2343,2
3.3272,3.0728,-0.91492,0.42876,2.281,-2.8407,2.6754,2.5588,3
2.1885,0.48099,3.0596,-2.9255,1.0851,5.8795,2.7673,7.6418,2
5.5209,-1.7417,0.94184,2.2831,-0.62277,1.1413,-0.36371,-1.0479,1
3.6425,-0.26677,4.3113,2.3696,5.3062,6.2128,5.2709,4.954,2
1.0139,7.3667,-0.54093,4.6895,0.48296,4.9749,-0.38948,-1.0105,1
-2.6709,-0.85713,-0.57307,0.57477,0.18819,5.8023,-1.0061,-1.3057,3
-2.2876,0.62493,1.4314,1.2043,-1.1759,-2.0698,0.65237,3.9243,1
-2.0825,2.9508,1.0298,-1.4027,-0.41756,-2.6107,-3.527,-0.67407,1
3.3471,-2.9769,5.0207,0.13262,4.8541,3.7866,3.1849,2.8909,2
0.88548,1.548,5.2203,-7.2068,5.3064,8.4912,0.75594,7.5453,2
-0.50362,2.7632,3.8668,3.1621,5.9031,8.5047,0.52008,4.3778,2
-0.71786,1.2579,5.1358,4.1731,5.9401,9.1982,3.9265,3.9818,2
-0.87063,-2.5512,0.65333,2.1797,-1.0249,7.6928,-0.10381,5.5117,1
-1.5995,-2.8807,-0.69745,-1.434,-1.596,-0.25709,3.9563,-0.52154,3
0.87897,1.2587,-0.93271,-1.5729,0.68164,-1.569,2.8882,-1.2974,1
2.3464,1.1696,4.6203,-4.3466,6.4498,10.493,5.0773,3.2668,2
0.96757,1.2829,5.5728,-2.5256,7.4733,6.0226,0.39685,0.46371,2
-1.843,-1.0292,-0.58697,2.5943,3.704,1.4893,3.8827,-0.16195,3
1.4835,2.3775,3.3357,2.0009,0.015148,-2.6263,3.5092,2.3177,3
-2.2637,0.14574,-0.72403,8.6882,0.36973,-4.0788,-2.0951,-0.71928,1
-2.8177,1.3817,4.9182,1.2208,2.9518,-3.5197,0.096566,-0.8552,1
-2.6149,-0.31094,-1.3748,1.7083,-1.3013,0.44782,4.0464,-0.71643,1
2.1867,-2.3636,7.1253,-1.2208,2.9772,0.24179,-1.0078,1.9082,1
-1.4581,0.72236,7.5264,5.7654,6.2293,3.1024,2.8146,5.3176,2
1.1412,-0.89486,-0.17536,1.5442,0.264,0.69183,-1.5188,3.3473,3
7.9946,-1.9277,-1.06,-0.26031,-1.3889,11.323,2.8741,1.4305,1
-0.46276,1.0822,-0.9557,5.3823,-0.36242,-2.1768,-1.4499,0.23222,3
-1.342,-0.97367,-0.26444,0.60825,-1.2736,3.3527,-2.6514,1.3723,1
3.7697,-0.31671,-1.7086,2.5787,-0.92866,-4.6789,-2.7421,-0.069243,1
-1.0256,0.079428,0.47423,-1.2422,3.5353,-3.2216,2.5709,-0.54405,1
1.2039,0.87518,5.938,-5.8878,5.9131,5.0395,-1.2319,6.4467,2
3.5568,1.2702,4.4098,3.5797,7.754,0.89853,0.84659,3.3945,2
-0.55889,-1.4928,4.7503,0.72019,-1.29,-2.4411,-0.45365,-0.7948,1
1.7259,-3.647,3.0279,4.4321,1.9529,6.8941,0.13015,6.5564,2
